x,y,z,u,v,w,p,k,nut,omega,bm
0,0,0,10.0,9.12779e-09,-4.1864e-08,1.61225e-05,0.227158,0.0141994,15.9977,0
1,0,0,10.0,9.47311e-08,8.19908e-09,1.54971e-05,0.221754,0.0138616,15.9977,0
2,0,0,10.0,9.86623e-08,-4.83021e-08,1.598e-05,0.219533,0.0137228,15.9977,0
3,0,0,10.0,1.12456e-07,-9.33664e-08,1.69042e-05,0.21862,0.0136657,15.9977,0
4,0,0,10.0,1.25626e-07,-1.32364e-07,1.80663e-05,0.218244,0.0136422,15.9977,0
5,0,0,10.0,1.31723e-07,-1.64737e-07,1.93452e-05,0.218088,0.0136324,15.9977,0
6,0,0,10.0,1.32654e-07,-1.91009e-07,2.06384e-05,0.218025,0.0136285,15.9977,0
7,0,0,10.0,1.3071e-07,-2.12788e-07,2.18671e-05,0.217998,0.0136268,15.9977,0
8,0,0,10.0,1.36946e-07,-2.38977e-07,2.29772e-05,0.217988,0.0136262,15.9977,0
9,0,0,10.0,1.3857e-07,-2.61896e-07,2.39445e-05,0.217982,0.0136258,15.9977,0
10,0,0,10.0,1.42616e-07,-2.82154e-07,2.47325e-05,0.217981,0.0136257,15.9977,0
11,0,0,10.0,1.66473e-07,-3.00739e-07,2.53676e-05,0.21798,0.0136257,15.9977,0
12,0,0,10.0,1.29705e-07,-2.95407e-07,2.58562e-05,0.21798,0.0136257,15.9977,0
13,0,0,10.0,1.14502e-07,-3.16311e-07,2.61244e-05,0.227029,0.0141913,15.9977,0
14,0,0,10.0,7.29458e-08,-3.13421e-07,2.58598e-05,0.221702,0.0138583,15.9977,0
15,0,0,10.0,6.20713e-08,-3.07601e-07,2.51786e-05,0.219512,0.0137215,15.9977,0
16,0,0,10.0,6.69338e-08,-3.05663e-07,2.41377e-05,0.21861,0.0136651,15.9977,0
17,0,0,10.0,6.9927e-08,-3.02634e-07,2.28183e-05,0.21824,0.0136419,15.9977,0
18,0,0,10.0,6.94631e-08,-2.99262e-07,2.12772e-05,0.218087,0.0136324,15.9977,0
19,0,0,10.0,6.13859e-08,-2.87374e-07,1.95558e-05,0.218024,0.0136285,15.9977,0
20,0,0,10.0,5.46706e-08,-2.76044e-07,1.76374e-05,0.217997,0.0136268,15.9977,0
21,0,0,10.0,4.86812e-08,-2.68176e-07,1.54998e-05,0.217987,0.0136261,15.9977,0
22,0,0,10.0,3.66486e-08,-2.61785e-07,1.30892e-05,0.217983,0.0136259,15.9977,0
23,0,0,10.0,1.3175e-08,-2.54469e-07,1.03061e-05,0.217981,0.0136258,15.9977,0
0,1,0,10.0,1.44472e-08,-3.83619e-08,1.55728e-05,0.227221,0.0142033,15.9977,0
1,1,0,10.0,2.18238e-07,4.61018e-08,1.50963e-05,0.22187,0.0138688,15.9977,0
2,1,0,10.0,2.29943e-07,-7.02667e-09,1.5527e-05,0.219683,0.0137321,15.9977,0
3,1,0,10.0,2.59772e-07,-4.72036e-08,1.63594e-05,0.218787,0.0136761,15.9977,0
4,1,0,10.0,2.90293e-07,-8.19218e-08,1.74185e-05,0.21842,0.0136532,15.9977,0
5,1,0,10.0,3.10878e-07,-1.12062e-07,1.8584e-05,0.218269,0.0136437,15.9977,0
6,1,0,10.0,3.28227e-07,-1.38558e-07,1.97683e-05,0.218208,0.0136399,15.9977,0
7,1,0,10.0,3.46456e-07,-1.6068e-07,2.08994e-05,0.218182,0.0136383,15.9977,0
8,1,0,10.0,3.62894e-07,-1.8596e-07,2.19279e-05,0.218172,0.0136377,15.9977,0
9,1,0,10.0,3.75347e-07,-2.04893e-07,2.2825e-05,0.218167,0.0136374,15.9977,0
10,1,0,10.0,3.85398e-07,-2.24983e-07,2.35726e-05,0.218166,0.0136373,15.9977,0
11,1,0,10.0,4.0805e-07,-2.34105e-07,2.41672e-05,0.218165,0.0136373,15.9977,0
12,1,0,10.0,3.63945e-07,-2.39723e-07,2.45731e-05,0.218165,0.0136372,15.9977,0
13,1,0,10.0,3.41752e-07,-2.55963e-07,2.47453e-05,0.227093,0.0141953,15.9977,0
14,1,0,10.0,2.71387e-07,-2.75416e-07,2.44533e-05,0.221819,0.0138656,15.9977,0
15,1,0,10.0,2.65698e-07,-2.76824e-07,2.37915e-05,0.219662,0.0137308,15.9977,0
16,1,0,10.0,2.31705e-07,-2.76642e-07,2.28242e-05,0.218778,0.0136755,15.9977,0
17,1,0,10.0,2.23001e-07,-2.78008e-07,2.15991e-05,0.218416,0.013653,15.9977,0
18,1,0,10.0,2.12053e-07,-2.81134e-07,2.01611e-05,0.218268,0.0136437,15.9977,0
19,1,0,10.0,1.91266e-07,-2.79109e-07,1.85324e-05,0.218207,0.0136399,15.9977,0
20,1,0,10.0,1.5868e-07,-2.71551e-07,1.67134e-05,0.218181,0.0136383,15.9977,0
21,1,0,10.0,1.32707e-07,-2.68102e-07,1.46731e-05,0.218172,0.0136377,15.9977,0
22,1,0,10.0,9.49959e-08,-2.70526e-07,1.23614e-05,0.218168,0.0136374,15.9977,0
23,1,0,10.0,3.80587e-08,-2.74028e-07,9.68669e-06,0.218166,0.0136373,15.9977,0
0,2,0,10.0,1.56581e-08,-3.4461e-08,1.52457e-05,0.227221,0.0142034,15.9977,0
1,2,0,10.0,1.68373e-07,3.5556e-08,1.48177e-05,0.221871,0.0138689,15.9977,0
2,2,0,10.0,1.72632e-07,-1.76443e-08,1.52186e-05,0.219684,0.0137322,15.9977,0
3,2,0,10.0,1.78574e-07,-6.03449e-08,1.59896e-05,0.218789,0.0136762,15.9977,0
4,2,0,10.0,1.83847e-07,-9.68775e-08,1.697e-05,0.218422,0.0136533,15.9977,0
5,2,0,10.0,1.80766e-07,-1.33759e-07,1.80403e-05,0.21827,0.0136438,15.9977,0
6,2,0,10.0,1.78788e-07,-1.63877e-07,1.91281e-05,0.218209,0.01364,15.9977,0
7,2,0,10.0,1.7934e-07,-1.92224e-07,2.01657e-05,0.218184,0.0136384,15.9977,0
8,2,0,10.0,1.84961e-07,-2.14294e-07,2.11076e-05,0.218174,0.0136378,15.9977,0
9,2,0,10.0,1.86121e-07,-2.36797e-07,2.19276e-05,0.218168,0.0136375,15.9977,0
10,2,0,10.0,1.93374e-07,-2.5412e-07,2.26022e-05,0.218167,0.0136374,15.9977,0
11,2,0,10.0,1.80296e-07,-2.61066e-07,2.31211e-05,0.218167,0.0136374,15.9977,0
12,2,0,10.0,1.46024e-07,-2.57115e-07,2.34377e-05,0.218166,0.0136373,15.9977,0
13,2,0,10.0,1.15841e-07,-2.72505e-07,2.34183e-05,0.227094,0.0141954,15.9977,0
14,2,0,10.0,3.81115e-08,-2.81906e-07,2.30594e-05,0.22182,0.0138657,15.9977,0
15,2,0,10.0,4.00283e-08,-2.86048e-07,2.23921e-05,0.219663,0.0137309,15.9977,0
16,2,0,10.0,3.56804e-08,-2.84473e-07,2.14608e-05,0.218779,0.0136756,15.9977,0
17,2,0,10.0,2.34703e-08,-2.8473e-07,2.0304e-05,0.218418,0.0136531,15.9977,0
18,2,0,10.0,3.78371e-08,-2.85567e-07,1.89502e-05,0.21827,0.0136438,15.9977,0
19,2,0,10.0,4.29483e-08,-2.78442e-07,1.74152e-05,0.218209,0.01364,15.9977,0
20,2,0,10.0,2.88888e-08,-2.71284e-07,1.56872e-05,0.218183,0.0136384,15.9977,0
21,2,0,10.0,6.31824e-09,-2.68451e-07,1.37431e-05,0.218173,0.0136378,15.9977,0
22,2,0,10.0,-2.18975e-08,-2.67779e-07,1.15359e-05,0.218169,0.0136375,15.9977,0
23,2,0,10.0,-7.60291e-08,-2.71523e-07,8.98904e-06,0.218167,0.0136374,15.9977,0
0,3,0,10.0,1.49757e-08,-3.94059e-08,1.50652e-05,0.227221,0.0142034,15.9977,0
1,3,0,10.0,1.25874e-07,3.83872e-08,1.46351e-05,0.221871,0.0138689,15.9977,0
2,3,0,10.0,1.39155e-07,-1.39576e-08,1.50147e-05,0.219684,0.0137322,15.9977,0
3,3,0,10.0,1.61749e-07,-5.52244e-08,1.57467e-05,0.218789,0.0136762,15.9977,0
4,3,0,10.0,1.51743e-07,-9.36128e-08,1.66639e-05,0.218422,0.0136533,15.9977,0
5,3,0,10.0,1.69663e-07,-1.28091e-07,1.76627e-05,0.21827,0.0136438,15.9977,0
6,3,0,10.0,1.43706e-07,-1.63074e-07,1.86649e-05,0.218209,0.01364,15.9977,0
7,3,0,10.0,1.46022e-07,-1.90572e-07,1.96197e-05,0.218184,0.0136384,15.9977,0
8,3,0,10.0,1.37028e-07,-2.20671e-07,2.04798e-05,0.218174,0.0136378,15.9977,0
9,3,0,10.0,1.43578e-07,-2.4486e-07,2.12148e-05,0.218168,0.0136375,15.9977,0
10,3,0,10.0,1.46757e-07,-2.64578e-07,2.18052e-05,0.218167,0.0136374,15.9977,0
11,3,0,10.0,1.10501e-07,-2.76368e-07,2.22201e-05,0.218167,0.0136374,15.9977,0
12,3,0,10.0,7.6593e-08,-2.94641e-07,2.24293e-05,0.218166,0.0136373,15.9977,0
13,3,0,10.0,4.62066e-08,-3.28126e-07,2.22013e-05,0.227094,0.0141954,15.9977,0
14,3,0,10.0,-3.03329e-08,-3.33043e-07,2.1759e-05,0.22182,0.0138657,15.9977,0
15,3,0,10.0,-1.46269e-08,-3.25682e-07,2.10667e-05,0.219663,0.0137309,15.9977,0
16,3,0,10.0,-1.6775e-08,-3.20413e-07,2.01537e-05,0.218779,0.0136756,15.9977,0
17,3,0,10.0,-2.0092e-08,-3.16241e-07,1.90449e-05,0.218418,0.0136531,15.9977,0
18,3,0,10.0,2.86917e-09,-3.05747e-07,1.77662e-05,0.21827,0.0136438,15.9977,0
19,3,0,10.0,1.22573e-08,-2.94573e-07,1.63157e-05,0.218209,0.01364,15.9977,0
20,3,0,10.0,2.25745e-09,-2.8594e-07,1.46707e-05,0.218183,0.0136384,15.9977,0
21,3,0,10.0,-1.62637e-08,-2.8048e-07,1.28143e-05,0.218173,0.0136378,15.9977,0
22,3,0,10.0,-3.83756e-08,-2.76756e-07,1.07129e-05,0.218169,0.0136375,15.9977,0
23,3,0,10.0,-8.66087e-08,-2.75465e-07,8.29642e-06,0.218167,0.0136374,15.9977,0
0,4,0,10.0,2.08984e-08,-3.99066e-08,1.48946e-05,0.227221,0.0142034,15.9977,0
1,4,0,10.0,9.66516e-08,3.91654e-08,1.45338e-05,0.221871,0.0138689,15.9977,0
2,4,0,10.0,1.15885e-07,-9.72348e-09,1.49064e-05,0.219684,0.0137322,15.9977,0
3,4,0,10.0,1.14479e-07,-4.82115e-08,1.56161e-05,0.218789,0.0136762,15.9977,0
4,4,0,10.0,1.26293e-07,-8.48932e-08,1.64889e-05,0.218422,0.0136533,15.9977,0
5,4,0,10.0,1.08416e-07,-1.11494e-07,1.74361e-05,0.21827,0.0136438,15.9977,0
6,4,0,10.0,1.16037e-07,-1.42563e-07,1.83723e-05,0.218209,0.01364,15.9977,0
7,4,0,10.0,9.76883e-08,-1.67355e-07,1.92608e-05,0.218184,0.0136384,15.9977,0
8,4,0,10.0,1.06667e-07,-1.96702e-07,2.00482e-05,0.218174,0.0136378,15.9977,0
9,4,0,10.0,1.04945e-07,-2.25253e-07,2.07101e-05,0.218168,0.0136375,15.9977,0
10,4,0,10.0,9.7434e-08,-2.4506e-07,2.12141e-05,0.218167,0.0136374,15.9977,0
11,4,0,10.0,8.24737e-08,-2.70281e-07,2.15288e-05,0.218167,0.0136374,15.9977,0
12,4,0,10.0,4.78688e-08,-2.89419e-07,2.16282e-05,0.218166,0.0136373,15.9977,0
13,4,0,10.0,6.1255e-11,-3.26573e-07,2.1218e-05,0.227094,0.0141954,15.9977,0
14,4,0,10.0,-4.51389e-08,-3.22156e-07,2.07089e-05,0.22182,0.0138657,15.9977,0
15,4,0,10.0,-3.14564e-08,-3.17502e-07,1.99991e-05,0.219663,0.0137309,15.9977,0
16,4,0,10.0,-2.46795e-08,-3.11844e-07,1.91025e-05,0.218779,0.0136756,15.9977,0
17,4,0,10.0,-2.03435e-09,-3.04514e-07,1.80363e-05,0.218418,0.0136531,15.9977,0
18,4,0,10.0,8.12517e-09,-2.92694e-07,1.68174e-05,0.21827,0.0136438,15.9977,0
19,4,0,10.0,5.46876e-09,-2.80047e-07,1.54282e-05,0.218209,0.01364,15.9977,0
20,4,0,10.0,4.6234e-09,-2.72765e-07,1.38477e-05,0.218183,0.0136384,15.9977,0
21,4,0,10.0,1.09705e-08,-2.67156e-07,1.20709e-05,0.218173,0.0136378,15.9977,0
22,4,0,10.0,-1.43548e-08,-2.61491e-07,1.00587e-05,0.218169,0.0136375,15.9977,0
23,4,0,10.0,-4.57574e-08,-2.60964e-07,7.75326e-06,0.218167,0.0136374,15.9977,0
0,5,0,10.0,1.38093e-08,-3.40277e-08,1.49522e-05,0.227221,0.0142034,15.9977,0
1,5,0,10.0,5.04367e-08,3.97222e-08,1.45027e-05,0.221871,0.0138689,15.9977,0
2,5,0,10.0,7.43716e-08,-9.48736e-09,1.48627e-05,0.219684,0.0137322,15.9977,0
3,5,0,10.0,5.70478e-08,-5.10938e-08,1.55365e-05,0.218788,0.0136762,15.9977,0
4,5,0,10.0,7.80898e-08,-8.17646e-08,1.63791e-05,0.218422,0.0136533,15.9977,0
5,5,0,10.0,4.48838e-08,-1.16192e-07,1.72767e-05,0.21827,0.0136438,15.9977,0
6,5,0,10.0,5.15258e-08,-1.39847e-07,1.81733e-05,0.218209,0.01364,15.9977,0
7,5,0,10.0,3.56285e-08,-1.67646e-07,1.90085e-05,0.218184,0.0136384,15.9977,0
8,5,0,10.0,4.47336e-08,-1.90329e-07,1.97492e-05,0.218174,0.0136378,15.9977,0
9,5,0,10.0,4.50336e-08,-2.14706e-07,2.03506e-05,0.218168,0.0136375,15.9977,0
10,5,0,10.0,5.02716e-08,-2.37883e-07,2.07961e-05,0.218167,0.0136374,15.9977,0
11,5,0,10.0,2.35404e-08,-2.48276e-07,2.10449e-05,0.218167,0.0136374,15.9977,0
12,5,0,10.0,9.31478e-09,-2.62833e-07,2.1075e-05,0.218166,0.0136373,15.9977,0
13,5,0,10.0,-2.18696e-08,-2.84533e-07,2.05558e-05,0.227094,0.0141954,15.9977,0
14,5,0,10.0,-4.38925e-08,-2.84275e-07,2.00267e-05,0.22182,0.0138657,15.9977,0
15,5,0,10.0,-2.46592e-08,-2.75466e-07,1.93192e-05,0.219663,0.0137309,15.9977,0
16,5,0,10.0,-2.15764e-08,-2.71486e-07,1.84449e-05,0.218779,0.0136756,15.9977,0
17,5,0,10.0,-9.56864e-09,-2.6508e-07,1.74141e-05,0.218418,0.0136531,15.9977,0
18,5,0,10.0,-2.86137e-09,-2.58728e-07,1.6228e-05,0.21827,0.0136438,15.9977,0
19,5,0,10.0,-7.10079e-09,-2.46669e-07,1.48748e-05,0.218209,0.01364,15.9977,0
20,5,0,10.0,1.67884e-08,-2.40264e-07,1.33469e-05,0.218183,0.0136384,15.9977,0
21,5,0,10.0,1.05308e-08,-2.34411e-07,1.16294e-05,0.218173,0.0136378,15.9977,0
22,5,0,10.0,6.85338e-09,-2.3638e-07,9.67813e-06,0.218169,0.0136375,15.9977,0
23,5,0,10.0,-1.1869e-08,-2.32813e-07,7.44156e-06,0.218167,0.0136374,15.9977,0
0,6,0,10.0,3.659e-09,-3.64104e-08,1.49505e-05,0.227221,0.0142034,15.9977,0
1,6,0,10.0,1.56914e-08,4.09328e-08,1.44946e-05,0.221871,0.0138689,15.9977,0
2,6,0,10.0,9.74422e-09,-1.0013e-08,1.48346e-05,0.219684,0.0137322,15.9977,0
3,6,0,10.0,2.91289e-08,-5.23305e-08,1.54793e-05,0.218789,0.0136762,15.9977,0
4,6,0,10.0,1.42654e-08,-8.38013e-08,1.62863e-05,0.218422,0.0136533,15.9977,0
5,6,0,10.0,2.559e-08,-1.20263e-07,1.71512e-05,0.21827,0.0136438,15.9977,0
6,6,0,10.0,9.06611e-09,-1.45641e-07,1.80163e-05,0.218209,0.01364,15.9977,0
7,6,0,10.0,-5.27471e-10,-1.74219e-07,1.88225e-05,0.218184,0.0136384,15.9977,0
8,6,0,10.0,-1.33319e-08,-1.93298e-07,1.95377e-05,0.218174,0.0136378,15.9977,0
9,6,0,10.0,1.25213e-09,-2.13755e-07,2.01167e-05,0.218168,0.0136375,15.9977,0
10,6,0,10.0,-5.81516e-09,-2.26922e-07,2.05409e-05,0.218167,0.0136374,15.9977,0
11,6,0,10.0,-1.82919e-08,-2.39641e-07,2.07778e-05,0.218167,0.0136374,15.9977,0
12,6,0,10.0,-2.65534e-08,-2.47474e-07,2.08059e-05,0.218166,0.0136373,15.9977,0
13,6,0,10.0,-4.11096e-08,-2.64297e-07,2.03049e-05,0.227094,0.0141954,15.9977,0
14,6,0,10.0,-3.86993e-08,-2.59714e-07,1.97932e-05,0.22182,0.0138657,15.9977,0
15,6,0,10.0,-3.69228e-08,-2.55051e-07,1.91107e-05,0.219663,0.0137309,15.9977,0
16,6,0,10.0,-3.6853e-08,-2.51933e-07,1.82554e-05,0.218779,0.0136756,15.9977,0
17,6,0,10.0,-2.48357e-08,-2.518e-07,1.7243e-05,0.218418,0.0136531,15.9977,0
18,6,0,10.0,-1.82739e-08,-2.39683e-07,1.6069e-05,0.21827,0.0136438,15.9977,0
19,6,0,10.0,-1.2013e-08,-2.38688e-07,1.47347e-05,0.218209,0.01364,15.9977,0
20,6,0,10.0,-1.24069e-09,-2.30323e-07,1.32311e-05,0.218183,0.0136384,15.9977,0
21,6,0,10.0,1.12169e-08,-2.31908e-07,1.15336e-05,0.218173,0.0136378,15.9977,0
22,6,0,10.0,1.79587e-08,-2.2535e-07,9.59987e-06,0.218169,0.0136375,15.9977,0
23,6,0,10.0,2.41702e-08,-2.28025e-07,7.38013e-06,0.218167,0.0136374,15.9977,0
0,7,0,10.0,9.23104e-09,-3.95653e-08,1.49591e-05,0.227221,0.0142034,15.9977,0
1,7,0,10.0,-3.48606e-08,3.69957e-08,1.45303e-05,0.221871,0.0138689,15.9977,0
2,7,0,10.0,-1.93501e-08,-1.69216e-08,1.48567e-05,0.219684,0.0137322,15.9977,0
3,7,0,10.0,-3.2724e-09,-5.61032e-08,1.54851e-05,0.218789,0.0136762,15.9977,0
4,7,0,10.0,2.12867e-09,-9.20601e-08,1.62648e-05,0.218422,0.0136533,15.9977,0
5,7,0,10.0,4.87799e-09,-1.20402e-07,1.71123e-05,0.21827,0.0136438,15.9977,0
6,7,0,10.0,-7.7065e-09,-1.48531e-07,1.79589e-05,0.218209,0.01364,15.9977,0
7,7,0,10.0,-1.94988e-08,-1.71493e-07,1.87607e-05,0.218184,0.0136384,15.9977,0
8,7,0,10.0,-3.00795e-08,-1.96336e-07,1.94897e-05,0.218174,0.0136378,15.9977,0
9,7,0,10.0,-1.33629e-08,-2.2068e-07,2.00953e-05,0.218168,0.0136375,15.9977,0
10,7,0,10.0,-5.5832e-09,-2.4364e-07,2.05635e-05,0.218167,0.0136374,15.9977,0
11,7,0,10.0,-1.96274e-08,-2.56939e-07,2.08519e-05,0.218167,0.0136374,15.9977,0
12,7,0,10.0,-2.45025e-08,-2.73056e-07,2.09388e-05,0.218166,0.0136373,15.9977,0
13,7,0,10.0,-3.44453e-08,-2.98244e-07,2.05417e-05,0.227094,0.0141954,15.9977,0
14,7,0,10.0,-2.39839e-08,-2.9328e-07,2.00653e-05,0.22182,0.0138657,15.9977,0
15,7,0,10.0,-3.3307e-08,-2.87269e-07,1.94008e-05,0.219663,0.0137309,15.9977,0
16,7,0,10.0,-3.11822e-08,-2.85743e-07,1.85545e-05,0.218779,0.0136756,15.9977,0
17,7,0,10.0,-2.33181e-08,-2.79733e-07,1.75407e-05,0.218418,0.0136531,15.9977,0
18,7,0,10.0,-1.55754e-08,-2.73561e-07,1.63608e-05,0.21827,0.0136438,15.9977,0
19,7,0,10.0,-5.52109e-09,-2.62484e-07,1.50116e-05,0.218209,0.01364,15.9977,0
20,7,0,10.0,6.16283e-09,-2.57878e-07,1.34873e-05,0.218183,0.0136384,15.9977,0
21,7,0,10.0,1.71452e-08,-2.47193e-07,1.17611e-05,0.218173,0.0136378,15.9977,0
22,7,0,10.0,2.92017e-08,-2.44282e-07,9.79657e-06,0.218169,0.0136375,15.9977,0
23,7,0,10.0,5.64343e-08,-2.43197e-07,7.54074e-06,0.218167,0.0136374,15.9977,0
0,8,0,10.0,3.02416e-08,-3.72973e-08,1.50942e-05,0.227221,0.0142034,15.9977,0
1,8,0,10.0,-6.70843e-08,3.66619e-08,1.46766e-05,0.221871,0.0138689,15.9977,0
2,8,0,10.0,-2.7012e-08,-1.54782e-08,1.50047e-05,0.219684,0.0137322,15.9977,0
3,8,0,10.0,5.86706e-09,-5.82198e-08,1.5632e-05,0.218789,0.0136762,15.9977,0
4,8,0,10.0,2.83693e-08,-9.32867e-08,1.64124e-05,0.218422,0.0136533,15.9977,0
5,8,0,10.0,3.6214e-08,-1.25359e-07,1.72611e-05,0.21827,0.0136438,15.9977,0
6,8,0,10.0,3.31429e-08,-1.54319e-07,1.81195e-05,0.218209,0.01364,15.9977,0
7,8,0,10.0,4.06858e-08,-1.84673e-07,1.8953e-05,0.218184,0.0136384,15.9977,0
8,8,0,10.0,1.111e-08,-2.0813e-07,1.97353e-05,0.218174,0.0136378,15.9977,0
9,8,0,10.0,5.91269e-08,-2.34481e-07,2.04256e-05,0.218168,0.0136375,15.9977,0
10,8,0,10.0,2.18234e-08,-2.47503e-07,2.09885e-05,0.218167,0.0136374,15.9977,0
11,8,0,10.0,5.06657e-09,-2.73213e-07,2.1361e-05,0.218167,0.0136374,15.9977,0
12,8,0,10.0,-3.57371e-09,-2.83215e-07,2.1527e-05,0.218166,0.0136373,15.9977,0
13,8,0,10.0,-1.98826e-08,-2.99887e-07,2.1238e-05,0.227094,0.0141954,15.9977,0
14,8,0,10.0,6.65414e-09,-3.0543e-07,2.07861e-05,0.22182,0.0138657,15.9977,0
15,8,0,10.0,-4.58979e-09,-3.01167e-07,2.01282e-05,0.219663,0.0137309,15.9977,0
16,8,0,10.0,-5.83427e-09,-2.96259e-07,1.92725e-05,0.218779,0.0136756,15.9977,0
17,8,0,10.0,-6.0227e-10,-2.93812e-07,1.82353e-05,0.218418,0.0136531,15.9977,0
18,8,0,10.0,9.02727e-09,-2.81595e-07,1.70211e-05,0.21827,0.0136438,15.9977,0
19,8,0,10.0,2.18944e-08,-2.75229e-07,1.56302e-05,0.218209,0.01364,15.9977,0
20,8,0,10.0,3.94309e-08,-2.6531e-07,1.40479e-05,0.218183,0.0136384,15.9977,0
21,8,0,10.0,5.78022e-08,-2.60599e-07,1.22558e-05,0.218173,0.0136378,15.9977,0
22,8,0,10.0,7.74318e-08,-2.54299e-07,1.02149e-05,0.218169,0.0136375,15.9977,0
23,8,0,10.0,1.15802e-07,-2.52586e-07,7.87555e-06,0.218167,0.0136374,15.9977,0
0,9,0,10.0,3.66231e-08,-3.76309e-08,1.53685e-05,0.227284,0.0142073,15.9977,0
1,9,0,10.0,-1.3329e-07,3.5588e-08,1.49527e-05,0.221986,0.0138761,15.9977,0
2,9,0,10.0,-8.16233e-08,-1.88947e-08,1.52883e-05,0.219832,0.0137414,15.9977,0
3,9,0,10.0,-3.14725e-08,-6.22012e-08,1.59285e-05,0.218954,0.0136866,15.9977,0
4,9,0,10.0,2.11123e-09,-1.0068e-07,1.67292e-05,0.218597,0.0136642,15.9977,0
5,9,0,10.0,2.23652e-08,-1.33118e-07,1.76052e-05,0.21845,0.013655,15.9977,0
6,9,0,10.0,3.41883e-08,-1.65053e-07,1.85046e-05,0.21839,0.0136513,15.9977,0
7,9,0,10.0,5.25539e-08,-1.92005e-07,1.93981e-05,0.218366,0.0136498,15.9977,0
8,9,0,10.0,2.68515e-08,-2.08959e-07,2.02529e-05,0.218293,0.0136452,15.9977,0
9,9,0,10.0,4.86288e-08,-2.32219e-07,2.10761e-05,0.227157,0.0141993,15.9977,0
10,9,0,10.0,6.00592e-08,-2.80683e-07,2.17926e-05,0.221936,0.0138729,15.9977,0
11,9,0,10.0,3.69746e-08,-2.77353e-07,2.22686e-05,0.219811,0.0137401,15.9977,0
12,9,0,10.0,2.90132e-08,-2.85728e-07,2.25097e-05,0.218946,0.0136861,15.9977,0
13,9,0,10.0,3.24014e-10,-3.02289e-07,2.22942e-05,0.227158,0.0141994,15.9977,0
14,9,0,10.0,7.99561e-08,-2.455e-07,2.18474e-05,0.221936,0.013873,15.9977,0
15,9,0,10.0,5.22115e-08,-2.48438e-07,2.11826e-05,0.219811,0.0137402,15.9977,0
16,9,0,10.0,3.87592e-08,-2.55021e-07,2.02992e-05,0.218945,0.013686,15.9977,0
17,9,0,10.0,3.98381e-08,-2.55153e-07,1.92152e-05,0.218593,0.013664,15.9977,0
18,9,0,10.0,4.04428e-08,-2.54671e-07,1.79427e-05,0.218449,0.013655,15.9977,0
19,9,0,10.0,4.35458e-08,-2.49412e-07,1.64805e-05,0.21839,0.0136513,15.9977,0
20,9,0,10.0,6.11842e-08,-2.4941e-07,1.48176e-05,0.218365,0.0136498,15.9977,0
21,9,0,10.0,7.888e-08,-2.4558e-07,1.29314e-05,0.218356,0.0136492,15.9977,0
22,9,0,10.0,1.11275e-07,-2.47294e-07,1.07854e-05,0.218352,0.013649,15.9977,0
23,9,0,10.0,1.514e-07,-2.47894e-07,8.32429e-06,0.218351,0.0136489,15.9977,0
0,10,0,10.0,4.21521e-08,-3.14605e-08,1.56994e-05,0.227222,0.0142034,15.9977,0
1,10,0,10.0,-2.18317e-07,4.36703e-08,1.53433e-05,0.221871,0.0138689,15.9977,0
2,10,0,10.0,-1.404e-07,-7.65108e-09,1.56857e-05,0.219685,0.0137322,15.9977,0
3,10,0,10.0,-7.60315e-08,-4.84697e-08,1.6341e-05,0.21879,0.0136763,15.9977,0
4,10,0,10.0,-2.6438e-08,-8.46032e-08,1.71697e-05,0.218423,0.0136534,15.9977,0
5,10,0,10.0,5.87192e-09,-1.1849e-07,1.80887e-05,0.218272,0.0136439,15.9977,0
6,10,0,10.0,3.56794e-08,-1.52062e-07,1.90504e-05,0.218211,0.0136401,15.9977,0
7,10,0,10.0,5.12359e-08,-1.82112e-07,2.00212e-05,0.218186,0.0136385,15.9977,0
8,10,0,10.0,4.94862e-08,-1.94061e-07,2.09588e-05,0.218111,0.0136339,15.9977,0
9,10,0,10.0,3.98119e-08,-2.18122e-07,2.18852e-05,0.227093,0.0141953,15.9977,0
10,10,0,10.0,9.22807e-08,-2.63902e-07,2.27353e-05,0.22182,0.0138657,15.9977,0
11,10,0,10.0,7.40955e-08,-2.63081e-07,2.33091e-05,0.219664,0.0137309,15.9977,0
12,10,0,10.0,5.35765e-08,-2.70308e-07,2.36178e-05,0.218781,0.0136758,15.9977,0
13,10,0,10.0,6.30442e-09,-2.84363e-07,2.34711e-05,0.227094,0.0141954,15.9977,0
14,10,0,10.0,7.00343e-08,-2.40096e-07,2.30577e-05,0.22182,0.0138657,15.9977,0
15,10,0,10.0,3.68378e-08,-2.45174e-07,2.23884e-05,0.219664,0.0137309,15.9977,0
16,10,0,10.0,2.74593e-08,-2.49343e-07,2.14732e-05,0.21878,0.0136757,15.9977,0
17,10,0,10.0,2.85669e-08,-2.55224e-07,2.03378e-05,0.218419,0.0136531,15.9977,0
18,10,0,10.0,2.83183e-08,-2.57011e-07,1.89939e-05,0.218271,0.0136439,15.9977,0
19,10,0,10.0,3.47391e-08,-2.55999e-07,1.74462e-05,0.21821,0.0136401,15.9977,0
20,10,0,10.0,5.01843e-08,-2.54767e-07,1.56883e-05,0.218184,0.0136385,15.9977,0
21,10,0,10.0,8.06333e-08,-2.54065e-07,1.36938e-05,0.218175,0.0136379,15.9977,0
22,10,0,10.0,1.15409e-07,-2.54417e-07,1.14257e-05,0.218171,0.0136376,15.9977,0
23,10,0,10.0,1.76865e-07,-2.60274e-07,8.82458e-06,0.218169,0.0136375,15.9977,0
0,11,0,10.0,7.39833e-08,-3.44472e-08,1.62411e-05,0.227221,0.0142034,15.9977,0
1,11,0,10.0,-2.92938e-07,3.79489e-08,1.59576e-05,0.221871,0.0138689,15.9977,0
2,11,0,10.0,-1.63878e-07,-1.52709e-08,1.6328e-05,0.219684,0.0137322,15.9977,0
3,11,0,10.0,-6.76326e-08,-5.97839e-08,1.70207e-05,0.218789,0.0136762,15.9977,0
4,11,0,10.0,5.61848e-09,-9.95961e-08,1.79024e-05,0.218422,0.0136533,15.9977,0
5,11,0,10.0,6.42688e-08,-1.37224e-07,1.88901e-05,0.21827,0.0136438,15.9977,0
6,11,0,10.0,1.05123e-07,-1.74137e-07,1.99345e-05,0.218209,0.01364,15.9977,0
7,11,0,10.0,1.32449e-07,-2.07035e-07,2.09943e-05,0.218184,0.0136384,15.9977,0
8,11,0,10.0,1.4042e-07,-2.19483e-07,2.20211e-05,0.218109,0.0136338,15.9977,0
9,11,0,10.0,1.25528e-07,-2.47278e-07,2.30317e-05,0.227092,0.0141953,15.9977,0
10,11,0,10.0,2.07946e-07,-2.86416e-07,2.39774e-05,0.221819,0.0138657,15.9977,0
11,11,0,10.0,1.73477e-07,-2.85338e-07,2.46271e-05,0.219663,0.0137309,15.9977,0
12,11,0,10.0,1.52179e-07,-2.97905e-07,2.49896e-05,0.21878,0.0136757,15.9977,0
13,11,0,10.0,1.19492e-07,-3.34942e-07,2.49069e-05,0.227094,0.0141954,15.9977,0
14,11,0,10.0,1.77906e-07,-2.9176e-07,2.44941e-05,0.22182,0.0138657,15.9977,0
15,11,0,10.0,1.37268e-07,-3.00589e-07,2.3803e-05,0.219663,0.0137309,15.9977,0
16,11,0,10.0,1.11162e-07,-3.02213e-07,2.28422e-05,0.218779,0.0136756,15.9977,0
17,11,0,10.0,9.69406e-08,-3.00341e-07,2.16373e-05,0.218418,0.0136531,15.9977,0
18,11,0,10.0,9.64395e-08,-2.96573e-07,2.02078e-05,0.21827,0.0136438,15.9977,0
19,11,0,10.0,1.04907e-07,-2.90968e-07,1.85605e-05,0.218209,0.01364,15.9977,0
20,11,0,10.0,1.20688e-07,-2.84929e-07,1.66887e-05,0.218183,0.0136384,15.9977,0
21,11,0,10.0,1.46735e-07,-2.79938e-07,1.45667e-05,0.218173,0.0136378,15.9977,0
22,11,0,10.0,1.86106e-07,-2.79974e-07,1.21553e-05,0.218169,0.0136375,15.9977,0
23,11,0,10.0,2.56901e-07,-2.80315e-07,9.3912e-06,0.218168,0.0136374,15.9977,0
0,12,0,10.0,1.41189e-07,-5.09954e-08,1.71518e-05,0.227221,0.0142034,15.9977,0
1,12,0,10.0,-3.9461e-07,2.35846e-08,1.68988e-05,0.221871,0.0138689,15.9977,0
2,12,0,10.0,-2.15714e-07,-3.10588e-08,1.73171e-05,0.219684,0.0137322,15.9977,0
3,12,0,10.0,-8.3359e-08,-7.83196e-08,1.80773e-05,0.218789,0.0136762,15.9977,0
4,12,0,10.0,1.95819e-08,-1.20924e-07,1.90443e-05,0.218422,0.0136533,15.9977,0
5,12,0,10.0,9.57275e-08,-1.58315e-07,2.01297e-05,0.21827,0.0136438,15.9977,0
6,12,0,10.0,1.53739e-07,-1.94146e-07,2.12782e-05,0.218209,0.01364,15.9977,0
7,12,0,10.0,1.83543e-07,-2.23501e-07,2.24404e-05,0.218184,0.0136384,15.9977,0
8,12,0,10.0,2.16766e-07,-2.3801e-07,2.35619e-05,0.218109,0.0136338,15.9977,0
9,12,0,10.0,2.10574e-07,-2.66974e-07,2.46374e-05,0.227092,0.0141953,15.9977,0
10,12,0,10.0,3.06586e-07,-2.93506e-07,2.56555e-05,0.221819,0.0138657,15.9977,0
11,12,0,10.0,2.83312e-07,-3.16436e-07,2.63568e-05,0.219663,0.0137309,15.9977,0
12,12,0,10.0,2.58455e-07,-3.32784e-07,2.67683e-05,0.21878,0.0136757,15.9977,0
13,12,0,10.0,1.99088e-07,-3.84931e-07,2.89871e-05,0.227158,0.0141994,15.9977,0
14,12,0,10.0,2.75545e-07,-3.7855e-07,2.85391e-05,0.221936,0.013873,15.9977,0
15,12,0,10.0,2.64641e-07,-3.69993e-07,2.77396e-05,0.219811,0.0137402,15.9977,0
16,12,0,10.0,2.61162e-07,-3.64997e-07,2.66148e-05,0.218945,0.013686,15.9977,0
17,12,0,10.0,2.55863e-07,-3.35334e-07,2.32515e-05,0.218351,0.0136489,15.9977,0
18,12,0,10.0,2.36319e-07,-3.29248e-07,2.17068e-05,0.218242,0.0136421,15.9977,0
19,12,0,10.0,2.28654e-07,-3.20558e-07,1.99312e-05,0.218198,0.0136393,15.9977,0
20,12,0,10.0,2.32544e-07,-3.128e-07,1.79163e-05,0.218178,0.0136381,15.9977,0
21,12,0,10.0,2.50528e-07,-3.07578e-07,1.56363e-05,0.218171,0.0136376,15.9977,0
22,12,0,10.0,2.90708e-07,-3.04351e-07,1.30482e-05,0.218168,0.0136375,15.9977,0
23,12,0,10.0,3.54087e-07,-3.04588e-07,1.00833e-05,0.218167,0.0136374,15.9977,0
0,13,0,10.0,3.05822e-07,-7.07364e-08,2.04646e-05,0.227221,0.0142034,15.9977,0
1,13,0,10.0,-6.13886e-07,1.79738e-08,2.00418e-05,0.221871,0.0138689,15.9977,0
2,13,0,10.0,-2.98617e-07,-7.21883e-08,2.05855e-05,0.219684,0.0137322,15.9977,0
3,13,0,10.0,-8.32146e-08,-1.4373e-07,2.15915e-05,0.218789,0.0136762,15.9977,0
4,13,0,10.0,7.46789e-08,-2.07089e-07,2.28694e-05,0.218422,0.0136533,15.9977,0
5,13,0,10.0,1.87318e-07,-2.62026e-07,2.42925e-05,0.21827,0.0136438,15.9977,0
6,13,0,10.0,2.62311e-07,-3.10042e-07,2.57648e-05,0.218209,0.01364,15.9977,0
7,13,0,10.0,2.99167e-07,-3.48708e-07,2.72043e-05,0.218184,0.0136384,15.9977,0
8,13,0,10.0,3.17042e-07,-3.82383e-07,2.85385e-05,0.218174,0.0136378,15.9977,0
9,13,0,10.0,2.99433e-07,-4.13192e-07,2.97142e-05,0.218169,0.0136375,15.9977,0
10,13,0,10.0,2.82514e-07,-4.38809e-07,3.07192e-05,0.218167,0.0136374,15.9977,0
11,13,0,10.0,2.57776e-07,-4.43355e-07,3.14873e-05,0.218167,0.0136374,15.9977,0
12,13,0,10.0,2.29642e-07,-4.45351e-07,3.19511e-05,0.218167,0.0136374,15.9977,0
13,13,0,10.0,1.78569e-07,-4.43969e-07,3.186e-05,0.227094,0.0141954,15.9977,0
14,13,0,10.0,2.53507e-07,-4.31919e-07,3.1316e-05,0.22182,0.0138657,15.9977,0
15,13,0,10.0,2.39261e-07,-4.21782e-07,3.03866e-05,0.219664,0.0137309,15.9977,0
16,13,0,10.0,2.35145e-07,-4.15694e-07,2.91005e-05,0.21878,0.0136757,15.9977,0
17,13,0,10.0,2.36086e-07,-4.06453e-07,2.74977e-05,0.218419,0.0136531,15.9977,0
18,13,0,10.0,2.599e-07,-3.97658e-07,2.56126e-05,0.21827,0.0136438,15.9977,0
19,13,0,10.0,2.75314e-07,-3.889e-07,2.34715e-05,0.218209,0.01364,15.9977,0
20,13,0,10.0,3.00844e-07,-3.79487e-07,2.10672e-05,0.218183,0.0136384,15.9977,0
21,13,0,10.0,3.30926e-07,-3.71767e-07,1.83746e-05,0.218173,0.0136378,15.9977,0
22,13,0,10.0,3.9019e-07,-3.67449e-07,1.53331e-05,0.218169,0.0136375,15.9977,0
23,13,0,10.0,4.65252e-07,-3.70476e-07,1.18533e-05,0.218168,0.0136374,15.9977,0
0,14,0,10.0,3.79955e-07,-9.41384e-08,2.28501e-05,0.227221,0.0142034,15.9977,0
1,14,0,10.0,-6.93211e-07,4.80833e-09,2.22692e-05,0.221871,0.0138689,15.9977,0
2,14,0,10.0,-2.99205e-07,-1.07429e-07,2.29161e-05,0.219684,0.0137322,15.9977,0
3,14,0,10.0,-3.45036e-08,-1.94614e-07,2.4127e-05,0.218789,0.0136762,15.9977,0
4,14,0,10.0,1.5147e-07,-2.73099e-07,2.56661e-05,0.218422,0.0136533,15.9977,0
5,14,0,10.0,2.79767e-07,-3.48251e-07,2.73693e-05,0.21827,0.0136438,15.9977,0
6,14,0,10.0,3.58282e-07,-4.09428e-07,2.90967e-05,0.218209,0.01364,15.9977,0
7,14,0,10.0,3.95625e-07,-4.57082e-07,3.07439e-05,0.218184,0.0136384,15.9977,0
8,14,0,10.0,4.05945e-07,-4.88212e-07,3.223e-05,0.218174,0.0136378,15.9977,0
9,14,0,10.0,3.78837e-07,-5.15331e-07,3.35046e-05,0.218168,0.0136375,15.9977,0
10,14,0,10.0,3.45644e-07,-5.25645e-07,3.45562e-05,0.218167,0.0136374,15.9977,0
11,14,0,10.0,3.1283e-07,-5.21241e-07,3.5329e-05,0.218167,0.0136374,15.9977,0
12,14,0,10.0,2.44219e-07,-5.13569e-07,3.57534e-05,0.218166,0.0136373,15.9977,0
13,14,0,10.0,1.45726e-07,-5.19034e-07,3.54888e-05,0.227094,0.0141954,15.9977,0
14,14,0,10.0,2.28034e-07,-5.01246e-07,3.47742e-05,0.22182,0.0138657,15.9977,0
15,14,0,10.0,2.49284e-07,-4.89386e-07,3.3621e-05,0.219663,0.0137309,15.9977,0
16,14,0,10.0,2.67005e-07,-4.80025e-07,3.20918e-05,0.218779,0.0136756,15.9977,0
17,14,0,10.0,2.91758e-07,-4.692e-07,3.02418e-05,0.218418,0.0136531,15.9977,0
18,14,0,10.0,3.20572e-07,-4.59206e-07,2.81079e-05,0.21827,0.0136438,15.9977,0
19,14,0,10.0,3.53612e-07,-4.47448e-07,2.57122e-05,0.218209,0.01364,15.9977,0
20,14,0,10.0,3.83015e-07,-4.36593e-07,2.30514e-05,0.218183,0.0136384,15.9977,0
21,14,0,10.0,4.23102e-07,-4.23871e-07,2.00958e-05,0.218173,0.0136378,15.9977,0
22,14,0,10.0,4.74716e-07,-4.18442e-07,1.6779e-05,0.218169,0.0136375,15.9977,0
23,14,0,10.0,5.63655e-07,-4.15157e-07,1.29909e-05,0.218167,0.0136374,15.9977,0
0,15,0,10.0,4.47701e-07,-1.00418e-07,2.56024e-05,0.227221,0.0142034,15.9977,0
1,15,0,10.0,-7.17157e-07,1.78278e-08,2.4841e-05,0.221871,0.0138689,15.9977,0
2,15,0,10.0,-2.62681e-07,-9.48206e-08,2.561e-05,0.219684,0.0137322,15.9977,0
3,15,0,10.0,3.23939e-08,-1.95305e-07,2.70778e-05,0.218789,0.0136762,15.9977,0
4,15,0,10.0,2.39301e-07,-2.84142e-07,2.89445e-05,0.218422,0.0136533,15.9977,0
5,15,0,10.0,3.69404e-07,-3.53113e-07,3.0992e-05,0.21827,0.0136438,15.9977,0
6,15,0,10.0,4.38891e-07,-4.05754e-07,3.30395e-05,0.218209,0.01364,15.9977,0
7,15,0,10.0,4.72425e-07,-4.5554e-07,3.49601e-05,0.218184,0.0136384,15.9977,0
8,15,0,10.0,4.74984e-07,-4.88483e-07,3.66508e-05,0.218174,0.0136378,15.9977,0
9,15,0,10.0,4.5555e-07,-5.14108e-07,3.80616e-05,0.218168,0.0136375,15.9977,0
10,15,0,10.0,4.15593e-07,-5.21579e-07,3.91705e-05,0.218167,0.0136374,15.9977,0
11,15,0,10.0,3.19228e-07,-5.38358e-07,3.99187e-05,0.218167,0.0136374,15.9977,0
12,15,0,10.0,2.3955e-07,-5.45085e-07,4.02774e-05,0.218166,0.0136373,15.9977,0
13,15,0,10.0,2.11955e-08,-5.57879e-07,3.98361e-05,0.227094,0.0141954,15.9977,0
14,15,0,10.0,1.27836e-07,-5.47697e-07,3.8901e-05,0.22182,0.0138657,15.9977,0
15,15,0,10.0,2.39984e-07,-5.37938e-07,3.74109e-05,0.219663,0.0137309,15.9977,0
16,15,0,10.0,3.08387e-07,-5.3197e-07,3.55423e-05,0.218779,0.0136756,15.9977,0
17,15,0,10.0,3.62079e-07,-5.26539e-07,3.33661e-05,0.218418,0.0136531,15.9977,0
18,15,0,10.0,4.17327e-07,-5.16555e-07,3.09185e-05,0.21827,0.0136438,15.9977,0
19,15,0,10.0,4.68418e-07,-5.03776e-07,2.82177e-05,0.218209,0.01364,15.9977,0
20,15,0,10.0,5.13135e-07,-4.90307e-07,2.52647e-05,0.218183,0.0136384,15.9977,0
21,15,0,10.0,5.5847e-07,-4.77062e-07,2.20189e-05,0.218173,0.0136378,15.9977,0
22,15,0,10.0,5.93435e-07,-4.65535e-07,1.83974e-05,0.218169,0.0136375,15.9977,0
23,15,0,10.0,6.64932e-07,-4.61705e-07,1.42723e-05,0.218167,0.0136374,15.9977,0
0,16,0,10.0,4.92172e-07,-8.0137e-08,2.85311e-05,0.227221,0.0142034,15.9977,0
1,16,0,10.0,-6.74282e-07,8.94319e-08,2.75879e-05,0.221871,0.0138689,15.9977,0
2,16,0,10.0,-1.97207e-07,-2.15549e-08,2.84998e-05,0.219684,0.0137322,15.9977,0
3,16,0,10.0,1.26907e-07,-1.20325e-07,3.02616e-05,0.218788,0.0136762,15.9977,0
4,16,0,10.0,3.33169e-07,-1.88414e-07,3.24871e-05,0.218422,0.0136533,15.9977,0
5,16,0,10.0,4.55408e-07,-2.29793e-07,3.4919e-05,0.21827,0.0136438,15.9977,0
6,16,0,10.0,5.1012e-07,-2.802e-07,3.73427e-05,0.218209,0.01364,15.9977,0
7,16,0,10.0,5.18713e-07,-3.34505e-07,3.95831e-05,0.218184,0.0136384,15.9977,0
8,16,0,10.0,5.19848e-07,-3.79248e-07,4.15286e-05,0.218174,0.0136378,15.9977,0
9,16,0,10.0,4.87657e-07,-4.10607e-07,4.31018e-05,0.218168,0.0136375,15.9977,0
10,16,0,10.0,4.09181e-07,-4.65129e-07,4.42265e-05,0.218167,0.0136374,15.9977,0
11,16,0,10.0,3.35906e-07,-4.8378e-07,4.49222e-05,0.218167,0.0136374,15.9977,0
12,16,0,10.0,2.57338e-07,-5.02968e-07,4.52303e-05,0.218166,0.0136373,15.9977,0
13,16,0,10.0,-3.64814e-08,-5.30775e-07,4.47895e-05,0.227094,0.0141954,15.9977,0
14,16,0,10.0,8.5034e-08,-5.39934e-07,4.35797e-05,0.22182,0.0138657,15.9977,0
15,16,0,10.0,2.35449e-07,-5.59956e-07,4.15392e-05,0.219663,0.0137309,15.9977,0
16,16,0,10.0,3.91825e-07,-5.71588e-07,3.92008e-05,0.218779,0.0136756,15.9977,0
17,16,0,10.0,4.96255e-07,-5.73161e-07,3.66234e-05,0.218418,0.0136531,15.9977,0
18,16,0,10.0,6.83809e-07,-5.68057e-07,3.38157e-05,0.21827,0.0136438,15.9977,0
19,16,0,10.0,7.60941e-07,-5.57046e-07,3.07802e-05,0.218209,0.01364,15.9977,0
20,16,0,10.0,8.03956e-07,-5.39931e-07,2.75192e-05,0.218183,0.0136384,15.9977,0
21,16,0,10.0,8.1364e-07,-5.24393e-07,2.39741e-05,0.218173,0.0136378,15.9977,0
22,16,0,10.0,8.25753e-07,-5.13653e-07,2.00392e-05,0.218169,0.0136375,15.9977,0
23,16,0,10.0,8.50414e-07,-5.08168e-07,1.55691e-05,0.218167,0.0136374,15.9977,0
0,17,0,10.0,4.43186e-07,-4.99452e-08,3.1348e-05,0.227284,0.0142073,15.9977,0
1,17,0,10.0,-6.34241e-07,1.56182e-07,3.02583e-05,0.221986,0.0138761,15.9977,0
2,17,0,10.0,-1.85562e-07,4.44258e-08,3.13069e-05,0.219832,0.0137414,15.9977,0
3,17,0,10.0,9.6103e-08,-2.46326e-08,3.337e-05,0.218954,0.0136866,15.9977,0
4,17,0,10.0,2.73742e-07,-6.52672e-08,3.5965e-05,0.218597,0.0136642,15.9977,0
5,17,0,10.0,3.53105e-07,-1.19356e-07,3.87834e-05,0.21845,0.013655,15.9977,0
6,17,0,10.0,3.71331e-07,-1.89364e-07,4.15692e-05,0.218391,0.0136514,15.9977,0
7,17,0,10.0,3.58379e-07,-2.38318e-07,4.41372e-05,0.218366,0.0136498,15.9977,0
8,17,0,10.0,3.02521e-07,-2.86398e-07,4.63483e-05,0.218356,0.0136492,15.9977,0
9,17,0,10.0,1.77651e-07,-3.58325e-07,4.80301e-05,0.218351,0.0136489,15.9977,0
10,17,0,10.0,1.38538e-07,-4.21856e-07,4.91259e-05,0.21835,0.0136488,15.9977,0
11,17,0,10.0,1.51924e-07,-4.53749e-07,4.97126e-05,0.21835,0.0136488,15.9977,0
12,17,0,10.0,1.00465e-07,-4.90885e-07,4.99585e-05,0.21835,0.0136488,15.9977,0
13,17,0,10.0,-9.97524e-08,-4.99022e-07,4.95418e-05,0.227158,0.0141994,15.9977,0
14,17,0,10.0,-1.11094e-08,-5.08953e-07,4.80488e-05,0.221936,0.013873,15.9977,0
15,17,0,10.0,6.5355e-08,-5.47189e-07,4.55384e-05,0.219811,0.0137402,15.9977,0
16,17,0,10.0,2.15602e-07,-5.58523e-07,4.25891e-05,0.218881,0.013682,15.9977,0
17,17,0,10.0,3.49692e-07,-5.63535e-07,3.95425e-05,0.227158,0.0141994,15.9977,0
18,17,0,10.0,2.71964e-07,-2.77106e-07,3.61162e-05,0.221936,0.013873,15.9977,0
19,17,0,10.0,4.02387e-07,-3.07791e-07,3.2738e-05,0.219811,0.0137402,15.9977,0
20,17,0,10.0,5.14435e-07,-3.35585e-07,2.92163e-05,0.218945,0.013686,15.9977,0
21,17,0,10.0,5.69554e-07,-3.51661e-07,2.54255e-05,0.218593,0.013664,15.9977,0
22,17,0,10.0,5.9505e-07,-3.72043e-07,2.12376e-05,0.218449,0.013655,15.9977,0
23,17,0,10.0,6.46035e-07,-3.95552e-07,1.6494e-05,0.21839,0.0136513,15.9977,0
0,18,0,10.0,2.67862e-07,-4.32219e-08,3.38672e-05,0.227222,0.0142034,15.9977,0
1,18,0,10.0,-5.23198e-07,1.70695e-07,3.25544e-05,0.221871,0.0138689,15.9977,0
2,18,0,10.0,-1.77349e-07,8.50439e-08,3.37278e-05,0.219685,0.0137322,15.9977,0
3,18,0,10.0,5.18125e-08,-1.20432e-08,3.60381e-05,0.21879,0.0136763,15.9977,0
4,18,0,10.0,1.69317e-07,-8.65256e-08,3.89312e-05,0.218423,0.0136534,15.9977,0
5,18,0,10.0,1.98605e-07,-1.58569e-07,4.2054e-05,0.218272,0.0136439,15.9977,0
6,18,0,10.0,1.32031e-07,-2.24456e-07,4.51205e-05,0.218211,0.0136401,15.9977,0
7,18,0,10.0,2.92947e-08,-2.93001e-07,4.79605e-05,0.218186,0.0136385,15.9977,0
8,18,0,10.0,-1.56933e-07,-3.58649e-07,5.03422e-05,0.218175,0.0136379,15.9977,0
9,18,0,10.0,-1.38545e-07,-4.20449e-07,5.21578e-05,0.21817,0.0136376,15.9977,0
10,18,0,10.0,-1.16131e-07,-4.62319e-07,5.3124e-05,0.218169,0.0136375,15.9977,0
11,18,0,10.0,-1.23031e-07,-5.40848e-07,5.33828e-05,0.218168,0.0136375,15.9977,0
12,18,0,10.0,-1.2755e-07,-5.56293e-07,5.35413e-05,0.218168,0.0136374,15.9977,0
13,18,0,10.0,-1.7857e-07,-5.63186e-07,5.3063e-05,0.227094,0.0141954,15.9977,0
14,18,0,10.0,-1.23187e-07,-5.74264e-07,5.14179e-05,0.22182,0.0138657,15.9977,0
15,18,0,10.0,-1.03448e-07,-5.93974e-07,4.86359e-05,0.219664,0.0137309,15.9977,0
16,18,0,10.0,-7.43226e-08,-6.09882e-07,4.53398e-05,0.218716,0.0136717,15.9977,0
17,18,0,10.0,5.19223e-09,-6.01029e-07,4.19435e-05,0.227094,0.0141954,15.9977,0
18,18,0,10.0,-4.00602e-08,-2.66881e-07,3.81043e-05,0.22182,0.0138657,15.9977,0
19,18,0,10.0,1.02417e-07,-3.08514e-07,3.448e-05,0.219664,0.0137309,15.9977,0
20,18,0,10.0,2.69713e-07,-3.38471e-07,3.06793e-05,0.21878,0.0136757,15.9977,0
21,18,0,10.0,3.52938e-07,-3.70961e-07,2.66288e-05,0.218419,0.0136531,15.9977,0
22,18,0,10.0,4.02487e-07,-3.9613e-07,2.22175e-05,0.218271,0.0136439,15.9977,0
23,18,0,10.0,4.66305e-07,-4.17124e-07,1.72545e-05,0.21821,0.0136401,15.9977,0
0,19,0,10.0,1.78475e-07,-9.23088e-08,3.55813e-05,0.227221,0.0142034,15.9977,0
1,19,0,10.0,-3.38433e-07,1.48481e-07,3.41926e-05,0.221871,0.0138689,15.9977,0
2,19,0,10.0,-8.29167e-08,4.33331e-09,3.54677e-05,0.219684,0.0137322,15.9977,0
3,19,0,10.0,4.93858e-08,-9.96518e-08,3.79433e-05,0.218789,0.0136762,15.9977,0
4,19,0,10.0,1.19955e-07,-2.07224e-07,4.10158e-05,0.218422,0.0136533,15.9977,0
5,19,0,10.0,5.36829e-08,-3.07088e-07,4.42848e-05,0.21827,0.0136438,15.9977,0
6,19,0,10.0,4.89921e-08,-4.04752e-07,4.74477e-05,0.218209,0.01364,15.9977,0
7,19,0,10.0,-8.15938e-08,-4.54406e-07,5.04772e-05,0.218184,0.0136384,15.9977,0
8,19,0,10.0,-1.37428e-07,-5.12122e-07,5.29842e-05,0.218174,0.0136378,15.9977,0
9,19,0,10.0,-8.14829e-08,-5.61356e-07,5.46314e-05,0.218168,0.0136375,15.9977,0
10,19,0,10.0,-1.46494e-07,-6.38452e-07,5.53075e-05,0.218167,0.0136374,15.9977,0
11,19,0,10.0,-1.98107e-07,-7.02771e-07,5.54613e-05,0.218167,0.0136374,15.9977,0
12,19,0,10.0,-2.74007e-07,-7.17506e-07,5.55868e-05,0.218166,0.0136373,15.9977,0
13,19,0,10.0,-2.03125e-07,-7.07376e-07,5.51754e-05,0.227094,0.0141954,15.9977,0
14,19,0,10.0,-2.05206e-07,-6.93641e-07,5.35395e-05,0.22182,0.0138657,15.9977,0
15,19,0,10.0,-3.20741e-07,-6.99228e-07,5.0713e-05,0.219663,0.0137309,15.9977,0
16,19,0,10.0,-3.22445e-07,-7.08694e-07,4.732e-05,0.218714,0.0136716,15.9977,0
17,19,0,10.0,-3.12446e-07,-6.6906e-07,4.38618e-05,0.227094,0.0141954,15.9977,0
18,19,0,10.0,-2.16145e-07,-2.6834e-07,3.99607e-05,0.22182,0.0138657,15.9977,0
19,19,0,10.0,-1.03031e-07,-3.57893e-07,3.60333e-05,0.219663,0.0137309,15.9977,0
20,19,0,10.0,7.1902e-08,-4.0828e-07,3.17974e-05,0.218779,0.0136756,15.9977,0
21,19,0,10.0,2.36318e-07,-4.39295e-07,2.74777e-05,0.218418,0.0136531,15.9977,0
22,19,0,10.0,3.04856e-07,-4.57991e-07,2.28819e-05,0.21827,0.0136438,15.9977,0
23,19,0,10.0,3.09493e-07,-4.7261e-07,1.77548e-05,0.218209,0.01364,15.9977,0
0,20,0,10.0,9.97205e-09,-1.12552e-07,3.66602e-05,0.227221,0.0142034,15.9977,0
1,20,0,10.0,-8.43917e-08,9.31908e-08,3.49681e-05,0.221871,0.0138689,15.9977,0
2,20,0,10.0,-5.07998e-09,-4.48797e-08,3.62653e-05,0.219684,0.0137322,15.9977,0
3,20,0,10.0,1.44647e-08,-1.76753e-07,3.87281e-05,0.218788,0.0136762,15.9977,0
4,20,0,10.0,1.2598e-08,-2.58193e-07,4.17569e-05,0.218422,0.0136533,15.9977,0
5,20,0,10.0,-1.44589e-07,-3.30247e-07,4.48831e-05,0.21827,0.0136438,15.9977,0
6,20,0,10.0,-1.41787e-07,-3.69632e-07,4.78908e-05,0.218209,0.01364,15.9977,0
7,20,0,10.0,-1.48808e-07,-4.37284e-07,5.06264e-05,0.218184,0.0136384,15.9977,0
8,20,0,10.0,-1.52046e-07,-4.54804e-07,5.30322e-05,0.218174,0.0136378,15.9977,0
9,20,0,10.0,-2.46334e-07,-5.00164e-07,5.46009e-05,0.218168,0.0136375,15.9977,0
10,20,0,10.0,-3.64308e-07,-5.89068e-07,5.52894e-05,0.218167,0.0136374,15.9977,0
11,20,0,10.0,-4.82749e-07,-6.3089e-07,5.57046e-05,0.218167,0.0136374,15.9977,0
12,20,0,10.0,-4.57296e-07,-6.74533e-07,5.59412e-05,0.218166,0.0136373,15.9977,0
13,20,0,10.0,-3.23368e-07,-6.78974e-07,5.5767e-05,0.227094,0.0141954,15.9977,0
14,20,0,10.0,-3.45717e-07,-6.92487e-07,5.43088e-05,0.22182,0.0138657,15.9977,0
15,20,0,10.0,-4.21624e-07,-7.14158e-07,5.17351e-05,0.219663,0.0137309,15.9977,0
16,20,0,10.0,-4.51082e-07,-7.05049e-07,4.84246e-05,0.218714,0.0136716,15.9977,0
17,20,0,10.0,-4.28447e-07,-7.13201e-07,4.50235e-05,0.227094,0.0141954,15.9977,0
18,20,0,10.0,-1.41539e-07,-3.15822e-07,4.11022e-05,0.221819,0.0138657,15.9977,0
19,20,0,10.0,-6.20372e-08,-3.65409e-07,3.69759e-05,0.219663,0.0137309,15.9977,0
20,20,0,10.0,2.86153e-09,-4.25596e-07,3.24876e-05,0.218779,0.0136756,15.9977,0
21,20,0,10.0,4.70405e-08,-4.69989e-07,2.78857e-05,0.218418,0.0136531,15.9977,0
22,20,0,10.0,6.52613e-08,-4.87181e-07,2.31685e-05,0.21827,0.0136438,15.9977,0
23,20,0,10.0,6.73283e-08,-5.04856e-07,1.79502e-05,0.218209,0.01364,15.9977,0
0,21,0,10.0,-1.35053e-07,-6.3237e-08,3.61762e-05,0.227221,0.0142034,15.9977,0
1,21,0,10.0,1.12027e-07,1.90807e-07,3.47222e-05,0.221871,0.0138689,15.9977,0
2,21,0,10.0,-7.34833e-08,7.42406e-08,3.59105e-05,0.219684,0.0137322,15.9977,0
3,21,0,10.0,-1.06785e-07,4.40427e-09,3.81922e-05,0.218789,0.0136762,15.9977,0
4,21,0,10.0,-3.22218e-07,-5.62456e-08,4.09694e-05,0.218422,0.0136533,15.9977,0
5,21,0,10.0,-3.87328e-07,-1.17347e-07,4.38123e-05,0.21827,0.0136438,15.9977,0
6,21,0,10.0,-4.71174e-07,-2.0566e-07,4.65233e-05,0.218209,0.01364,15.9977,0
7,21,0,10.0,-4.9886e-07,-2.56625e-07,4.89554e-05,0.218184,0.0136384,15.9977,0
8,21,0,10.0,-4.3937e-07,-3.13505e-07,5.10126e-05,0.218174,0.0136378,15.9977,0
9,21,0,10.0,-5.26787e-07,-3.96052e-07,5.24996e-05,0.218168,0.0136375,15.9977,0
10,21,0,10.0,-6.89501e-07,-4.65017e-07,5.34508e-05,0.218167,0.0136374,15.9977,0
11,21,0,10.0,-7.12098e-07,-5.3831e-07,5.40677e-05,0.218167,0.0136374,15.9977,0
12,21,0,10.0,-7.35902e-07,-5.66796e-07,5.45205e-05,0.218166,0.0136373,15.9977,0
13,21,0,10.0,-4.12275e-07,-5.74734e-07,5.48106e-05,0.227094,0.0141954,15.9977,0
14,21,0,10.0,-4.26259e-07,-6.1681e-07,5.35314e-05,0.22182,0.0138657,15.9977,0
15,21,0,10.0,-3.29193e-07,-6.3192e-07,5.11609e-05,0.219663,0.0137309,15.9977,0
16,21,0,10.0,-3.4753e-07,-6.53253e-07,4.80493e-05,0.218714,0.0136716,15.9977,0
17,21,0,10.0,-3.90788e-07,-6.52891e-07,4.48838e-05,0.227094,0.0141954,15.9977,0
18,21,0,10.0,9.70514e-08,-3.04248e-07,4.1142e-05,0.22182,0.0138657,15.9977,0
19,21,0,10.0,5.64892e-08,-3.73861e-07,3.68539e-05,0.219663,0.0137309,15.9977,0
20,21,0,10.0,-8.35744e-09,-4.30443e-07,3.23653e-05,0.218779,0.0136756,15.9977,0
21,21,0,10.0,-1.05578e-07,-4.61506e-07,2.79016e-05,0.218418,0.0136531,15.9977,0
22,21,0,10.0,-1.35238e-07,-4.81173e-07,2.31966e-05,0.21827,0.0136438,15.9977,0
23,21,0,10.0,-1.54153e-07,-4.96302e-07,1.79711e-05,0.218209,0.01364,15.9977,0
0,22,0,10.0,-2.38176e-07,-2.96094e-08,3.49842e-05,0.227221,0.0142034,15.9977,0
1,22,0,10.0,7.03624e-09,1.70144e-07,3.37742e-05,0.221871,0.0138689,15.9977,0
2,22,0,10.0,-2.47597e-07,7.41696e-08,3.4818e-05,0.219684,0.0137322,15.9977,0
3,22,0,10.0,-4.5684e-07,4.18286e-09,3.68385e-05,0.218789,0.0136762,15.9977,0
4,22,0,10.0,-5.94787e-07,-8.47985e-08,3.9266e-05,0.218422,0.0136533,15.9977,0
5,22,0,10.0,-6.88552e-07,-1.73229e-07,4.1782e-05,0.21827,0.0136438,15.9977,0
6,22,0,10.0,-7.45923e-07,-2.6589e-07,4.41663e-05,0.218209,0.01364,15.9977,0
7,22,0,10.0,-7.7997e-07,-3.32764e-07,4.63007e-05,0.218184,0.0136384,15.9977,0
8,22,0,10.0,-8.27534e-07,-4.07533e-07,4.81011e-05,0.218174,0.0136378,15.9977,0
9,22,0,10.0,-8.91773e-07,-4.75999e-07,4.94943e-05,0.218168,0.0136375,15.9977,0
10,22,0,10.0,-9.14964e-07,-5.35241e-07,5.05427e-05,0.218167,0.0136374,15.9977,0
11,22,0,10.0,-8.4642e-07,-5.58791e-07,5.13412e-05,0.218167,0.0136374,15.9977,0
12,22,0,10.0,-7.79221e-07,-5.76083e-07,5.19998e-05,0.218166,0.0136373,15.9977,0
13,22,0,10.0,-6.24714e-07,-5.58687e-07,5.26967e-05,0.227157,0.0141993,15.9977,0
14,22,0,10.0,-6.11022e-07,-5.94968e-07,5.1616e-05,0.219695,0.0137329,15.9977,0
15,22,0,10.0,-4.67884e-07,-6.34527e-07,4.93023e-05,0.218797,0.0136768,15.9977,0
16,22,0,10.0,-4.22902e-07,-6.51639e-07,4.64165e-05,0.218362,0.0136495,15.9977,0
17,22,0,10.0,-4.12941e-07,-6.38972e-07,4.36172e-05,0.227094,0.0141954,15.9977,0
18,22,0,10.0,-1.70189e-10,-3.80542e-07,4.02113e-05,0.22182,0.0138657,15.9977,0
19,22,0,10.0,-1.38229e-07,-4.45403e-07,3.61025e-05,0.219663,0.0137309,15.9977,0
20,22,0,10.0,-2.87067e-07,-4.85793e-07,3.17879e-05,0.218779,0.0136756,15.9977,0
21,22,0,10.0,-3.52593e-07,-5.08757e-07,2.74648e-05,0.218418,0.0136531,15.9977,0
22,22,0,10.0,-3.7045e-07,-5.13051e-07,2.28452e-05,0.21827,0.0136438,15.9977,0
23,22,0,10.0,-3.91803e-07,-5.27703e-07,1.76868e-05,0.218209,0.01364,15.9977,0
0,23,0,10.0,-3.03488e-07,-7.49693e-08,3.37786e-05,0.227221,0.0142034,15.9977,0
1,23,0,10.0,-5.53053e-08,7.68047e-08,3.26301e-05,0.221871,0.0138689,15.9977,0
2,23,0,10.0,-3.56237e-07,-7.071e-08,3.3546e-05,0.219684,0.0137322,15.9977,0
3,23,0,10.0,-5.5956e-07,-1.98411e-07,3.52933e-05,0.218789,0.0136762,15.9977,0
4,23,0,10.0,-6.94652e-07,-3.11039e-07,3.74134e-05,0.218422,0.0136533,15.9977,0
5,23,0,10.0,-7.82899e-07,-4.22767e-07,3.96135e-05,0.21827,0.0136438,15.9977,0
6,23,0,10.0,-8.43104e-07,-5.13853e-07,4.17086e-05,0.218209,0.01364,15.9977,0
7,23,0,10.0,-8.96763e-07,-5.92806e-07,4.35966e-05,0.218184,0.0136384,15.9977,0
8,23,0,10.0,-9.23683e-07,-6.38776e-07,4.52011e-05,0.218174,0.0136378,15.9977,0
9,23,0,10.0,-9.46375e-07,-6.77642e-07,4.65365e-05,0.218168,0.0136375,15.9977,0
10,23,0,10.0,-9.13594e-07,-6.80566e-07,4.76557e-05,0.218167,0.0136374,15.9977,0
11,23,0,10.0,-8.72562e-07,-6.85083e-07,4.85932e-05,0.218167,0.0136374,15.9977,0
12,23,0,10.0,-7.837e-07,-6.68188e-07,4.94074e-05,0.218166,0.0136373,15.9977,0
13,23,0,10.0,-7.3561e-07,-6.55594e-07,5.0224e-05,0.227093,0.0141953,15.9977,0
14,23,0,10.0,-7.13104e-07,-6.39149e-07,4.9335e-05,0.219663,0.0137309,15.9977,0
15,23,0,10.0,-6.18839e-07,-6.74289e-07,4.7137e-05,0.21878,0.0136757,15.9977,0
16,23,0,10.0,-5.46029e-07,-6.85296e-07,4.44013e-05,0.218353,0.013649,15.9977,0
17,23,0,10.0,-4.15539e-07,-6.47805e-07,4.17075e-05,0.227094,0.0141954,15.9977,0
18,23,0,10.0,-1.02305e-07,-4.07934e-07,3.84213e-05,0.22182,0.0138657,15.9977,0
19,23,0,10.0,-2.4632e-07,-4.83078e-07,3.46774e-05,0.219663,0.0137309,15.9977,0
20,23,0,10.0,-3.91288e-07,-5.16046e-07,3.07851e-05,0.218779,0.0136756,15.9977,0
21,23,0,10.0,-4.33177e-07,-5.2077e-07,2.66638e-05,0.218418,0.0136531,15.9977,0
22,23,0,10.0,-4.51064e-07,-5.33259e-07,2.21785e-05,0.21827,0.0136438,15.9977,0
23,23,0,10.0,-4.5417e-07,-5.40974e-07,1.71405e-05,0.218209,0.01364,15.9977,0
0,0,1,10.0,8.31644e-09,-1.68535e-07,1.57014e-05,0.238316,0.128725,1.85136,0
1,0,1,10.0,9.41313e-08,1.53301e-07,1.51687e-05,0.237481,0.125922,1.88594,0
2,0,1,10.0,9.66193e-08,-3.00475e-08,1.56128e-05,0.237078,0.124617,1.90245,0
3,0,1,10.0,1.08739e-07,-1.54364e-07,1.64737e-05,0.236883,0.124,1.91034,0
4,0,1,10.0,1.21728e-07,-2.41099e-07,1.75652e-05,0.236789,0.123707,1.91411,0
5,0,1,10.0,1.24584e-07,-3.15291e-07,1.87745e-05,0.236743,0.123567,1.91592,0
6,0,1,10.0,1.26986e-07,-3.73385e-07,2.00043e-05,0.236721,0.1235,1.91677,0
7,0,1,10.0,1.28905e-07,-4.20851e-07,2.1172e-05,0.236711,0.123468,1.91718,0
8,0,1,10.0,1.28789e-07,-4.36378e-07,2.22239e-05,0.236706,0.123453,1.91737,0
9,0,1,10.0,1.29811e-07,-4.70153e-07,2.31354e-05,0.236703,0.123445,1.91748,0
10,0,1,10.0,1.32836e-07,-4.24987e-07,2.38915e-05,0.236702,0.123442,1.91752,0
11,0,1,10.0,1.62584e-07,-4.24556e-07,2.44978e-05,0.236702,0.12344,1.91754,0
12,0,1,10.0,1.20394e-07,-4.83205e-07,2.49704e-05,0.236701,0.12344,1.91754,0
13,0,1,10.0,1.05164e-07,-4.53152e-07,2.52125e-05,0.238296,0.12868,1.85185,0
14,0,1,10.0,5.09835e-08,-4.53673e-07,2.49588e-05,0.237472,0.125902,1.88617,0
15,0,1,10.0,4.17927e-08,-4.25625e-07,2.42854e-05,0.237073,0.124607,1.90256,0
16,0,1,10.0,5.20423e-08,-3.26517e-07,2.3273e-05,0.236881,0.123995,1.9104,0
17,0,1,10.0,5.3306e-08,-2.82994e-07,2.19789e-05,0.236788,0.123705,1.91414,0
18,0,1,10.0,5.98708e-08,-2.292e-07,2.04753e-05,0.236743,0.123566,1.91592,0
19,0,1,10.0,4.89296e-08,-2.28429e-07,1.87981e-05,0.236721,0.1235,1.91677,0
20,0,1,10.0,4.42752e-08,-1.99278e-07,1.69371e-05,0.236711,0.123468,1.91719,0
21,0,1,10.0,4.17208e-08,-2.02341e-07,1.48537e-05,0.236706,0.123453,1.91738,0
22,0,1,10.0,3.09336e-08,-2.1921e-07,1.25034e-05,0.236703,0.123446,1.91747,0
23,0,1,10.0,8.16841e-09,-2.63231e-07,9.79415e-06,0.236702,0.123442,1.91751,0
0,1,1,10.0,1.21331e-08,-1.20618e-07,1.51716e-05,0.238325,0.128747,1.85111,0
1,1,1,10.0,2.32937e-07,4.22931e-07,1.47892e-05,0.2375,0.125964,1.88546,0
2,1,1,10.0,2.43306e-07,2.75448e-07,1.51875e-05,0.237103,0.124673,1.90181,0
3,1,1,10.0,2.75231e-07,1.89812e-07,1.59657e-05,0.236913,0.124065,1.90959,0
4,1,1,10.0,3.09126e-07,1.36377e-07,1.69632e-05,0.236821,0.123777,1.91329,0
5,1,1,10.0,3.26989e-07,1.00378e-07,1.80654e-05,0.236777,0.12364,1.91506,0
6,1,1,10.0,3.3564e-07,7.43685e-08,1.91906e-05,0.236756,0.123575,1.9159,0
7,1,1,10.0,3.47696e-07,5.10027e-08,2.02658e-05,0.236746,0.123544,1.91629,0
8,1,1,10.0,3.67538e-07,4.92702e-08,2.12409e-05,0.236741,0.123529,1.91648,0
9,1,1,10.0,3.81508e-07,4.35559e-08,2.20916e-05,0.236739,0.123521,1.91658,0
10,1,1,10.0,3.93392e-07,4.99894e-08,2.28038e-05,0.236738,0.123518,1.91662,0
11,1,1,10.0,4.23885e-07,4.27087e-08,2.33762e-05,0.236737,0.123517,1.91664,0
12,1,1,10.0,3.69045e-07,7.2809e-08,2.37782e-05,0.236737,0.123516,1.91665,0
13,1,1,10.0,3.36629e-07,1.98619e-08,2.39288e-05,0.238306,0.128703,1.8516,0
14,1,1,10.0,2.25809e-07,-7.39838e-09,2.36396e-05,0.237491,0.125944,1.88569,0
15,1,1,10.0,2.20741e-07,3.52957e-08,2.29902e-05,0.237099,0.124663,1.90191,0
16,1,1,10.0,2.03351e-07,5.65124e-08,2.20436e-05,0.236911,0.12406,1.90965,0
17,1,1,10.0,2.10356e-07,7.84325e-08,2.08419e-05,0.23682,0.123775,1.91332,0
18,1,1,10.0,1.96316e-07,7.24499e-08,1.94336e-05,0.236777,0.123639,1.91507,0
19,1,1,10.0,1.80943e-07,6.89804e-08,1.78478e-05,0.236756,0.123574,1.9159,0
20,1,1,10.0,1.48231e-07,3.44515e-08,1.60772e-05,0.236746,0.123543,1.9163,0
21,1,1,10.0,1.24055e-07,3.9067e-10,1.40874e-05,0.236741,0.123529,1.91649,0
22,1,1,10.0,8.897e-08,-5.93066e-08,1.1829e-05,0.236739,0.123522,1.91658,0
23,1,1,10.0,2.66889e-08,-1.42875e-07,9.21934e-06,0.236738,0.123519,1.91662,0
0,2,1,10.0,8.66386e-09,-1.21726e-07,1.48685e-05,0.238326,0.128747,1.85111,0
1,2,1,10.0,1.7457e-07,3.98055e-07,1.45223e-05,0.2375,0.125964,1.88546,0
2,2,1,10.0,1.81817e-07,2.5303e-07,1.48925e-05,0.237104,0.124673,1.9018,0
3,2,1,10.0,1.97506e-07,1.63821e-07,1.56132e-05,0.236913,0.124065,1.90958,0
4,2,1,10.0,2.11511e-07,1.10196e-07,1.65358e-05,0.236822,0.123777,1.91329,0
5,2,1,10.0,2.128e-07,7.38822e-08,1.75437e-05,0.236778,0.12364,1.91506,0
6,2,1,10.0,2.03622e-07,5.22767e-08,1.85716e-05,0.236757,0.123575,1.91589,0
7,2,1,10.0,2.00899e-07,3.22128e-08,1.95526e-05,0.236747,0.123544,1.91629,0
8,2,1,10.0,2.12916e-07,3.31117e-08,2.0446e-05,0.236742,0.12353,1.91648,0
9,2,1,10.0,2.19624e-07,1.54388e-08,2.12199e-05,0.236739,0.123522,1.91658,0
10,2,1,10.0,2.33727e-07,2.88502e-08,2.18635e-05,0.236738,0.123519,1.91661,0
11,2,1,10.0,2.38335e-07,2.45351e-08,2.23645e-05,0.236738,0.123518,1.91663,0
12,2,1,10.0,1.77219e-07,-4.09003e-09,2.26771e-05,0.236738,0.123517,1.91664,0
13,2,1,10.0,9.05254e-08,7.3577e-10,2.26431e-05,0.238306,0.128703,1.8516,0
14,2,1,10.0,-2.02397e-08,-2.48461e-08,2.22936e-05,0.237491,0.125944,1.88569,0
15,2,1,10.0,1.0242e-09,1.10233e-08,2.16394e-05,0.237099,0.124664,1.90191,0
16,2,1,10.0,-2.21757e-10,2.64656e-08,2.07284e-05,0.236911,0.12406,1.90964,0
17,2,1,10.0,1.32244e-08,5.07203e-08,1.95962e-05,0.236821,0.123775,1.91331,0
18,2,1,10.0,3.45805e-08,5.62679e-08,1.8272e-05,0.236777,0.12364,1.91506,0
19,2,1,10.0,3.74637e-08,3.4393e-08,1.67778e-05,0.236756,0.123575,1.91589,0
20,2,1,10.0,2.10158e-08,1.06369e-08,1.50943e-05,0.236746,0.123544,1.9163,0
21,2,1,10.0,1.35787e-11,-1.9124e-08,1.31975e-05,0.236742,0.123529,1.91648,0
22,2,1,10.0,-2.69473e-08,-7.24826e-08,1.10417e-05,0.236739,0.123522,1.91657,0
23,2,1,10.0,-8.58112e-08,-1.48907e-07,8.55386e-06,0.236738,0.123519,1.91661,0
0,3,1,10.0,1.2105e-08,-1.29019e-07,1.46768e-05,0.238326,0.128747,1.85111,0
1,3,1,10.0,1.22387e-07,3.7222e-07,1.43508e-05,0.2375,0.125964,1.88546,0
2,3,1,10.0,1.36052e-07,2.27549e-07,1.47004e-05,0.237104,0.124673,1.9018,0
3,3,1,10.0,1.60512e-07,1.42354e-07,1.53862e-05,0.236913,0.124065,1.90958,0
4,3,1,10.0,1.5501e-07,8.50325e-08,1.62488e-05,0.236822,0.123777,1.91329,0
5,3,1,10.0,1.80607e-07,5.19578e-08,1.71904e-05,0.236778,0.12364,1.91506,0
6,3,1,10.0,1.51739e-07,2.99765e-08,1.81366e-05,0.236757,0.123575,1.91589,0
7,3,1,10.0,1.71218e-07,1.02205e-08,1.90384e-05,0.236747,0.123544,1.91629,0
8,3,1,10.0,1.7338e-07,5.17745e-09,1.98515e-05,0.236742,0.12353,1.91648,0
9,3,1,10.0,1.81598e-07,3.59673e-09,2.05432e-05,0.236739,0.123522,1.91658,0
10,3,1,10.0,2.00672e-07,-6.21214e-09,2.11009e-05,0.236738,0.123519,1.91661,0
11,3,1,10.0,1.66819e-07,-2.1461e-08,2.14951e-05,0.236738,0.123518,1.91663,0
12,3,1,10.0,8.47034e-08,-1.84836e-08,2.16852e-05,0.236738,0.123517,1.91664,0
13,3,1,10.0,4.16942e-08,9.28031e-09,2.1432e-05,0.238306,0.128703,1.8516,0
14,3,1,10.0,-8.64444e-08,-2.66214e-09,2.10047e-05,0.237491,0.125944,1.88569,0
15,3,1,10.0,-6.43556e-08,1.65272e-08,2.03336e-05,0.237099,0.124664,1.90191,0
16,3,1,10.0,-5.90541e-08,3.09686e-08,1.94436e-05,0.236911,0.12406,1.90964,0
17,3,1,10.0,-3.80358e-08,4.43291e-08,1.83645e-05,0.236821,0.123775,1.91331,0
18,3,1,10.0,-5.64725e-09,4.75318e-08,1.7123e-05,0.236777,0.12364,1.91506,0
19,3,1,10.0,-1.20656e-09,2.52172e-08,1.5711e-05,0.236756,0.123575,1.91589,0
20,3,1,10.0,-1.17122e-08,1.89395e-09,1.41084e-05,0.236746,0.123544,1.9163,0
21,3,1,10.0,-2.93313e-08,-2.76801e-08,1.22983e-05,0.236742,0.123529,1.91648,0
22,3,1,10.0,-4.90404e-08,-7.75246e-08,1.02461e-05,0.236739,0.123522,1.91657,0
23,3,1,10.0,-1.01024e-07,-1.47225e-07,7.88673e-06,0.236738,0.123519,1.91661,0
0,4,1,10.0,2.2417e-08,-4.42279e-08,1.45801e-05,0.238326,0.128747,1.85111,0
1,4,1,10.0,7.82122e-08,3.52862e-07,1.42601e-05,0.2375,0.125964,1.88546,0
2,4,1,10.0,1.2368e-07,2.20685e-07,1.46027e-05,0.237104,0.124673,1.9018,0
3,4,1,10.0,1.23181e-07,1.26413e-07,1.52678e-05,0.236913,0.124065,1.90958,0
4,4,1,10.0,1.36752e-07,7.23615e-08,1.60914e-05,0.236822,0.123777,1.91329,0
5,4,1,10.0,1.28865e-07,3.25002e-08,1.69886e-05,0.236778,0.12364,1.91506,0
6,4,1,10.0,1.21807e-07,1.13263e-08,1.78759e-05,0.236757,0.123575,1.91589,0
7,4,1,10.0,1.18786e-07,-1.17173e-08,1.87203e-05,0.236747,0.123544,1.91629,0
8,4,1,10.0,1.14406e-07,-9.42582e-09,1.94652e-05,0.236742,0.12353,1.91648,0
9,4,1,10.0,1.36474e-07,-1.93419e-08,2.00862e-05,0.236739,0.123522,1.91658,0
10,4,1,10.0,1.21511e-07,-3.18535e-08,2.05577e-05,0.236738,0.123519,1.91661,0
11,4,1,10.0,1.04716e-07,-2.88345e-08,2.08461e-05,0.236738,0.123518,1.91663,0
12,4,1,10.0,5.50912e-08,-2.12344e-08,2.09241e-05,0.236738,0.123517,1.91664,0
13,4,1,10.0,-1.29016e-08,5.17092e-09,2.04908e-05,0.238306,0.128703,1.8516,0
14,4,1,10.0,-9.00711e-08,-3.02123e-09,2.00028e-05,0.237491,0.125944,1.88569,0
15,4,1,10.0,-7.27808e-08,1.29172e-08,1.93141e-05,0.237099,0.124664,1.90191,0
16,4,1,10.0,-6.14958e-08,2.60825e-08,1.84404e-05,0.236911,0.12406,1.90964,0
17,4,1,10.0,-3.51515e-08,4.07818e-08,1.74054e-05,0.236821,0.123775,1.91331,0
18,4,1,10.0,-2.52331e-08,2.34761e-08,1.622e-05,0.236777,0.12364,1.91506,0
19,4,1,10.0,-2.02159e-08,8.26927e-09,1.48697e-05,0.236756,0.123575,1.91589,0
20,4,1,10.0,-2.24713e-08,9.22479e-10,1.33308e-05,0.236746,0.123544,1.9163,0
21,4,1,10.0,-2.06066e-08,-3.39938e-08,1.15947e-05,0.236742,0.123529,1.91648,0
22,4,1,10.0,-3.59434e-08,-8.44102e-08,9.62895e-06,0.236739,0.123522,1.91657,0
23,4,1,10.0,-6.83662e-08,-1.45844e-07,7.37567e-06,0.236738,0.123519,1.91661,0
0,5,1,10.0,1.79788e-08,-1.36367e-07,1.45917e-05,0.238326,0.128747,1.85111,0
1,5,1,10.0,3.6834e-08,3.59316e-07,1.42266e-05,0.2375,0.125964,1.88546,0
2,5,1,10.0,8.24197e-08,2.0146e-07,1.45603e-05,0.237104,0.124673,1.9018,0
3,5,1,10.0,4.78349e-08,1.28051e-07,1.51938e-05,0.236913,0.124065,1.90958,0
4,5,1,10.0,7.11078e-08,5.38017e-08,1.59875e-05,0.236822,0.123777,1.91329,0
5,5,1,10.0,5.42363e-08,3.61646e-08,1.68405e-05,0.236778,0.12364,1.91506,0
6,5,1,10.0,7.36721e-08,-8.6318e-09,1.76894e-05,0.236757,0.123575,1.91589,0
7,5,1,10.0,4.37006e-08,-9.20397e-10,1.84873e-05,0.236747,0.123544,1.91629,0
8,5,1,10.0,5.31663e-08,-3.28996e-08,1.91856e-05,0.236742,0.12353,1.91648,0
9,5,1,10.0,4.17557e-08,-1.60133e-08,1.97581e-05,0.236739,0.123522,1.91658,0
10,5,1,10.0,5.4458e-08,-4.48621e-08,2.0171e-05,0.236738,0.123519,1.91661,0
11,5,1,10.0,3.75266e-08,-6.45014e-08,2.04008e-05,0.236738,0.123517,1.91663,0
12,5,1,10.0,1.02177e-09,-4.63031e-08,2.04179e-05,0.236738,0.123517,1.91664,0
13,5,1,10.0,-3.5627e-08,-1.64973e-08,1.98911e-05,0.238306,0.128703,1.8516,0
14,5,1,10.0,-7.90606e-08,-2.19754e-08,1.93818e-05,0.237491,0.125944,1.88569,0
15,5,1,10.0,-6.08469e-08,-1.59332e-09,1.86971e-05,0.237099,0.124664,1.90191,0
16,5,1,10.0,-4.81421e-08,1.08975e-08,1.78438e-05,0.236911,0.12406,1.90964,0
17,5,1,10.0,-3.96931e-08,1.16213e-08,1.68371e-05,0.236821,0.123775,1.91331,0
18,5,1,10.0,-2.46147e-08,1.06203e-08,1.56819e-05,0.236777,0.123639,1.91506,0
19,5,1,10.0,-3.19029e-08,2.92431e-09,1.4366e-05,0.236756,0.123575,1.91589,0
20,5,1,10.0,-1.50332e-08,-1.43889e-08,1.28732e-05,0.236746,0.123544,1.9163,0
21,5,1,10.0,-5.95277e-09,-5.49726e-08,1.11933e-05,0.236742,0.123529,1.91648,0
22,5,1,10.0,-7.6542e-09,-9.64343e-08,9.28292e-06,0.236739,0.123522,1.91657,0
23,5,1,10.0,-1.85049e-08,-1.55795e-07,7.09804e-06,0.236738,0.123519,1.91661,0
0,6,1,10.0,1.42278e-09,-1.29465e-07,1.4591e-05,0.238326,0.128747,1.85111,0
1,6,1,10.0,1.30446e-08,3.48926e-07,1.4219e-05,0.2375,0.125964,1.88546,0
2,6,1,10.0,7.1729e-10,2.01145e-07,1.45345e-05,0.237104,0.124673,1.9018,0
3,6,1,10.0,2.74575e-08,1.09197e-07,1.51362e-05,0.236913,0.124065,1.90958,0
4,6,1,10.0,7.81029e-09,5.35496e-08,1.58977e-05,0.236822,0.123777,1.91329,0
5,6,1,10.0,2.62385e-08,1.95527e-08,1.67158e-05,0.236778,0.12364,1.91506,0
6,6,1,10.0,7.17835e-09,-2.51642e-09,1.75399e-05,0.236757,0.123575,1.91589,0
7,6,1,10.0,-1.65338e-09,-9.12681e-09,1.83061e-05,0.236747,0.123544,1.91629,0
8,6,1,10.0,-1.87962e-08,-2.7627e-08,1.8986e-05,0.236742,0.12353,1.91648,0
9,6,1,10.0,-1.0738e-08,-3.79595e-08,1.95351e-05,0.236739,0.123522,1.91658,0
10,6,1,10.0,-1.04885e-08,-5.47892e-08,1.99366e-05,0.236738,0.123519,1.91661,0
11,6,1,10.0,-2.43898e-08,-5.78007e-08,2.01589e-05,0.236738,0.123518,1.91663,0
12,6,1,10.0,-3.02707e-08,-3.94627e-08,2.01788e-05,0.236738,0.123517,1.91664,0
13,6,1,10.0,-4.5896e-08,-2.10148e-08,1.96748e-05,0.238306,0.128703,1.8516,0
14,6,1,10.0,-4.43506e-08,-2.52216e-08,1.91837e-05,0.237491,0.125944,1.88569,0
15,6,1,10.0,-3.98159e-08,-1.27031e-08,1.85207e-05,0.237099,0.124664,1.90191,0
16,6,1,10.0,-3.831e-08,3.93446e-09,1.76851e-05,0.236911,0.12406,1.90964,0
17,6,1,10.0,-2.54337e-08,7.76807e-09,1.66922e-05,0.236821,0.123775,1.91331,0
18,6,1,10.0,-2.04553e-08,2.98395e-09,1.55492e-05,0.236777,0.12364,1.91506,0
19,6,1,10.0,-1.36494e-08,-7.42934e-09,1.42426e-05,0.236756,0.123575,1.91589,0
20,6,1,10.0,-8.92061e-10,-2.86134e-08,1.27729e-05,0.236746,0.123544,1.9163,0
21,6,1,10.0,9.51211e-09,-5.90412e-08,1.11098e-05,0.236742,0.123529,1.91648,0
22,6,1,10.0,1.901e-08,-1.04929e-07,9.2199e-06,0.236739,0.123522,1.91657,0
23,6,1,10.0,2.38346e-08,-1.58301e-07,7.04784e-06,0.236738,0.123519,1.91661,0
0,7,1,10.0,7.12195e-09,-1.25574e-07,1.45896e-05,0.238326,0.128747,1.85111,0
1,7,1,10.0,-4.32256e-08,3.52296e-07,1.42547e-05,0.2375,0.125964,1.88546,0
2,7,1,10.0,-2.59858e-08,2.00583e-07,1.45551e-05,0.237104,0.124673,1.9018,0
3,7,1,10.0,-1.1734e-08,1.0928e-07,1.51422e-05,0.236913,0.124065,1.90958,0
4,7,1,10.0,-2.61421e-09,5.63202e-08,1.58763e-05,0.236822,0.123777,1.91329,0
5,7,1,10.0,-2.88001e-09,1.89913e-08,1.66805e-05,0.236778,0.12364,1.91506,0
6,7,1,10.0,-1.5851e-08,1.50118e-10,1.74857e-05,0.236757,0.123575,1.91589,0
7,7,1,10.0,-2.92527e-08,-1.4186e-08,1.82506e-05,0.236747,0.123544,1.91629,0
8,7,1,10.0,-4.16216e-08,-2.61046e-08,1.89432e-05,0.236742,0.12353,1.91648,0
9,7,1,10.0,-3.50551e-08,-3.66707e-08,1.95161e-05,0.236739,0.123522,1.91658,0
10,7,1,10.0,-1.37798e-08,-3.11869e-08,1.99588e-05,0.236738,0.123519,1.91661,0
11,7,1,10.0,-2.46217e-08,-4.76287e-08,2.02288e-05,0.236738,0.123518,1.91663,0
12,7,1,10.0,-3.20827e-08,-2.96705e-08,2.03018e-05,0.236738,0.123517,1.91664,0
13,7,1,10.0,-3.96329e-08,-8.91266e-09,1.98947e-05,0.238306,0.128703,1.8516,0
14,7,1,10.0,-1.35136e-08,-1.28244e-08,1.94409e-05,0.237491,0.125944,1.88569,0
15,7,1,10.0,-2.75785e-08,2.04833e-09,1.87959e-05,0.237099,0.124664,1.90191,0
16,7,1,10.0,-2.88684e-08,1.52952e-08,1.79664e-05,0.236911,0.12406,1.90964,0
17,7,1,10.0,-2.03267e-08,1.60048e-08,1.69744e-05,0.236821,0.123775,1.91331,0
18,7,1,10.0,-1.2411e-08,8.929e-09,1.5821e-05,0.236777,0.12364,1.91506,0
19,7,1,10.0,-1.96217e-09,-3.86509e-09,1.45042e-05,0.236756,0.123575,1.91589,0
20,7,1,10.0,8.09648e-09,-2.47711e-08,1.30131e-05,0.236746,0.123544,1.9163,0
21,7,1,10.0,2.19456e-08,-5.94099e-08,1.13276e-05,0.236742,0.123529,1.91648,0
22,7,1,10.0,3.28093e-08,-1.00374e-07,9.40583e-06,0.236739,0.123522,1.91657,0
23,7,1,10.0,6.01725e-08,-1.59663e-07,7.19933e-06,0.236738,0.123519,1.91661,0
0,8,1,10.0,2.81529e-08,-1.26765e-07,1.47264e-05,0.238326,0.128747,1.85111,0
1,8,1,10.0,-8.72492e-08,3.51862e-07,1.43997e-05,0.2375,0.125964,1.88546,0
2,8,1,10.0,-4.6937e-08,1.99145e-07,1.47022e-05,0.237104,0.124673,1.9018,0
3,8,1,10.0,-1.2627e-08,1.06325e-07,1.52862e-05,0.236913,0.124065,1.90958,0
4,8,1,10.0,1.10055e-08,4.91172e-08,1.60213e-05,0.236822,0.123777,1.91329,0
5,8,1,10.0,1.90049e-08,1.75965e-08,1.68251e-05,0.236778,0.12364,1.91506,0
6,8,1,10.0,1.43875e-08,-1.28405e-09,1.76416e-05,0.236757,0.123575,1.91589,0
7,8,1,10.0,1.2903e-08,-1.70966e-08,1.84331e-05,0.236747,0.123544,1.91629,0
8,8,1,10.0,-2.24001e-08,-2.61234e-08,1.91806e-05,0.236742,0.12353,1.91648,0
9,8,1,10.0,4.07601e-08,-1.47242e-08,1.98383e-05,0.236739,0.123522,1.91658,0
10,8,1,10.0,-8.6331e-09,-7.1743e-08,2.03687e-05,0.236738,0.123519,1.91661,0
11,8,1,10.0,-2.28822e-08,-2.95433e-08,2.07227e-05,0.236738,0.123518,1.91663,0
12,8,1,10.0,-1.96737e-08,-3.71477e-08,2.08754e-05,0.236738,0.123517,1.91664,0
13,8,1,10.0,-4.13686e-08,-2.49501e-08,2.05808e-05,0.238306,0.128703,1.8516,0
14,8,1,10.0,-1.49199e-08,-2.28186e-08,2.01523e-05,0.237491,0.125944,1.88569,0
15,8,1,10.0,-3.08112e-08,-6.53413e-09,1.95114e-05,0.237099,0.124664,1.90191,0
16,8,1,10.0,-3.05288e-08,4.27844e-09,1.86713e-05,0.236911,0.12406,1.90964,0
17,8,1,10.0,-2.33631e-08,7.68722e-09,1.76529e-05,0.236821,0.123775,1.91331,0
18,8,1,10.0,-1.29035e-08,2.31273e-10,1.64681e-05,0.236777,0.12364,1.91506,0
19,8,1,10.0,1.61153e-10,-1.22367e-08,1.51068e-05,0.236756,0.123575,1.91589,0
20,8,1,10.0,1.75867e-08,-3.16671e-08,1.35613e-05,0.236746,0.123544,1.9163,0
21,8,1,10.0,3.3252e-08,-6.19145e-08,1.18078e-05,0.236742,0.123529,1.91648,0
22,8,1,10.0,5.79577e-08,-1.06398e-07,9.81256e-06,0.236739,0.123522,1.91657,0
23,8,1,10.0,1.01132e-07,-1.67566e-07,7.52269e-06,0.236738,0.123519,1.91661,0
0,9,1,10.0,3.70541e-08,-1.25051e-07,1.49988e-05,0.238335,0.128769,1.85087,0
1,9,1,10.0,-1.5888e-07,3.51539e-07,1.46748e-05,0.237519,0.126006,1.88498,0
2,9,1,10.0,-1.07727e-07,1.95532e-07,1.49836e-05,0.237129,0.124729,1.90116,0
3,9,1,10.0,-5.70067e-08,9.74961e-08,1.55807e-05,0.236943,0.12413,1.90883,0
4,9,1,10.0,-2.11455e-08,3.83917e-08,1.63342e-05,0.236854,0.123847,1.91247,0
5,9,1,10.0,-2.84926e-09,1.91114e-09,1.7165e-05,0.236811,0.123712,1.91421,0
6,9,1,10.0,4.4807e-09,-2.03217e-08,1.8019e-05,0.236791,0.123649,1.91502,0
7,9,1,10.0,2.41222e-08,-3.71709e-08,1.88705e-05,0.236782,0.123619,1.91541,0
8,9,1,10.0,-1.62629e-08,-3.49962e-08,1.96926e-05,0.236767,0.123584,1.91584,0
9,9,1,10.0,-2.70783e-09,-7.76047e-08,2.04776e-05,0.238316,0.128724,1.85136,0
10,9,1,10.0,6.02456e-08,-1.62672e-07,2.11635e-05,0.23751,0.125986,1.88521,0
11,9,1,10.0,2.98642e-08,-1.90299e-07,2.16239e-05,0.237125,0.124719,1.90127,0
12,9,1,10.0,3.83255e-08,-1.77335e-07,2.18552e-05,0.236941,0.124125,1.90888,0
13,9,1,10.0,-1.63947e-08,-1.18712e-07,2.16381e-05,0.238316,0.128725,1.85136,0
14,9,1,10.0,2.52258e-08,-1.51288e-07,2.12503e-05,0.23751,0.125986,1.88521,0
15,9,1,10.0,-3.15508e-09,-1.122e-07,2.05995e-05,0.237125,0.12472,1.90127,0
16,9,1,10.0,-1.11465e-08,-8.24069e-08,1.97226e-05,0.236941,0.124125,1.90889,0
17,9,1,10.0,-4.52517e-09,-6.51879e-08,1.8653e-05,0.236853,0.123845,1.9125,0
18,9,1,10.0,-1.13174e-08,-5.58705e-08,1.7401e-05,0.236811,0.123712,1.91421,0
19,9,1,10.0,2.52987e-09,-6.06348e-08,1.59669e-05,0.236791,0.123649,1.91503,0
20,9,1,10.0,1.66503e-08,-6.76777e-08,1.43341e-05,0.236781,0.123619,1.91542,0
21,9,1,10.0,4.40992e-08,-9.54117e-08,1.24859e-05,0.236777,0.123605,1.9156,0
22,9,1,10.0,7.31673e-08,-1.31946e-07,1.03805e-05,0.236775,0.123598,1.91568,0
23,9,1,10.0,1.25117e-07,-1.89747e-07,7.97016e-06,0.236774,0.123595,1.91572,0
0,10,1,10.0,5.21395e-08,-1.18477e-07,1.53668e-05,0.238326,0.128747,1.85111,0
1,10,1,10.0,-2.49395e-07,3.65285e-07,1.50754e-05,0.2375,0.125964,1.88546,0
2,10,1,10.0,-1.68785e-07,2.19371e-07,1.53916e-05,0.237104,0.124673,1.9018,0
3,10,1,10.0,-1.03417e-07,1.23361e-07,1.60063e-05,0.236913,0.124066,1.90958,0
4,10,1,10.0,-5.11054e-08,6.49738e-08,1.67894e-05,0.236822,0.123778,1.91328,0
5,10,1,10.0,-2.07794e-08,2.96247e-08,1.76611e-05,0.236778,0.123641,1.91505,0
6,10,1,10.0,1.02744e-08,7.62169e-09,1.8574e-05,0.236757,0.123576,1.91589,0
7,10,1,10.0,2.44865e-08,-1.49776e-08,1.94989e-05,0.236747,0.123545,1.91628,0
8,10,1,10.0,2.5343e-08,-1.17661e-08,2.04042e-05,0.236732,0.123509,1.91672,0
9,10,1,10.0,4.64987e-09,-3.32582e-08,2.12894e-05,0.238306,0.128702,1.85161,0
10,10,1,10.0,9.67356e-08,-1.79619e-07,2.21019e-05,0.237491,0.125944,1.88569,0
11,10,1,10.0,9.02093e-08,-1.72555e-07,2.26635e-05,0.2371,0.124664,1.90191,0
12,10,1,10.0,5.73947e-08,-1.54195e-07,2.29652e-05,0.236911,0.124061,1.90963,0
13,10,1,10.0,1.33522e-09,-1.01489e-07,2.28152e-05,0.238306,0.128703,1.8516,0
14,10,1,10.0,2.73089e-08,-1.47841e-07,2.24581e-05,0.237491,0.125944,1.88568,0
15,10,1,10.0,-8.04111e-10,-1.19586e-07,2.17987e-05,0.2371,0.124664,1.90191,0
16,10,1,10.0,1.04942e-09,-9.15169e-08,2.08907e-05,0.236911,0.124061,1.90964,0
17,10,1,10.0,-8.40278e-10,-7.07586e-08,1.97654e-05,0.236821,0.123776,1.91331,0
18,10,1,10.0,-1.12513e-09,-6.29432e-08,1.84393e-05,0.236778,0.12364,1.91506,0
19,10,1,10.0,1.28961e-09,-6.23377e-08,1.69192e-05,0.236757,0.123575,1.91589,0
20,10,1,10.0,2.44814e-08,-7.87545e-08,1.51925e-05,0.236747,0.123544,1.91629,0
21,10,1,10.0,4.94241e-08,-1.00743e-07,1.32366e-05,0.236742,0.12353,1.91648,0
22,10,1,10.0,9.12252e-08,-1.4456e-07,1.10099e-05,0.23674,0.123523,1.91656,0
23,10,1,10.0,1.60021e-07,-2.08526e-07,8.45819e-06,0.236739,0.12352,1.91661,0
0,11,1,10.0,8.53623e-08,-1.07753e-07,1.59208e-05,0.238326,0.128747,1.85111,0
1,11,1,10.0,-3.34839e-07,3.73714e-07,1.5685e-05,0.2375,0.125964,1.88546,0
2,11,1,10.0,-2.01792e-07,2.35217e-07,1.60271e-05,0.237104,0.124673,1.9018,0
3,11,1,10.0,-1.05341e-07,1.38192e-07,1.6677e-05,0.236913,0.124065,1.90958,0
4,11,1,10.0,-3.0145e-08,7.53171e-08,1.75103e-05,0.236822,0.123777,1.91329,0
5,11,1,10.0,2.89512e-08,3.68377e-08,1.84462e-05,0.236778,0.12364,1.91506,0
6,11,1,10.0,7.17727e-08,8.55285e-09,1.94364e-05,0.236757,0.123575,1.91589,0
7,11,1,10.0,1.051e-07,-1.71482e-08,2.04468e-05,0.236747,0.123544,1.91629,0
8,11,1,10.0,1.18324e-07,-1.33907e-08,2.14406e-05,0.236732,0.123509,1.91672,0
9,11,1,10.0,9.27827e-08,-3.81489e-08,2.24092e-05,0.238306,0.128702,1.85161,0
10,11,1,10.0,2.2184e-07,-1.80808e-07,2.33182e-05,0.237491,0.125944,1.88569,0
11,11,1,10.0,1.89275e-07,-1.78197e-07,2.39558e-05,0.237099,0.124664,1.90191,0
12,11,1,10.0,1.44819e-07,-1.58035e-07,2.43017e-05,0.236911,0.124061,1.90963,0
13,11,1,10.0,1.08788e-07,-9.00885e-08,2.41962e-05,0.238306,0.128703,1.8516,0
14,11,1,10.0,1.26756e-07,-1.44483e-07,2.38388e-05,0.237491,0.125944,1.88569,0
15,11,1,10.0,9.50728e-08,-1.09844e-07,2.31573e-05,0.237099,0.124664,1.90191,0
16,11,1,10.0,7.84641e-08,-8.29247e-08,2.22079e-05,0.236911,0.12406,1.90964,0
17,11,1,10.0,7.29355e-08,-6.83221e-08,2.10194e-05,0.236821,0.123775,1.91331,0
18,11,1,10.0,6.97679e-08,-6.09142e-08,1.96126e-05,0.236777,0.12364,1.91506,0
19,11,1,10.0,7.37927e-08,-6.38338e-08,1.79958e-05,0.236756,0.123575,1.91589,0
20,11,1,10.0,8.92311e-08,-8.04651e-08,1.61609e-05,0.236746,0.123544,1.9163,0
21,11,1,10.0,1.12756e-07,-1.06702e-07,1.40803e-05,0.236742,0.123529,1.91648,0
22,11,1,10.0,1.59383e-07,-1.5449e-07,1.17137e-05,0.236739,0.123522,1.91657,0
23,11,1,10.0,2.34669e-07,-2.2528e-07,9.00453e-06,0.236738,0.123519,1.91661,0
0,12,1,10.0,1.2117e-07,-8.23753e-08,1.67786e-05,0.238326,0.128747,1.85111,0
1,12,1,10.0,-4.40723e-07,4.25434e-07,1.66044e-05,0.2375,0.125964,1.88546,0
2,12,1,10.0,-2.63551e-07,2.67944e-07,1.69926e-05,0.237104,0.124673,1.9018,0
3,12,1,10.0,-1.30476e-07,1.65019e-07,1.77047e-05,0.236913,0.124065,1.90958,0
4,12,1,10.0,-2.56774e-08,9.273e-08,1.86172e-05,0.236822,0.123777,1.91329,0
5,12,1,10.0,5.42381e-08,4.62006e-08,1.96463e-05,0.236778,0.12364,1.91506,0
6,12,1,10.0,1.20227e-07,9.30652e-09,2.07379e-05,0.236757,0.123575,1.91589,0
7,12,1,10.0,1.59647e-07,-1.96542e-08,2.18516e-05,0.236747,0.123544,1.91629,0
8,12,1,10.0,1.99635e-07,-3.63991e-08,2.29355e-05,0.236732,0.123509,1.91672,0
9,12,1,10.0,1.6509e-07,-2.1716e-08,2.39756e-05,0.238306,0.128702,1.85161,0
10,12,1,10.0,3.28324e-07,-1.93497e-07,2.4967e-05,0.237491,0.125944,1.88569,0
11,12,1,10.0,2.78719e-07,-1.4592e-07,2.56418e-05,0.237099,0.124664,1.90191,0
12,12,1,10.0,2.61135e-07,-1.37164e-07,2.60283e-05,0.236911,0.124061,1.90963,0
13,12,1,10.0,1.95735e-07,-2.64529e-08,2.81394e-05,0.238316,0.128725,1.85136,0
14,12,1,10.0,2.73106e-07,-5.6532e-08,2.77189e-05,0.23751,0.125986,1.88521,0
15,12,1,10.0,2.46415e-07,-4.31931e-08,2.69406e-05,0.237125,0.12472,1.90127,0
16,12,1,10.0,2.24059e-07,-3.20047e-08,2.58389e-05,0.236941,0.124125,1.90889,0
17,12,1,10.0,1.96957e-07,-6.76282e-08,2.25782e-05,0.236807,0.123745,1.91367,0
18,12,1,10.0,1.81364e-07,-6.18192e-08,2.10613e-05,0.236771,0.123625,1.91523,0
19,12,1,10.0,1.75016e-07,-7.03853e-08,1.93202e-05,0.236753,0.123568,1.91597,0
20,12,1,10.0,1.81127e-07,-8.7905e-08,1.73455e-05,0.236745,0.12354,1.91634,0
21,12,1,10.0,2.0318e-07,-1.19048e-07,1.51096e-05,0.236741,0.123528,1.9165,0
22,12,1,10.0,2.51364e-07,-1.70146e-07,1.2573e-05,0.236739,0.123522,1.91658,0
23,12,1,10.0,3.19066e-07,-2.47097e-07,9.66661e-06,0.236738,0.123519,1.91662,0
0,13,1,10.0,2.88714e-07,-1.3815e-07,1.98763e-05,0.238326,0.128747,1.85111,0
1,13,1,10.0,-6.90643e-07,5.40593e-07,1.96488e-05,0.2375,0.125964,1.88546,0
2,13,1,10.0,-3.814e-07,3.64975e-07,2.01488e-05,0.237104,0.124673,1.9018,0
3,13,1,10.0,-1.56944e-07,2.20416e-07,2.10772e-05,0.236913,0.124065,1.90958,0
4,13,1,10.0,1.11494e-08,1.33119e-07,2.22727e-05,0.236822,0.123777,1.91329,0
5,13,1,10.0,1.49004e-07,7.34381e-08,2.36144e-05,0.236778,0.12364,1.91506,0
6,13,1,10.0,2.49003e-07,3.15707e-08,2.50125e-05,0.236757,0.123575,1.91589,0
7,13,1,10.0,2.9336e-07,-1.38128e-08,2.63861e-05,0.236747,0.123544,1.91629,0
8,13,1,10.0,3.24046e-07,-1.60257e-08,2.76687e-05,0.236742,0.12353,1.91648,0
9,13,1,10.0,2.48974e-07,7.03412e-09,2.87991e-05,0.236739,0.123522,1.91657,0
10,13,1,10.0,2.78114e-07,-1.88285e-08,2.97669e-05,0.236738,0.123519,1.91661,0
11,13,1,10.0,2.67846e-07,-3.07722e-08,3.0526e-05,0.236738,0.123518,1.91663,0
12,13,1,10.0,2.29983e-07,-3.61289e-08,3.09788e-05,0.236738,0.123517,1.91664,0
13,13,1,10.0,1.66357e-07,-1.33158e-08,3.08858e-05,0.238306,0.128703,1.8516,0
14,13,1,10.0,2.04769e-07,-3.06574e-08,3.03786e-05,0.237491,0.125944,1.88568,0
15,13,1,10.0,1.87905e-07,-2.5169e-08,2.94764e-05,0.2371,0.124664,1.90191,0
16,13,1,10.0,1.54655e-07,3.69458e-09,2.822e-05,0.236911,0.124061,1.90964,0
17,13,1,10.0,1.76619e-07,-9.47589e-10,2.66495e-05,0.236821,0.123775,1.91331,0
18,13,1,10.0,1.86041e-07,1.78454e-09,2.48061e-05,0.236777,0.12364,1.91506,0
19,13,1,10.0,2.14955e-07,-2.08214e-08,2.27119e-05,0.236757,0.123575,1.91589,0
20,13,1,10.0,2.31276e-07,-4.90162e-08,2.03596e-05,0.236746,0.123544,1.9163,0
21,13,1,10.0,2.76412e-07,-1.02563e-07,1.77251e-05,0.236742,0.123529,1.91648,0
22,13,1,10.0,3.26176e-07,-1.60519e-07,1.47479e-05,0.236739,0.123522,1.91657,0
23,13,1,10.0,4.22567e-07,-2.60449e-07,1.13397e-05,0.236738,0.123519,1.91661,0
0,14,1,10.0,3.50943e-07,-1.40564e-07,2.21428e-05,0.238326,0.128747,1.85111,0
1,14,1,10.0,-8.0107e-07,6.36709e-07,2.17923e-05,0.2375,0.125964,1.88546,0
2,14,1,10.0,-4.17512e-07,4.11575e-07,2.23819e-05,0.237104,0.124673,1.9018,0
3,14,1,10.0,-1.46524e-07,2.56569e-07,2.35007e-05,0.236913,0.124065,1.90958,0
4,14,1,10.0,5.73307e-08,1.52125e-07,2.49382e-05,0.236822,0.123777,1.91329,0
5,14,1,10.0,2.24742e-07,8.23683e-08,2.65408e-05,0.236778,0.12364,1.91506,0
6,14,1,10.0,3.34805e-07,3.68422e-08,2.81771e-05,0.236757,0.123575,1.91589,0
7,14,1,10.0,3.85948e-07,5.32295e-09,2.97473e-05,0.236747,0.123544,1.91629,0
8,14,1,10.0,4.07491e-07,-1.6104e-08,3.1173e-05,0.236742,0.12353,1.91648,0
9,14,1,10.0,3.52207e-07,-1.26633e-08,3.23983e-05,0.236739,0.123522,1.91658,0
10,14,1,10.0,3.37428e-07,-9.90166e-09,3.34322e-05,0.236738,0.123519,1.91661,0
11,14,1,10.0,2.49721e-07,-3.05905e-08,3.41965e-05,0.236738,0.123518,1.91663,0
12,14,1,10.0,1.87457e-07,-4.81813e-08,3.46137e-05,0.236738,0.123517,1.91664,0
13,14,1,10.0,9.61713e-08,3.48549e-09,3.43464e-05,0.238306,0.128703,1.8516,0
14,14,1,10.0,1.4053e-07,-1.30123e-08,3.36776e-05,0.237491,0.125944,1.88569,0
15,14,1,10.0,1.4502e-07,1.78452e-09,3.25653e-05,0.237099,0.124664,1.90191,0
16,14,1,10.0,1.5823e-07,6.99819e-09,3.10727e-05,0.236911,0.12406,1.90964,0
17,14,1,10.0,1.86527e-07,9.33864e-09,2.92685e-05,0.236821,0.123775,1.91331,0
18,14,1,10.0,2.24665e-07,9.94232e-10,2.71822e-05,0.236777,0.12364,1.91506,0
19,14,1,10.0,2.61986e-07,-2.11185e-08,2.48438e-05,0.236756,0.123575,1.91589,0
20,14,1,10.0,2.97865e-07,-5.72443e-08,2.22433e-05,0.236746,0.123544,1.9163,0
21,14,1,10.0,3.4117e-07,-1.11565e-07,1.93599e-05,0.236742,0.123529,1.91648,0
22,14,1,10.0,3.97367e-07,-1.79817e-07,1.61154e-05,0.236739,0.123522,1.91657,0
23,14,1,10.0,4.96113e-07,-2.87027e-07,1.24135e-05,0.236738,0.123519,1.91661,0
0,15,1,10.0,4.25963e-07,-1.88657e-07,2.48203e-05,0.238326,0.128747,1.85111,0
1,15,1,10.0,-8.61153e-07,7.23837e-07,2.42935e-05,0.2375,0.125964,1.88546,0
2,15,1,10.0,-4.28356e-07,4.67503e-07,2.50045e-05,0.237104,0.124673,1.9018,0
3,15,1,10.0,-1.47356e-07,2.83788e-07,2.63667e-05,0.236913,0.124065,1.90958,0
4,15,1,10.0,9.01414e-08,1.63817e-07,2.81221e-05,0.236822,0.123777,1.91329,0
5,15,1,10.0,2.51833e-07,7.05233e-08,3.00672e-05,0.236778,0.12364,1.91506,0
6,15,1,10.0,3.8033e-07,2.11396e-08,3.20224e-05,0.236757,0.123575,1.91589,0
7,15,1,10.0,4.27406e-07,-1.94948e-08,3.38569e-05,0.236747,0.123544,1.91629,0
8,15,1,10.0,4.31656e-07,-4.83112e-08,3.54757e-05,0.236742,0.12353,1.91648,0
9,15,1,10.0,4.24268e-07,-2.31687e-08,3.68384e-05,0.236739,0.123522,1.91658,0
10,15,1,10.0,3.0608e-07,-5.46143e-08,3.79185e-05,0.236738,0.123519,1.91661,0
11,15,1,10.0,1.93627e-07,-4.23603e-08,3.86356e-05,0.236738,0.123518,1.91663,0
12,15,1,10.0,1.26602e-07,3.44684e-09,3.89853e-05,0.236738,0.123517,1.91664,0
13,15,1,10.0,-6.16669e-08,4.95071e-08,3.85221e-05,0.238306,0.128703,1.8516,0
14,15,1,10.0,7.72012e-09,3.30954e-08,3.76371e-05,0.237491,0.125944,1.88569,0
15,15,1,10.0,9.14655e-08,4.39593e-08,3.62018e-05,0.237099,0.124664,1.90191,0
16,15,1,10.0,1.57753e-07,3.01144e-08,3.4385e-05,0.236911,0.12406,1.90964,0
17,15,1,10.0,2.20575e-07,1.7397e-08,3.22599e-05,0.236821,0.123775,1.91331,0
18,15,1,10.0,2.87686e-07,-3.40616e-09,2.98726e-05,0.236777,0.12364,1.91506,0
19,15,1,10.0,3.47831e-07,-2.85566e-08,2.72373e-05,0.236756,0.123575,1.91589,0
20,15,1,10.0,4.07572e-07,-7.4321e-08,2.4358e-05,0.236746,0.123544,1.9163,0
21,15,1,10.0,4.38971e-07,-1.26342e-07,2.1193e-05,0.236742,0.123529,1.91648,0
22,15,1,10.0,4.97551e-07,-2.08453e-07,1.76587e-05,0.236739,0.123522,1.91657,0
23,15,1,10.0,5.75521e-07,-3.18895e-07,1.36288e-05,0.236738,0.123519,1.91661,0
0,16,1,10.0,4.58716e-07,-2.53456e-07,2.77891e-05,0.238326,0.128747,1.85111,0
1,16,1,10.0,-8.44833e-07,7.88096e-07,2.70122e-05,0.2375,0.125964,1.88546,0
2,16,1,10.0,-4.33571e-07,4.55831e-07,2.7855e-05,0.237104,0.124673,1.9018,0
3,16,1,10.0,-6.85349e-08,2.57944e-07,2.95116e-05,0.236913,0.124065,1.90958,0
4,16,1,10.0,1.36801e-07,1.23214e-07,3.16322e-05,0.236822,0.123777,1.91329,0
5,16,1,10.0,3.00441e-07,1.78278e-09,3.39726e-05,0.236778,0.12364,1.91506,0
6,16,1,10.0,3.89899e-07,-8.94314e-08,3.62979e-05,0.236757,0.123575,1.91589,0
7,16,1,10.0,4.09481e-07,-1.13781e-07,3.84412e-05,0.236747,0.123544,1.91629,0
8,16,1,10.0,4.84789e-07,-9.73494e-08,4.0305e-05,0.236742,0.12353,1.91648,0
9,16,1,10.0,4.15295e-07,-1.32904e-07,4.1808e-05,0.236739,0.123522,1.91658,0
10,16,1,10.0,2.09457e-07,-5.95492e-08,4.28628e-05,0.236738,0.123519,1.91661,0
11,16,1,10.0,2.12934e-07,-6.26803e-08,4.35226e-05,0.236738,0.123517,1.91663,0
12,16,1,10.0,9.28027e-08,-2.65063e-08,4.3808e-05,0.236738,0.123517,1.91664,0
13,16,1,10.0,-1.29115e-07,1.65906e-07,4.3304e-05,0.238306,0.128703,1.8516,0
14,16,1,10.0,-6.32757e-08,1.32451e-07,4.21462e-05,0.237491,0.125944,1.88569,0
15,16,1,10.0,6.93908e-08,4.19808e-08,4.0183e-05,0.237099,0.124664,1.90191,0
16,16,1,10.0,1.94694e-07,2.46768e-08,3.79147e-05,0.236911,0.12406,1.90964,0
17,16,1,10.0,3.15875e-07,-2.59336e-08,3.54051e-05,0.236821,0.123775,1.91331,0
18,16,1,10.0,4.68356e-07,-4.98869e-08,3.26785e-05,0.236777,0.123639,1.91506,0
19,16,1,10.0,5.84447e-07,-8.62658e-08,2.97186e-05,0.236756,0.123575,1.91589,0
20,16,1,10.0,6.28942e-07,-1.31638e-07,2.65403e-05,0.236746,0.123544,1.9163,0
21,16,1,10.0,6.5882e-07,-1.80591e-07,2.30828e-05,0.236742,0.123529,1.91648,0
22,16,1,10.0,6.71322e-07,-2.49802e-07,1.92416e-05,0.236739,0.123522,1.91657,0
23,16,1,10.0,7.18776e-07,-3.67606e-07,1.48742e-05,0.236738,0.123519,1.91661,0
0,17,1,10.0,4.13078e-07,-2.54464e-07,3.06805e-05,0.238335,0.128769,1.85087,0
1,17,1,10.0,-7.77109e-07,8.3998e-07,2.96653e-05,0.237519,0.126006,1.88498,0
2,17,1,10.0,-3.28315e-07,5.69474e-07,3.06502e-05,0.237129,0.124729,1.90116,0
3,17,1,10.0,-3.72106e-08,2.24224e-07,3.26046e-05,0.236943,0.12413,1.90883,0
4,17,1,10.0,2.20107e-07,3.342e-08,3.51056e-05,0.236854,0.123847,1.91247,0
5,17,1,10.0,3.02527e-07,-8.40813e-08,3.78197e-05,0.236811,0.123713,1.91421,0
6,17,1,10.0,3.41277e-07,-7.27081e-08,4.04948e-05,0.236791,0.123649,1.91502,0
7,17,1,10.0,3.57481e-07,-1.30965e-07,4.29503e-05,0.236782,0.123619,1.91541,0
8,17,1,10.0,3.17559e-07,-2.02762e-07,4.50506e-05,0.236777,0.123605,1.91559,0
9,17,1,10.0,9.58635e-08,-1.00962e-07,4.6637e-05,0.236775,0.123598,1.91569,0
10,17,1,10.0,1.54142e-07,-7.4192e-08,4.76433e-05,0.236774,0.123595,1.91572,0
11,17,1,10.0,1.09747e-07,-6.30326e-08,4.81994e-05,0.236773,0.123593,1.91574,0
12,17,1,10.0,-9.69698e-10,5.10308e-08,4.84075e-05,0.236773,0.123593,1.91575,0
13,17,1,10.0,-1.19456e-07,2.41431e-07,4.79046e-05,0.238316,0.128725,1.85136,0
14,17,1,10.0,-1.06152e-07,2.19121e-07,4.64757e-05,0.23751,0.125986,1.88521,0
15,17,1,10.0,-3.90382e-08,1.21753e-07,4.40628e-05,0.237125,0.12472,1.90127,0
16,17,1,10.0,9.26251e-08,-5.20392e-09,4.12228e-05,0.236931,0.124104,1.90914,0
17,17,1,10.0,2.08006e-07,-1.35301e-08,3.82907e-05,0.238316,0.128725,1.85136,0
18,17,1,10.0,1.11263e-07,1.04471e-07,3.50873e-05,0.23751,0.125986,1.88521,0
19,17,1,10.0,2.62185e-07,2.00565e-08,3.17848e-05,0.237125,0.12472,1.90127,0
20,17,1,10.0,3.76734e-07,-1.91007e-08,2.83295e-05,0.236941,0.124125,1.90889,0
21,17,1,10.0,4.23797e-07,-9.69141e-08,2.46117e-05,0.236853,0.123845,1.9125,0
22,17,1,10.0,4.64112e-07,-1.68195e-07,2.0502e-05,0.236811,0.123712,1.91421,0
23,17,1,10.0,5.36538e-07,-3.00426e-07,1.58507e-05,0.236791,0.123649,1.91503,0
0,18,1,10.0,3.18203e-07,-3.65894e-07,3.3178e-05,0.238326,0.128747,1.85111,0
1,18,1,10.0,-6.00272e-07,9.4771e-07,3.19108e-05,0.2375,0.125964,1.88546,0
2,18,1,10.0,-2.57551e-07,4.88645e-07,3.30103e-05,0.237104,0.124673,1.9018,0
3,18,1,10.0,5.47721e-08,2.70069e-07,3.5215e-05,0.236913,0.124066,1.90958,0
4,18,1,10.0,1.42411e-07,1.09068e-07,3.79843e-05,0.236822,0.123778,1.91328,0
5,18,1,10.0,2.18836e-07,2.33081e-08,4.09739e-05,0.236778,0.123641,1.91505,0
6,18,1,10.0,1.95638e-07,-8.66501e-08,4.39036e-05,0.236757,0.123576,1.91589,0
7,18,1,10.0,7.74443e-08,-9.86134e-08,4.65968e-05,0.236747,0.123545,1.91628,0
8,18,1,10.0,-5.74947e-08,-5.96529e-08,4.8858e-05,0.236742,0.12353,1.91647,0
9,18,1,10.0,-8.70175e-08,9.06248e-08,5.05566e-05,0.23674,0.123523,1.91657,0
10,18,1,10.0,-3.46629e-09,-5.56715e-09,5.14562e-05,0.236739,0.12352,1.91661,0
11,18,1,10.0,-8.99874e-08,9.24225e-08,5.17057e-05,0.236738,0.123518,1.91663,0
12,18,1,10.0,-1.06679e-07,3.84952e-08,5.18208e-05,0.236738,0.123517,1.91664,0
13,18,1,10.0,-1.48821e-07,2.61641e-07,5.12811e-05,0.238306,0.128703,1.8516,0
14,18,1,10.0,-1.25463e-07,2.44386e-07,4.97033e-05,0.237491,0.125944,1.88568,0
15,18,1,10.0,-8.30436e-08,1.30271e-07,4.70189e-05,0.2371,0.124664,1.90191,0
16,18,1,10.0,-7.63168e-08,5.01272e-08,4.38561e-05,0.236901,0.12404,1.90988,0
17,18,1,10.0,2.37789e-08,-1.01515e-07,4.05866e-05,0.238306,0.128703,1.8516,0
18,18,1,10.0,-6.66149e-08,1.02868e-07,3.7042e-05,0.237491,0.125944,1.88568,0
19,18,1,10.0,5.8122e-08,1.1435e-08,3.35008e-05,0.2371,0.124664,1.90191,0
20,18,1,10.0,2.2987e-07,-8.66863e-08,2.97722e-05,0.236911,0.124061,1.90964,0
21,18,1,10.0,3.04751e-07,-1.27992e-07,2.57969e-05,0.236821,0.123776,1.91331,0
22,18,1,10.0,3.82612e-07,-2.39899e-07,2.14636e-05,0.236778,0.12364,1.91506,0
23,18,1,10.0,4.39797e-07,-3.71362e-07,1.6596e-05,0.236757,0.123575,1.91589,0
0,19,1,10.0,1.1654e-07,-1.81904e-07,3.48365e-05,0.238326,0.128747,1.85111,0
1,19,1,10.0,-3.43156e-07,9.55283e-07,3.34687e-05,0.2375,0.125964,1.88546,0
2,19,1,10.0,-5.68625e-08,6.52712e-07,3.46612e-05,0.237104,0.124673,1.9018,0
3,19,1,10.0,1.65862e-08,3.16345e-07,3.70005e-05,0.236913,0.124065,1.90958,0
4,19,1,10.0,1.72841e-07,1.22518e-07,3.99192e-05,0.236822,0.123777,1.91329,0
5,19,1,10.0,1.41993e-07,1.87643e-08,4.30333e-05,0.236778,0.12364,1.91506,0
6,19,1,10.0,5.49385e-08,3.68668e-08,4.60385e-05,0.236757,0.123575,1.91589,0
7,19,1,10.0,8.32445e-09,4.0983e-08,4.8902e-05,0.236747,0.123544,1.91629,0
8,19,1,10.0,-1.3383e-07,2.12686e-07,5.1281e-05,0.236742,0.12353,1.91648,0
9,19,1,10.0,-3.68529e-08,9.92546e-08,5.28236e-05,0.236739,0.123522,1.91658,0
10,19,1,10.0,-1.27672e-07,3.2721e-08,5.3466e-05,0.236738,0.123519,1.91661,0
11,19,1,10.0,-1.63944e-07,1.04082e-07,5.36132e-05,0.236738,0.123518,1.91663,0
12,19,1,10.0,-2.55624e-07,6.29876e-08,5.36935e-05,0.236738,0.123517,1.91664,0
13,19,1,10.0,-1.83416e-07,2.7266e-07,5.32319e-05,0.238306,0.128703,1.8516,0
14,19,1,10.0,-1.89308e-07,2.32377e-07,5.16688e-05,0.237491,0.125944,1.88569,0
15,19,1,10.0,-2.83508e-07,1.6901e-07,4.89446e-05,0.237099,0.124664,1.90191,0
16,19,1,10.0,-2.96823e-07,9.04838e-08,4.56772e-05,0.236901,0.124039,1.90989,0
17,19,1,10.0,-2.91196e-07,2.98943e-08,4.23099e-05,0.238306,0.128703,1.8516,0
18,19,1,10.0,-2.15265e-07,2.00782e-07,3.8729e-05,0.237491,0.125944,1.88569,0
19,19,1,10.0,-9.41107e-08,1.01255e-07,3.49619e-05,0.237099,0.124664,1.90191,0
20,19,1,10.0,8.51207e-08,-8.30573e-08,3.08338e-05,0.236911,0.12406,1.90964,0
21,19,1,10.0,2.32936e-07,-1.95635e-07,2.65998e-05,0.236821,0.123775,1.91331,0
22,19,1,10.0,3.07083e-07,-3.04753e-07,2.20935e-05,0.236777,0.12364,1.91506,0
23,19,1,10.0,3.2047e-07,-4.35912e-07,1.70677e-05,0.236756,0.123575,1.91589,0
0,20,1,10.0,1.25435e-08,-3.97453e-07,3.55619e-05,0.238326,0.128747,1.85111,0
1,20,1,10.0,-8.56034e-08,1.08228e-06,3.41706e-05,0.2375,0.125964,1.88546,0
2,20,1,10.0,-2.45352e-08,5.98096e-07,3.53825e-05,0.237104,0.124673,1.9018,0
3,20,1,10.0,-4.09665e-08,3.4143e-07,3.77121e-05,0.236913,0.124065,1.90958,0
4,20,1,10.0,-6.62662e-09,1.82132e-07,4.06134e-05,0.236822,0.123777,1.91329,0
5,20,1,10.0,-2.17206e-07,8.95101e-08,4.36087e-05,0.236778,0.12364,1.91506,0
6,20,1,10.0,-1.75109e-07,-7.30807e-08,4.64691e-05,0.236757,0.123575,1.91589,0
7,20,1,10.0,-1.90596e-07,7.94563e-08,4.90982e-05,0.236747,0.123544,1.91629,0
8,20,1,10.0,-2.03589e-07,4.40248e-08,5.13755e-05,0.236742,0.12353,1.91648,0
9,20,1,10.0,-3.07628e-07,-1.27534e-08,5.28513e-05,0.236739,0.123522,1.91658,0
10,20,1,10.0,-3.71205e-07,7.63572e-08,5.34905e-05,0.236738,0.123519,1.91661,0
11,20,1,10.0,-5.26192e-07,-5.48335e-10,5.38422e-05,0.236738,0.123517,1.91663,0
12,20,1,10.0,-4.5547e-07,1.51859e-07,5.40364e-05,0.236738,0.123517,1.91664,0
13,20,1,10.0,-3.73911e-07,3.12089e-07,5.37846e-05,0.238306,0.128703,1.8516,0
14,20,1,10.0,-3.18238e-07,2.47859e-07,5.23897e-05,0.237491,0.125944,1.88569,0
15,20,1,10.0,-3.94856e-07,3.23761e-07,4.98863e-05,0.237099,0.124664,1.90191,0
16,20,1,10.0,-4.06595e-07,2.25485e-07,4.66854e-05,0.236901,0.124039,1.90989,0
17,20,1,10.0,-4.18298e-07,1.81934e-07,4.34257e-05,0.238306,0.128703,1.8516,0
18,20,1,10.0,-1.33798e-07,3.85577e-07,3.98275e-05,0.237491,0.125944,1.88569,0
19,20,1,10.0,-2.81633e-08,1.94698e-07,3.58045e-05,0.237099,0.124664,1.90191,0
20,20,1,10.0,1.70747e-08,-2.20497e-08,3.14399e-05,0.236911,0.12406,1.90964,0
21,20,1,10.0,6.09645e-08,-2.27149e-07,2.69484e-05,0.236821,0.123775,1.91331,0
22,20,1,10.0,8.46292e-08,-3.47234e-07,2.23336e-05,0.236777,0.123639,1.91506,0
23,20,1,10.0,8.05784e-08,-4.72637e-07,1.72256e-05,0.236756,0.123575,1.91589,0
0,21,1,10.0,-1.72888e-07,-3.54588e-07,3.53845e-05,0.238326,0.128747,1.85111,0
1,21,1,10.0,1.2069e-07,9.98276e-07,3.39816e-05,0.2375,0.125964,1.88546,0
2,21,1,10.0,-1.09169e-07,6.15843e-07,3.51023e-05,0.237104,0.124673,1.9018,0
3,21,1,10.0,-1.07447e-07,3.32437e-07,3.72971e-05,0.236913,0.124065,1.90958,0
4,21,1,10.0,-3.45318e-07,1.22687e-07,3.99727e-05,0.236822,0.123777,1.91329,0
5,21,1,10.0,-3.56144e-07,-6.91965e-08,4.26829e-05,0.236778,0.12364,1.91506,0
6,21,1,10.0,-4.8113e-07,-1.30761e-08,4.52738e-05,0.236757,0.123575,1.91589,0
7,21,1,10.0,-5.34735e-07,-8.22616e-08,4.75892e-05,0.236747,0.123544,1.91629,0
8,21,1,10.0,-5.25464e-07,-1.02874e-07,4.9534e-05,0.236742,0.12353,1.91648,0
9,21,1,10.0,-6.61305e-07,-3.72562e-08,5.09075e-05,0.236739,0.123522,1.91658,0
10,21,1,10.0,-6.99406e-07,-2.74143e-08,5.17663e-05,0.236738,0.123519,1.91661,0
11,21,1,10.0,-6.87305e-07,8.76123e-08,5.23081e-05,0.236738,0.123518,1.91663,0
12,21,1,10.0,-7.05051e-07,1.48804e-07,5.27068e-05,0.236738,0.123517,1.91664,0
13,21,1,10.0,-3.76464e-07,3.44379e-07,5.28797e-05,0.238306,0.128703,1.8516,0
14,21,1,10.0,-3.44323e-07,3.20222e-07,5.1638e-05,0.237491,0.125944,1.88569,0
15,21,1,10.0,-2.53867e-07,2.99164e-07,4.93221e-05,0.237099,0.124664,1.90191,0
16,21,1,10.0,-2.68758e-07,2.52025e-07,4.6321e-05,0.236901,0.124039,1.90989,0
17,21,1,10.0,-3.19444e-07,1.75625e-07,4.32825e-05,0.238306,0.128703,1.8516,0
18,21,1,10.0,1.39701e-07,3.20052e-07,3.98362e-05,0.237491,0.125944,1.88569,0
19,21,1,10.0,7.24721e-08,1.1403e-07,3.56687e-05,0.237099,0.124664,1.90191,0
20,21,1,10.0,-3.8244e-09,-1.0787e-07,3.13004e-05,0.236911,0.12406,1.90964,0
21,21,1,10.0,-9.20077e-08,-2.33121e-07,2.69402e-05,0.236821,0.123775,1.91331,0
22,21,1,10.0,-1.19634e-07,-3.42346e-07,2.23372e-05,0.236777,0.12364,1.91506,0
23,21,1,10.0,-1.42985e-07,-4.79162e-07,1.72243e-05,0.236756,0.123575,1.91589,0
0,22,1,10.0,-2.94161e-07,-3.65889e-07,3.4314e-05,0.238326,0.128747,1.85111,0
1,22,1,10.0,1.42702e-07,1.02624e-06,3.30528e-05,0.2375,0.125964,1.88546,0
2,22,1,10.0,-4.08717e-08,5.99374e-07,3.40352e-05,0.237104,0.124673,1.9018,0
3,22,1,10.0,-3.32107e-07,3.15668e-07,3.59768e-05,0.236913,0.124065,1.90958,0
4,22,1,10.0,-5.03287e-07,1.2618e-07,3.82913e-05,0.236822,0.123777,1.91329,0
5,22,1,10.0,-5.9279e-07,3.38325e-08,4.06779e-05,0.236778,0.12364,1.91506,0
6,22,1,10.0,-6.71027e-07,-3.52799e-09,4.29261e-05,0.236757,0.123575,1.91589,0
7,22,1,10.0,-6.97569e-07,-2.39622e-08,4.49419e-05,0.236747,0.123544,1.91629,0
8,22,1,10.0,-8.97711e-07,-9.81558e-09,4.66239e-05,0.236742,0.12353,1.91648,0
9,22,1,10.0,-9.17969e-07,2.23501e-08,4.79074e-05,0.236739,0.123522,1.91658,0
10,22,1,10.0,-8.34703e-07,9.46906e-08,4.88864e-05,0.236738,0.123519,1.91661,0
11,22,1,10.0,-7.39947e-07,1.23136e-07,4.96275e-05,0.236738,0.123518,1.91663,0
12,22,1,10.0,-7.4781e-07,2.10695e-07,5.02287e-05,0.236738,0.123517,1.91664,0
13,22,1,10.0,-5.639e-07,2.84969e-07,5.08444e-05,0.238316,0.128724,1.85136,0
14,22,1,10.0,-5.03268e-07,3.20515e-07,4.9751e-05,0.237106,0.124678,1.90175,0
15,22,1,10.0,-3.66097e-07,2.02911e-07,4.75133e-05,0.236915,0.12407,1.90953,0
16,22,1,10.0,-3.18167e-07,1.49436e-07,4.47345e-05,0.236813,0.123759,1.9135,0
17,22,1,10.0,-3.06419e-07,1.41902e-07,4.20173e-05,0.238306,0.128703,1.8516,0
18,22,1,10.0,8.15031e-08,2.27563e-07,3.88502e-05,0.237491,0.125944,1.88569,0
19,22,1,10.0,-7.76701e-08,4.6531e-08,3.48733e-05,0.237099,0.124664,1.90191,0
20,22,1,10.0,-2.27147e-07,-1.41808e-07,3.06831e-05,0.236911,0.12406,1.90964,0
21,22,1,10.0,-2.97273e-07,-2.4077e-07,2.64618e-05,0.236821,0.123775,1.91331,0
22,22,1,10.0,-3.17965e-07,-3.44018e-07,2.19515e-05,0.236777,0.12364,1.91506,0
23,22,1,10.0,-3.47367e-07,-4.57094e-07,1.69086e-05,0.236756,0.123575,1.91589,0
0,23,1,10.0,-3.19265e-07,-3.30157e-07,3.2899e-05,0.238326,0.128747,1.85111,0
1,23,1,10.0,1.26945e-07,1.03319e-06,3.18694e-05,0.2375,0.125964,1.88546,0
2,23,1,10.0,-1.7794e-07,6.44674e-07,3.27103e-05,0.237104,0.124673,1.9018,0
3,23,1,10.0,-4.45015e-07,3.8837e-07,3.43351e-05,0.236913,0.124065,1.90958,0
4,23,1,10.0,-5.9684e-07,2.33723e-07,3.63224e-05,0.236822,0.123777,1.91329,0
5,23,1,10.0,-7.03852e-07,1.62667e-07,3.83803e-05,0.236778,0.12364,1.91506,0
6,23,1,10.0,-7.81581e-07,1.30939e-07,4.03433e-05,0.236757,0.123575,1.91589,0
7,23,1,10.0,-8.85092e-07,1.23313e-07,4.21127e-05,0.236747,0.123544,1.91629,0
8,23,1,10.0,-9.53697e-07,1.22705e-07,4.36163e-05,0.236742,0.12353,1.91648,0
9,23,1,10.0,-8.89045e-07,1.68912e-07,4.48832e-05,0.236739,0.123522,1.91658,0
10,23,1,10.0,-8.79546e-07,1.37929e-07,4.5959e-05,0.236738,0.123519,1.91661,0
11,23,1,10.0,-7.44463e-07,1.97189e-07,4.68616e-05,0.236738,0.123518,1.91663,0
12,23,1,10.0,-6.5858e-07,2.75887e-07,4.763e-05,0.236738,0.123517,1.91664,0
13,23,1,10.0,-6.207e-07,3.36619e-07,4.83617e-05,0.238306,0.128702,1.85161,0
14,23,1,10.0,-6.30175e-07,3.58055e-07,4.748e-05,0.237099,0.124664,1.90191,0
15,23,1,10.0,-5.31734e-07,2.23083e-07,4.537e-05,0.236911,0.124061,1.90963,0
16,23,1,10.0,-4.38008e-07,1.4599e-07,4.27426e-05,0.236811,0.123754,1.91356,0
17,23,1,10.0,-3.43599e-07,1.22879e-07,4.00887e-05,0.238306,0.128703,1.8516,0
18,23,1,10.0,-3.1602e-08,1.08651e-07,3.70542e-05,0.237491,0.125944,1.88569,0
19,23,1,10.0,-1.75056e-07,-3.67137e-08,3.34841e-05,0.237099,0.124664,1.90191,0
20,23,1,10.0,-3.15354e-07,-1.17299e-07,2.96832e-05,0.236911,0.12406,1.90964,0
21,23,1,10.0,-3.67565e-07,-2.00317e-07,2.56593e-05,0.236821,0.123775,1.91331,0
22,23,1,10.0,-3.88417e-07,-2.86524e-07,2.12741e-05,0.236777,0.12364,1.91506,0
23,23,1,10.0,-3.90366e-07,-4.11731e-07,1.63565e-05,0.236756,0.123575,1.91589,0
0,0,2,10.0,7.87076e-09,-3.56983e-07,1.38294e-05,0.238368,0.134681,1.76987,0
1,0,2,10.0,7.24177e-08,2.67839e-07,1.35105e-05,0.237583,0.134603,1.76507,0
2,0,2,10.0,7.51075e-08,-1.16311e-07,1.38716e-05,0.237214,0.134564,1.76283,0
3,0,2,10.0,8.61978e-08,-3.9285e-07,1.45569e-05,0.237041,0.134546,1.76179,0
4,0,2,10.0,9.45475e-08,-5.99087e-07,1.54347e-05,0.236959,0.134536,1.7613,0
5,0,2,10.0,9.77222e-08,-7.744e-07,1.64036e-05,0.236921,0.134532,1.76107,0
6,0,2,10.0,9.72014e-08,-9.22111e-07,1.7397e-05,0.236903,0.13453,1.76097,0
7,0,2,10.0,1.02761e-07,-1.03155e-06,1.83384e-05,0.236894,0.134529,1.76092,0
8,0,2,10.0,1.04915e-07,-1.11399e-06,1.91987e-05,0.23689,0.134528,1.7609,0
9,0,2,10.0,1.15032e-07,-1.15045e-06,1.99536e-05,0.236888,0.134528,1.76089,0
10,0,2,10.0,1.1031e-07,-1.18698e-06,2.0612e-05,0.236887,0.134528,1.76088,0
11,0,2,10.0,8.81832e-08,-1.21425e-06,2.1149e-05,0.236887,0.134528,1.76088,0
12,0,2,10.0,1.26172e-07,-1.24468e-06,2.15263e-05,0.236887,0.134528,1.76088,0
13,0,2,10.0,7.79424e-08,-1.23694e-06,2.17127e-05,0.238349,0.134676,1.7698,0
14,0,2,10.0,7.13238e-08,-1.28043e-06,2.14618e-05,0.237574,0.1346,1.76504,0
15,0,2,10.0,7.40385e-08,-1.13993e-06,2.08828e-05,0.23721,0.134563,1.76282,0
16,0,2,10.0,6.27573e-08,-1.05191e-06,2.00374e-05,0.237038,0.134545,1.76178,0
17,0,2,10.0,4.6063e-08,-9.12588e-07,1.89517e-05,0.236958,0.134536,1.7613,0
18,0,2,10.0,4.54999e-08,-8.27677e-07,1.76704e-05,0.23692,0.134532,1.76107,0
19,0,2,10.0,5.3161e-08,-7.64272e-07,1.62164e-05,0.236903,0.13453,1.76097,0
20,0,2,10.0,4.57184e-08,-7.42067e-07,1.45985e-05,0.236894,0.134529,1.76092,0
21,0,2,10.0,3.02772e-08,-7.17755e-07,1.27802e-05,0.23689,0.134528,1.7609,0
22,0,2,10.0,2.42878e-08,-7.37089e-07,1.07189e-05,0.236888,0.134528,1.76089,0
23,0,2,10.0,9.43063e-09,-8.01241e-07,8.34496e-06,0.236888,0.134528,1.76088,0
0,1,2,10.0,1.38831e-08,-2.58706e-07,1.34594e-05,0.238377,0.134684,1.7699,0
1,1,2,10.0,1.80704e-07,8.13915e-07,1.32381e-05,0.237601,0.134608,1.76513,0
2,1,2,10.0,1.92297e-07,5.01428e-07,1.35682e-05,0.237238,0.134571,1.76292,0
3,1,2,10.0,2.18109e-07,2.93952e-07,1.41982e-05,0.237069,0.134554,1.76189,0
4,1,2,10.0,2.43975e-07,1.50347e-07,1.50088e-05,0.236989,0.134545,1.76141,0
5,1,2,10.0,2.62418e-07,4.45509e-08,1.59062e-05,0.236952,0.134541,1.76119,0
6,1,2,10.0,2.69207e-07,-4.50027e-08,1.68239e-05,0.236935,0.134539,1.76109,0
7,1,2,10.0,2.9028e-07,-1.11476e-07,1.77023e-05,0.236927,0.134538,1.76104,0
8,1,2,10.0,3.05814e-07,-1.56414e-07,1.85072e-05,0.236923,0.134538,1.76102,0
9,1,2,10.0,3.17903e-07,-1.80022e-07,1.92154e-05,0.236921,0.134538,1.761,0
10,1,2,10.0,3.38446e-07,-1.97858e-07,1.98221e-05,0.236921,0.134537,1.761,0
11,1,2,10.0,3.24797e-07,-2.29211e-07,2.03095e-05,0.23692,0.134537,1.761,0
12,1,2,10.0,3.29367e-07,-2.82164e-07,2.06558e-05,0.23692,0.134537,1.761,0
13,1,2,10.0,2.67979e-07,-2.94631e-07,2.07524e-05,0.238359,0.134679,1.76983,0
14,1,2,10.0,2.29066e-07,-4.12549e-07,2.04939e-05,0.237592,0.134605,1.7651,0
15,1,2,10.0,2.25715e-07,-3.65333e-07,1.99356e-05,0.237234,0.13457,1.7629,0
16,1,2,10.0,2.09977e-07,-3.15126e-07,1.91228e-05,0.237067,0.134553,1.76188,0
17,1,2,10.0,1.89391e-07,-2.68004e-07,1.80913e-05,0.236989,0.134545,1.76141,0
18,1,2,10.0,1.82374e-07,-2.45184e-07,1.68746e-05,0.236952,0.134541,1.76119,0
19,1,2,10.0,1.70787e-07,-2.7515e-07,1.54945e-05,0.236935,0.134539,1.76108,0
20,1,2,10.0,1.47825e-07,-3.17449e-07,1.39409e-05,0.236927,0.134538,1.76104,0
21,1,2,10.0,1.15579e-07,-3.7506e-07,1.21904e-05,0.236923,0.134538,1.76102,0
22,1,2,10.0,8.53413e-08,-4.71357e-07,1.02014e-05,0.236921,0.134538,1.76101,0
23,1,2,10.0,3.2678e-08,-6.27277e-07,7.90745e-06,0.236921,0.134537,1.761,0
0,2,2,10.0,7.00398e-09,-2.61591e-07,1.32291e-05,0.238377,0.134684,1.7699,0
1,2,2,10.0,1.36466e-07,7.70179e-07,1.30359e-05,0.237601,0.134608,1.76513,0
2,2,2,10.0,1.44456e-07,4.57784e-07,1.33471e-05,0.237238,0.134571,1.76292,0
3,2,2,10.0,1.66446e-07,2.51492e-07,1.39388e-05,0.237069,0.134554,1.76189,0
4,2,2,10.0,1.69507e-07,1.00435e-07,1.46934e-05,0.23699,0.134545,1.76141,0
5,2,2,10.0,1.89694e-07,-1.87207e-10,1.55266e-05,0.236953,0.134541,1.76119,0
6,2,2,10.0,1.76396e-07,-8.40108e-08,1.63694e-05,0.236935,0.134539,1.76109,0
7,2,2,10.0,1.97704e-07,-1.50842e-07,1.71843e-05,0.236927,0.134538,1.76104,0
8,2,2,10.0,2.01718e-07,-1.96629e-07,1.79266e-05,0.236924,0.134538,1.76102,0
9,2,2,10.0,2.19239e-07,-2.08887e-07,1.85723e-05,0.236922,0.134538,1.76101,0
10,2,2,10.0,2.25125e-07,-2.46706e-07,1.9119e-05,0.236921,0.134538,1.761,0
11,2,2,10.0,2.11838e-07,-2.86706e-07,1.95363e-05,0.236921,0.134538,1.761,0
12,2,2,10.0,1.73017e-07,-3.22684e-07,1.97987e-05,0.23692,0.134538,1.761,0
13,2,2,10.0,1.18907e-07,-3.20184e-07,1.97605e-05,0.238359,0.134679,1.76983,0
14,2,2,10.0,4.92376e-08,-4.2353e-07,1.94565e-05,0.237592,0.134605,1.7651,0
15,2,2,10.0,5.71881e-08,-3.77222e-07,1.88903e-05,0.237234,0.13457,1.7629,0
16,2,2,10.0,5.90278e-08,-3.29741e-07,1.81005e-05,0.237067,0.134553,1.76188,0
17,2,2,10.0,6.75531e-08,-2.90702e-07,1.71176e-05,0.236989,0.134545,1.76141,0
18,2,2,10.0,7.7697e-08,-2.68828e-07,1.59658e-05,0.236952,0.134541,1.76119,0
19,2,2,10.0,7.1566e-08,-2.98143e-07,1.46514e-05,0.236935,0.134539,1.76109,0
20,2,2,10.0,5.381e-08,-3.31753e-07,1.31669e-05,0.236927,0.134538,1.76104,0
21,2,2,10.0,3.60995e-08,-3.89771e-07,1.14905e-05,0.236923,0.134538,1.76102,0
22,2,2,10.0,7.19418e-09,-4.82217e-07,9.58432e-06,0.236922,0.134538,1.76101,0
23,2,2,10.0,-4.63066e-08,-6.2168e-07,7.38918e-06,0.236921,0.134538,1.761,0
0,3,2,10.0,2.17116e-08,-2.49593e-07,1.31069e-05,0.238377,0.134684,1.7699,0
1,3,2,10.0,9.77659e-08,7.29317e-07,1.29031e-05,0.237601,0.134608,1.76513,0
2,3,2,10.0,1.1195e-07,4.27542e-07,1.31992e-05,0.237238,0.134571,1.76292,0
3,3,2,10.0,1.17502e-07,2.11059e-07,1.37625e-05,0.237069,0.134554,1.76189,0
4,3,2,10.0,1.35549e-07,6.80938e-08,1.44759e-05,0.23699,0.134545,1.76141,0
5,3,2,10.0,1.33149e-07,-3.40576e-08,1.52588e-05,0.236953,0.134541,1.76119,0
6,3,2,10.0,1.71215e-07,-1.18535e-07,1.60486e-05,0.236935,0.134539,1.76109,0
7,3,2,10.0,1.58523e-07,-1.74198e-07,1.68066e-05,0.236927,0.134538,1.76104,0
8,3,2,10.0,1.75804e-07,-2.22266e-07,1.74889e-05,0.236924,0.134538,1.76102,0
9,3,2,10.0,1.96056e-07,-2.52353e-07,1.80732e-05,0.236922,0.134538,1.76101,0
10,3,2,10.0,1.77413e-07,-2.83963e-07,1.85389e-05,0.236921,0.134538,1.761,0
11,3,2,10.0,1.67311e-07,-3.30383e-07,1.8866e-05,0.236921,0.134538,1.761,0
12,3,2,10.0,1.32368e-07,-3.54961e-07,1.9027e-05,0.23692,0.134538,1.761,0
13,3,2,10.0,6.15003e-08,-3.22856e-07,1.8818e-05,0.238359,0.134679,1.76983,0
14,3,2,10.0,1.53311e-09,-4.12205e-07,1.84536e-05,0.237592,0.134605,1.7651,0
15,3,2,10.0,1.75577e-08,-3.6987e-07,1.78703e-05,0.237234,0.13457,1.7629,0
16,3,2,10.0,2.39865e-08,-3.24644e-07,1.7095e-05,0.237067,0.134553,1.76188,0
17,3,2,10.0,3.5671e-08,-2.83081e-07,1.61537e-05,0.236989,0.134545,1.76141,0
18,3,2,10.0,3.95385e-08,-2.90564e-07,1.5059e-05,0.236952,0.134541,1.76119,0
19,3,2,10.0,3.99056e-08,-3.06456e-07,1.38074e-05,0.236935,0.134539,1.76109,0
20,3,2,10.0,3.421e-08,-3.29686e-07,1.23886e-05,0.236927,0.134538,1.76104,0
21,3,2,10.0,1.71202e-08,-3.85754e-07,1.07835e-05,0.236923,0.134538,1.76102,0
22,3,2,10.0,-1.0313e-08,-4.72864e-07,8.95969e-06,0.236922,0.134538,1.76101,0
23,3,2,10.0,-5.60424e-08,-5.99872e-07,6.86848e-06,0.236921,0.134538,1.761,0
0,4,2,10.0,1.47978e-08,-2.76727e-07,1.31126e-05,0.238377,0.134684,1.7699,0
1,4,2,10.0,6.53368e-08,7.09161e-07,1.28397e-05,0.237601,0.134608,1.76513,0
2,4,2,10.0,8.47202e-08,3.95108e-07,1.31238e-05,0.237238,0.134571,1.76292,0
3,4,2,10.0,9.10753e-08,1.83274e-07,1.36658e-05,0.237069,0.134554,1.76189,0
4,4,2,10.0,1.06731e-07,3.68297e-08,1.43564e-05,0.23699,0.134545,1.76141,0
5,4,2,10.0,1.20933e-07,-6.80735e-08,1.51048e-05,0.236953,0.134541,1.76119,0
6,4,2,10.0,1.13911e-07,-1.5195e-07,1.58621e-05,0.236935,0.134539,1.76109,0
7,4,2,10.0,1.15735e-07,-2.09552e-07,1.65732e-05,0.236927,0.134538,1.76104,0
8,4,2,10.0,1.16756e-07,-2.57757e-07,1.72085e-05,0.236924,0.134538,1.76102,0
9,4,2,10.0,1.20343e-07,-2.82328e-07,1.77356e-05,0.236922,0.134538,1.76101,0
10,4,2,10.0,1.30885e-07,-3.23243e-07,1.81276e-05,0.236921,0.134538,1.761,0
11,4,2,10.0,1.0296e-07,-3.70787e-07,1.83717e-05,0.236921,0.134538,1.761,0
12,4,2,10.0,7.09269e-08,-3.77621e-07,1.84442e-05,0.23692,0.134538,1.761,0
13,4,2,10.0,1.8138e-08,-3.23938e-07,1.80863e-05,0.238359,0.134679,1.76983,0
14,4,2,10.0,-2.49879e-08,-4.09736e-07,1.76751e-05,0.237592,0.134605,1.7651,0
15,4,2,10.0,-1.2213e-08,-3.66061e-07,1.70782e-05,0.237234,0.13457,1.7629,0
16,4,2,10.0,-6.18798e-10,-3.21229e-07,1.63142e-05,0.237067,0.134553,1.76188,0
17,4,2,10.0,6.54429e-09,-2.9786e-07,1.54025e-05,0.236989,0.134545,1.76141,0
18,4,2,10.0,1.41796e-08,-2.94376e-07,1.43477e-05,0.236952,0.134541,1.76119,0
19,4,2,10.0,1.81621e-08,-3.12296e-07,1.3145e-05,0.236935,0.134539,1.76109,0
20,4,2,10.0,1.24899e-08,-3.37863e-07,1.17793e-05,0.236927,0.134538,1.76104,0
21,4,2,10.0,5.1986e-09,-3.84929e-07,1.02312e-05,0.236923,0.134538,1.76102,0
22,4,2,10.0,-1.11856e-08,-4.71564e-07,8.47466e-06,0.236922,0.134538,1.76101,0
23,4,2,10.0,-4.04994e-08,-5.77294e-07,6.46971e-06,0.236921,0.134538,1.761,0
0,5,2,10.0,5.68864e-09,-2.4779e-07,1.30293e-05,0.238377,0.134684,1.7699,0
1,5,2,10.0,4.09381e-08,6.89493e-07,1.28059e-05,0.237601,0.134608,1.76513,0
2,5,2,10.0,2.68529e-08,3.91372e-07,1.30829e-05,0.237238,0.134571,1.76292,0
3,5,2,10.0,6.11035e-08,1.53728e-07,1.36107e-05,0.237069,0.134554,1.76189,0
4,5,2,10.0,3.88749e-08,3.5777e-08,1.42737e-05,0.23699,0.134545,1.76141,0
5,5,2,10.0,5.86388e-08,-9.64106e-08,1.49976e-05,0.236953,0.134541,1.76119,0
6,5,2,10.0,4.28973e-08,-1.40377e-07,1.57221e-05,0.236935,0.134539,1.76109,0
7,5,2,10.0,5.33008e-08,-2.34131e-07,1.64047e-05,0.236927,0.134538,1.76104,0
8,5,2,10.0,4.14318e-08,-2.45223e-07,1.7005e-05,0.236924,0.134538,1.76102,0
9,5,2,10.0,5.1706e-08,-3.1275e-07,1.74946e-05,0.236922,0.134538,1.76101,0
10,5,2,10.0,5.43438e-08,-3.47629e-07,1.78442e-05,0.236921,0.134538,1.761,0
11,5,2,10.0,3.05504e-08,-3.84288e-07,1.80351e-05,0.236921,0.134538,1.761,0
12,5,2,10.0,1.89163e-08,-3.7676e-07,1.80626e-05,0.23692,0.134538,1.761,0
13,5,2,10.0,-1.53543e-08,-3.18721e-07,1.76353e-05,0.238359,0.134679,1.76983,0
14,5,2,10.0,-3.96693e-08,-3.95061e-07,1.72054e-05,0.237592,0.134605,1.7651,0
15,5,2,10.0,-3.00749e-08,-3.60699e-07,1.66099e-05,0.237234,0.13457,1.7629,0
16,5,2,10.0,-1.96536e-08,-3.20801e-07,1.58594e-05,0.237067,0.134553,1.76188,0
17,5,2,10.0,-1.44279e-08,-2.91992e-07,1.49658e-05,0.236989,0.134545,1.76141,0
18,5,2,10.0,-6.68672e-09,-2.98904e-07,1.39358e-05,0.236952,0.134541,1.76119,0
19,5,2,10.0,-4.87762e-09,-3.17751e-07,1.27611e-05,0.236935,0.134539,1.76109,0
20,5,2,10.0,-4.98864e-09,-3.28086e-07,1.14262e-05,0.236927,0.134538,1.76104,0
21,5,2,10.0,-3.03678e-09,-3.93633e-07,9.91572e-06,0.236923,0.134538,1.76102,0
22,5,2,10.0,-3.54971e-09,-4.62743e-07,8.20366e-06,0.236922,0.134538,1.76101,0
23,5,2,10.0,-1.32301e-08,-5.81947e-07,6.2526e-06,0.236921,0.134538,1.761,0
0,6,2,10.0,1.35202e-08,-2.74605e-07,1.30053e-05,0.238377,0.134684,1.7699,0
1,6,2,10.0,-2.23495e-09,6.80201e-07,1.27967e-05,0.237601,0.134608,1.76513,0
2,6,2,10.0,2.43561e-08,3.62325e-07,1.30631e-05,0.237238,0.134571,1.76292,0
3,6,2,10.0,1.0211e-08,1.51683e-07,1.35701e-05,0.237069,0.134554,1.76189,0
4,6,2,10.0,3.35954e-08,4.82001e-09,1.42077e-05,0.23699,0.134545,1.76141,0
5,6,2,10.0,2.36225e-08,-8.09228e-08,1.49091e-05,0.236953,0.134541,1.76119,0
6,6,2,10.0,2.20702e-08,-1.66203e-07,1.56135e-05,0.236935,0.134539,1.76109,0
7,6,2,10.0,1.05656e-08,-2.19656e-07,1.62808e-05,0.236927,0.134538,1.76104,0
8,6,2,10.0,-2.56328e-09,-2.65624e-07,1.68685e-05,0.236924,0.134538,1.76102,0
9,6,2,10.0,6.74341e-10,-3.00514e-07,1.73477e-05,0.236922,0.134538,1.76101,0
10,6,2,10.0,1.51166e-09,-3.42114e-07,1.76949e-05,0.236921,0.134538,1.761,0
11,6,2,10.0,3.91926e-09,-3.73891e-07,1.7888e-05,0.236921,0.134538,1.761,0
12,6,2,10.0,-1.68186e-08,-3.70914e-07,1.79198e-05,0.23692,0.134538,1.761,0
13,6,2,10.0,-3.51651e-08,-3.12176e-07,1.75116e-05,0.238359,0.134679,1.76983,0
14,6,2,10.0,-3.36407e-08,-3.80442e-07,1.70938e-05,0.237592,0.134605,1.7651,0
15,6,2,10.0,-3.42675e-08,-3.54711e-07,1.6511e-05,0.237234,0.13457,1.7629,0
16,6,2,10.0,-3.4126e-08,-3.14542e-07,1.57719e-05,0.237067,0.134553,1.76188,0
17,6,2,10.0,-2.49061e-08,-2.93539e-07,1.48865e-05,0.236989,0.134545,1.76141,0
18,6,2,10.0,-2.16412e-08,-3.02042e-07,1.3862e-05,0.236952,0.134541,1.76119,0
19,6,2,10.0,-2.11325e-08,-3.02705e-07,1.26904e-05,0.236935,0.134539,1.76109,0
20,6,2,10.0,-8.26955e-09,-3.46824e-07,1.1365e-05,0.236927,0.134538,1.76104,0
21,6,2,10.0,2.44045e-09,-3.90627e-07,9.8659e-06,0.236923,0.134538,1.76102,0
22,6,2,10.0,1.01955e-08,-4.81962e-07,8.16587e-06,0.236922,0.134538,1.76101,0
23,6,2,10.0,1.76208e-08,-5.72404e-07,6.22475e-06,0.236921,0.134538,1.761,0
0,7,2,10.0,1.14951e-08,-2.70855e-07,1.3033e-05,0.238377,0.134684,1.7699,0
1,7,2,10.0,-3.70154e-08,6.7989e-07,1.28398e-05,0.237601,0.134608,1.76513,0
2,7,2,10.0,-2.33452e-08,3.61686e-07,1.30996e-05,0.237238,0.134571,1.76292,0
3,7,2,10.0,-7.91545e-09,1.48605e-07,1.35882e-05,0.237069,0.134554,1.76189,0
4,7,2,10.0,8.16184e-10,1.21249e-08,1.42137e-05,0.23699,0.134545,1.76141,0
5,7,2,10.0,2.89362e-09,-9.0203e-08,1.49014e-05,0.236953,0.134541,1.76119,0
6,7,2,10.0,-5.16884e-09,-1.53144e-07,1.56022e-05,0.236935,0.134539,1.76109,0
7,7,2,10.0,-1.87698e-08,-2.10002e-07,1.62705e-05,0.236927,0.134538,1.76104,0
8,7,2,10.0,-3.01602e-08,-2.49191e-07,1.68781e-05,0.236924,0.134538,1.76102,0
9,7,2,10.0,-1.98206e-08,-2.93602e-07,1.73877e-05,0.236922,0.134538,1.76101,0
10,7,2,10.0,-3.11213e-08,-3.38391e-07,1.77711e-05,0.236921,0.134538,1.761,0
11,7,2,10.0,-2.97147e-08,-3.65868e-07,1.80128e-05,0.236921,0.134538,1.761,0
12,7,2,10.0,-2.06831e-08,-3.48602e-07,1.80922e-05,0.23692,0.134538,1.761,0
13,7,2,10.0,-5.1855e-08,-2.90177e-07,1.77605e-05,0.238359,0.134679,1.76983,0
14,7,2,10.0,-2.9922e-08,-3.78177e-07,1.73721e-05,0.237592,0.134605,1.7651,0
15,7,2,10.0,-4.24549e-08,-3.51331e-07,1.68004e-05,0.237234,0.13457,1.7629,0
16,7,2,10.0,-4.57099e-08,-3.10785e-07,1.60617e-05,0.237067,0.134553,1.76188,0
17,7,2,10.0,-4.01337e-08,-3.04901e-07,1.51697e-05,0.236989,0.134545,1.76141,0
18,7,2,10.0,-3.41636e-08,-3.00489e-07,1.41306e-05,0.236952,0.134541,1.76119,0
19,7,2,10.0,-2.30109e-08,-3.23114e-07,1.29427e-05,0.236935,0.134539,1.76109,0
20,7,2,10.0,-1.12657e-08,-3.44725e-07,1.15971e-05,0.236927,0.134538,1.76104,0
21,7,2,10.0,4.98596e-09,-4.10226e-07,1.00757e-05,0.236923,0.134538,1.76102,0
22,7,2,10.0,2.14409e-08,-4.78353e-07,8.34728e-06,0.236922,0.134538,1.76101,0
23,7,2,10.0,4.79399e-08,-5.9485e-07,6.37126e-06,0.236921,0.134538,1.761,0
0,8,2,10.0,3.0926e-08,-2.67916e-07,1.31661e-05,0.238377,0.134684,1.7699,0
1,8,2,10.0,-8.1291e-08,6.88724e-07,1.29859e-05,0.237601,0.134608,1.76513,0
2,8,2,10.0,-4.28435e-08,3.68652e-07,1.3245e-05,0.237238,0.134571,1.76292,0
3,8,2,10.0,-1.27097e-08,1.54457e-07,1.37342e-05,0.237069,0.134554,1.76189,0
4,8,2,10.0,9.09716e-09,9.45816e-09,1.43604e-05,0.23699,0.134545,1.76141,0
5,8,2,10.0,1.80012e-08,-7.74244e-08,1.50577e-05,0.236953,0.134541,1.76119,0
6,8,2,10.0,1.13561e-08,-1.51319e-07,1.57726e-05,0.236935,0.134539,1.76109,0
7,8,2,10.0,1.28881e-08,-1.97622e-07,1.64692e-05,0.236927,0.134538,1.76104,0
8,8,2,10.0,-1.62882e-08,-2.48069e-07,1.71257e-05,0.236924,0.134538,1.76102,0
9,8,2,10.0,-3.12335e-08,-3.0283e-07,1.77061e-05,0.236922,0.134538,1.76101,0
10,8,2,10.0,-1.3373e-08,-3.43531e-07,1.81658e-05,0.236921,0.134538,1.761,0
11,8,2,10.0,-1.89588e-08,-3.76002e-07,1.84907e-05,0.236921,0.134538,1.761,0
12,8,2,10.0,-3.46391e-08,-3.87919e-07,1.86392e-05,0.23692,0.134538,1.761,0
13,8,2,10.0,-5.4955e-08,-3.30246e-07,1.84021e-05,0.238359,0.134679,1.76983,0
14,8,2,10.0,-4.83881e-08,-3.80729e-07,1.80321e-05,0.237592,0.134605,1.7651,0
15,8,2,10.0,-5.88774e-08,-3.52917e-07,1.7463e-05,0.237234,0.13457,1.7629,0
16,8,2,10.0,-6.22313e-08,-3.20517e-07,1.67084e-05,0.237067,0.134553,1.76188,0
17,8,2,10.0,-5.45332e-08,-3.03128e-07,1.57896e-05,0.236989,0.134545,1.76141,0
18,8,2,10.0,-4.28266e-08,-3.15249e-07,1.47172e-05,0.236952,0.134541,1.76119,0
19,8,2,10.0,-2.91282e-08,-3.23259e-07,1.34879e-05,0.236935,0.134539,1.76109,0
20,8,2,10.0,-7.49216e-09,-3.63385e-07,1.20945e-05,0.236927,0.134538,1.76104,0
21,8,2,10.0,1.23181e-08,-4.0993e-07,1.05149e-05,0.236923,0.134538,1.76102,0
22,8,2,10.0,4.02346e-08,-4.97211e-07,8.72064e-06,0.236922,0.134538,1.76101,0
23,8,2,10.0,7.95514e-08,-5.99476e-07,6.66759e-06,0.236921,0.134538,1.761,0
0,9,2,10.0,4.4119e-08,-2.66609e-07,1.34446e-05,0.238386,0.134687,1.76993,0
1,9,2,10.0,-1.46146e-07,7.00718e-07,1.32593e-05,0.237619,0.134613,1.7652,0
2,9,2,10.0,-9.0007e-08,3.72002e-07,1.35243e-05,0.237262,0.134578,1.76301,0
3,9,2,10.0,-4.30482e-08,1.46966e-07,1.40269e-05,0.237097,0.134562,1.76199,0
4,9,2,10.0,-1.11764e-08,2.74722e-09,1.46741e-05,0.23702,0.134554,1.76152,0
5,9,2,10.0,3.42706e-09,-1.04815e-07,1.53957e-05,0.236984,0.13455,1.7613,0
6,9,2,10.0,9.7616e-09,-1.69778e-07,1.61477e-05,0.236967,0.134549,1.7612,0
7,9,2,10.0,1.57988e-08,-2.29137e-07,1.68948e-05,0.23696,0.134548,1.76116,0
8,9,2,10.0,-1.73519e-08,-2.79673e-07,1.76157e-05,0.236947,0.134545,1.7611,0
9,9,2,10.0,-3.26031e-08,-3.37384e-07,1.82885e-05,0.238368,0.134681,1.76987,0
10,9,2,10.0,3.64352e-08,-6.85918e-07,1.88982e-05,0.23761,0.134611,1.76517,0
11,9,2,10.0,1.44551e-08,-6.76295e-07,1.93108e-05,0.237258,0.134577,1.76299,0
12,9,2,10.0,-1.20878e-08,-6.42318e-07,1.95242e-05,0.237095,0.134561,1.76198,0
13,9,2,10.0,-5.54094e-08,-5.05539e-07,1.9371e-05,0.238368,0.134681,1.76987,0
14,9,2,10.0,7.86862e-09,-6.29187e-07,1.90338e-05,0.23761,0.134611,1.76517,0
15,9,2,10.0,-2.21248e-08,-5.62468e-07,1.84537e-05,0.237258,0.134577,1.76299,0
16,9,2,10.0,-3.13758e-08,-4.93936e-07,1.76646e-05,0.237095,0.134561,1.76198,0
17,9,2,10.0,-2.47368e-08,-4.59521e-07,1.66958e-05,0.237019,0.134554,1.76152,0
18,9,2,10.0,-2.28907e-08,-4.34913e-07,1.55632e-05,0.236984,0.13455,1.7613,0
19,9,2,10.0,-9.79512e-09,-4.3836e-07,1.42677e-05,0.236967,0.134549,1.7612,0
20,9,2,10.0,5.37323e-09,-4.45478e-07,1.27976e-05,0.23696,0.134548,1.76115,0
21,9,2,10.0,3.22939e-08,-4.96083e-07,1.1133e-05,0.236956,0.134547,1.76113,0
22,9,2,10.0,6.19371e-08,-5.52507e-07,9.2412e-06,0.236954,0.134547,1.76112,0
23,9,2,10.0,1.13504e-07,-6.7424e-07,7.07704e-06,0.236954,0.134547,1.76112,0
0,10,2,10.0,5.80578e-08,-2.59215e-07,1.38381e-05,0.238377,0.134684,1.7699,0
1,10,2,10.0,-2.32148e-07,7.30825e-07,1.36639e-05,0.237601,0.134608,1.76513,0
2,10,2,10.0,-1.4713e-07,4.12289e-07,1.39407e-05,0.237238,0.134571,1.76292,0
3,10,2,10.0,-8.30424e-08,1.89062e-07,1.44654e-05,0.237069,0.134554,1.76189,0
4,10,2,10.0,-3.99196e-08,4.00944e-08,1.51419e-05,0.23699,0.134546,1.76141,0
5,10,2,10.0,-1.23281e-08,-6.13568e-08,1.5902e-05,0.236953,0.134541,1.76119,0
6,10,2,10.0,-1.15987e-09,-1.37674e-07,1.67022e-05,0.236936,0.13454,1.76109,0
7,10,2,10.0,1.60316e-08,-1.99234e-07,1.751e-05,0.236928,0.134539,1.76104,0
8,10,2,10.0,-1.38982e-09,-2.50533e-07,1.83024e-05,0.236915,0.134535,1.76098,0
9,10,2,10.0,-3.63408e-09,-3.10128e-07,1.90636e-05,0.238359,0.134679,1.76983,0
10,10,2,10.0,4.48157e-08,-6.19719e-07,1.97715e-05,0.237592,0.134605,1.7651,0
11,10,2,10.0,1.93082e-08,-6.36221e-07,2.02696e-05,0.237234,0.13457,1.7629,0
12,10,2,10.0,9.81322e-09,-6.25451e-07,2.05455e-05,0.237067,0.134553,1.76188,0
13,10,2,10.0,-4.13368e-08,-5.00564e-07,2.04587e-05,0.238359,0.134679,1.76983,0
14,10,2,10.0,1.61947e-08,-6.73935e-07,2.01513e-05,0.237592,0.134605,1.7651,0
15,10,2,10.0,-1.31657e-08,-6.0086e-07,1.95594e-05,0.237234,0.13457,1.7629,0
16,10,2,10.0,-1.51029e-08,-5.4293e-07,1.87371e-05,0.237067,0.134553,1.76188,0
17,10,2,10.0,-1.39643e-08,-4.99262e-07,1.77164e-05,0.236989,0.134545,1.76141,0
18,10,2,10.0,-1.06965e-08,-4.77563e-07,1.65156e-05,0.236953,0.134541,1.76119,0
19,10,2,10.0,-2.99342e-09,-4.75048e-07,1.51433e-05,0.236936,0.134539,1.76109,0
20,10,2,10.0,1.55404e-08,-4.93773e-07,1.3586e-05,0.236927,0.134539,1.76104,0
21,10,2,10.0,4.24526e-08,-5.38389e-07,1.18242e-05,0.236924,0.134538,1.76102,0
22,10,2,10.0,8.15032e-08,-6.12026e-07,9.81992e-06,0.236922,0.134538,1.76101,0
23,10,2,10.0,1.41772e-07,-7.26078e-07,7.52664e-06,0.236921,0.134538,1.761,0
0,11,2,10.0,9.63988e-08,-2.3277e-07,1.44525e-05,0.238377,0.134684,1.7699,0
1,11,2,10.0,-2.93395e-07,7.70594e-07,1.42756e-05,0.237601,0.134608,1.76513,0
2,11,2,10.0,-1.76458e-07,4.5235e-07,1.45703e-05,0.237238,0.134571,1.76292,0
3,11,2,10.0,-9.01065e-08,2.17966e-07,1.51264e-05,0.237069,0.134554,1.76189,0
4,11,2,10.0,-3.03664e-08,5.60627e-08,1.58455e-05,0.23699,0.134545,1.76141,0
5,11,2,10.0,1.32305e-08,-5.86999e-08,1.66596e-05,0.236953,0.134541,1.76119,0
6,11,2,10.0,4.22321e-08,-1.41474e-07,1.75212e-05,0.236935,0.134539,1.76109,0
7,11,2,10.0,6.4726e-08,-2.16208e-07,1.8403e-05,0.236927,0.134538,1.76104,0
8,11,2,10.0,5.34646e-08,-2.73719e-07,1.92711e-05,0.236914,0.134535,1.76098,0
9,11,2,10.0,6.54568e-08,-3.17595e-07,2.01197e-05,0.238358,0.134679,1.76983,0
10,11,2,10.0,1.34293e-07,-6.437e-07,2.09085e-05,0.237592,0.134605,1.7651,0
11,11,2,10.0,9.99392e-08,-6.659e-07,2.14723e-05,0.237234,0.13457,1.7629,0
12,11,2,10.0,9.18811e-08,-6.46361e-07,2.17954e-05,0.237067,0.134553,1.76188,0
13,11,2,10.0,4.21186e-08,-5.12813e-07,2.1744e-05,0.238359,0.134679,1.76983,0
14,11,2,10.0,1.0131e-07,-7.06825e-07,2.1433e-05,0.237592,0.134605,1.7651,0
15,11,2,10.0,6.76603e-08,-6.34818e-07,2.08176e-05,0.237234,0.13457,1.7629,0
16,11,2,10.0,4.66279e-08,-5.82677e-07,1.99523e-05,0.237067,0.134553,1.76188,0
17,11,2,10.0,4.81143e-08,-5.30417e-07,1.88733e-05,0.236989,0.134545,1.76141,0
18,11,2,10.0,5.8014e-08,-5.02946e-07,1.75996e-05,0.236952,0.134541,1.76119,0
19,11,2,10.0,6.10609e-08,-5.03402e-07,1.6137e-05,0.236935,0.134539,1.76109,0
20,11,2,10.0,7.51195e-08,-5.25644e-07,1.4478e-05,0.236927,0.134538,1.76104,0
21,11,2,10.0,9.98954e-08,-5.73663e-07,1.26006e-05,0.236924,0.134538,1.76102,0
22,11,2,10.0,1.40843e-07,-6.47108e-07,1.04671e-05,0.236922,0.134538,1.76101,0
23,11,2,10.0,2.06915e-07,-7.8333e-07,8.02623e-06,0.236921,0.134538,1.761,0
0,12,2,10.0,1.47015e-07,-2.39416e-07,1.53564e-05,0.238377,0.134684,1.7699,0
1,12,2,10.0,-3.73841e-07,8.41127e-07,1.51706e-05,0.237601,0.134608,1.76513,0
2,12,2,10.0,-2.3023e-07,5.07995e-07,1.5489e-05,0.237238,0.134571,1.76292,0
3,12,2,10.0,-1.26267e-07,2.4543e-07,1.60875e-05,0.237069,0.134554,1.76189,0
4,12,2,10.0,-4.18584e-08,6.89823e-08,1.6869e-05,0.23699,0.134545,1.76141,0
5,12,2,10.0,2.03435e-08,-5.86419e-08,1.77591e-05,0.236953,0.134541,1.76119,0
6,12,2,10.0,7.38473e-08,-1.5356e-07,1.87056e-05,0.236935,0.134539,1.76109,0
7,12,2,10.0,8.67805e-08,-2.49447e-07,1.96739e-05,0.236927,0.134538,1.76104,0
8,12,2,10.0,1.15179e-07,-3.01216e-07,2.06274e-05,0.236914,0.134535,1.76098,0
9,12,2,10.0,1.1175e-07,-3.47409e-07,2.15645e-05,0.238358,0.134679,1.76983,0
10,12,2,10.0,2.23074e-07,-6.64961e-07,2.2437e-05,0.237592,0.134605,1.7651,0
11,12,2,10.0,1.94669e-07,-6.68045e-07,2.30507e-05,0.237234,0.13457,1.7629,0
12,12,2,10.0,1.56731e-07,-6.6902e-07,2.33996e-05,0.237067,0.134553,1.76188,0
13,12,2,10.0,9.6119e-08,-4.17452e-07,2.53007e-05,0.238368,0.134681,1.76987,0
14,12,2,10.0,1.74772e-07,-5.5856e-07,2.49381e-05,0.23761,0.134611,1.76517,0
15,12,2,10.0,1.56441e-07,-5.25463e-07,2.4229e-05,0.237258,0.134577,1.76299,0
16,12,2,10.0,1.59693e-07,-4.8753e-07,2.32262e-05,0.237095,0.134561,1.76198,0
17,12,2,10.0,1.74389e-07,-5.78161e-07,2.03032e-05,0.236976,0.134541,1.76136,0
18,12,2,10.0,1.62815e-07,-5.41948e-07,1.89327e-05,0.236946,0.134539,1.76117,0
19,12,2,10.0,1.58249e-07,-5.419e-07,1.73529e-05,0.236932,0.134539,1.76108,0
20,12,2,10.0,1.63359e-07,-5.70157e-07,1.55613e-05,0.236926,0.134538,1.76103,0
21,12,2,10.0,1.82378e-07,-6.18855e-07,1.35392e-05,0.236923,0.134538,1.76101,0
22,12,2,10.0,2.23486e-07,-7.11026e-07,1.12487e-05,0.236922,0.134538,1.76101,0
23,12,2,10.0,2.88479e-07,-8.47128e-07,8.62906e-06,0.236921,0.134538,1.761,0
0,13,2,10.0,2.09802e-07,-2.38987e-07,1.80988e-05,0.238377,0.134684,1.7699,0
1,13,2,10.0,-6.22924e-07,1.07587e-06,1.78587e-05,0.237601,0.134608,1.76513,0
2,13,2,10.0,-3.64716e-07,6.17069e-07,1.82678e-05,0.237238,0.134571,1.76292,0
3,13,2,10.0,-1.92067e-07,3.15775e-07,1.90417e-05,0.237069,0.134554,1.76189,0
4,13,2,10.0,-5.93207e-08,7.90839e-08,2.00586e-05,0.23699,0.134545,1.76141,0
5,13,2,10.0,5.12962e-08,-9.32073e-08,2.12137e-05,0.236953,0.134541,1.76119,0
6,13,2,10.0,1.27275e-07,-2.34842e-07,2.2425e-05,0.236935,0.134539,1.76109,0
7,13,2,10.0,1.75805e-07,-3.27698e-07,2.36236e-05,0.236927,0.134538,1.76104,0
8,13,2,10.0,1.95181e-07,-3.97469e-07,2.47722e-05,0.236924,0.134538,1.76102,0
9,13,2,10.0,1.48302e-07,-3.93261e-07,2.58029e-05,0.236922,0.134538,1.76101,0
10,13,2,10.0,1.36336e-07,-4.04127e-07,2.6701e-05,0.236921,0.134538,1.761,0
11,13,2,10.0,1.23607e-07,-4.84448e-07,2.73594e-05,0.236921,0.134538,1.761,0
12,13,2,10.0,1.03302e-07,-5.19457e-07,2.77339e-05,0.23692,0.134538,1.761,0
13,13,2,10.0,7.51312e-08,-4.36745e-07,2.76481e-05,0.238359,0.134679,1.76983,0
14,13,2,10.0,1.3035e-07,-5.69586e-07,2.72039e-05,0.237592,0.134605,1.7651,0
15,13,2,10.0,1.20824e-07,-5.28357e-07,2.63921e-05,0.237234,0.13457,1.7629,0
16,13,2,10.0,1.13905e-07,-5.05112e-07,2.52658e-05,0.237067,0.134553,1.76188,0
17,13,2,10.0,1.10971e-07,-4.61517e-07,2.38594e-05,0.236989,0.134545,1.76141,0
18,13,2,10.0,1.40575e-07,-4.631e-07,2.22065e-05,0.236952,0.134541,1.76119,0
19,13,2,10.0,1.67533e-07,-4.97952e-07,2.03178e-05,0.236935,0.134539,1.76109,0
20,13,2,10.0,1.93973e-07,-5.45503e-07,1.81967e-05,0.236927,0.134538,1.76104,0
21,13,2,10.0,2.34335e-07,-6.31727e-07,1.58227e-05,0.236924,0.134538,1.76102,0
22,13,2,10.0,2.89572e-07,-7.50477e-07,1.31493e-05,0.236922,0.134538,1.76101,0
23,13,2,10.0,3.7287e-07,-9.24721e-07,1.00929e-05,0.236921,0.134538,1.761,0
0,14,2,10.0,2.81088e-07,-3.53944e-07,1.99446e-05,0.238377,0.134684,1.7699,0
1,14,2,10.0,-7.09189e-07,1.20942e-06,1.96554e-05,0.237601,0.134608,1.76513,0
2,14,2,10.0,-4.1072e-07,7.10819e-07,2.01479e-05,0.237238,0.134571,1.76292,0
3,14,2,10.0,-2.01282e-07,3.44928e-07,2.10817e-05,0.237069,0.134554,1.76189,0
4,14,2,10.0,-4.27584e-08,7.04523e-08,2.23055e-05,0.23699,0.134545,1.76141,0
5,14,2,10.0,8.99469e-08,-1.35049e-07,2.36843e-05,0.236953,0.134541,1.76119,0
6,14,2,10.0,1.78732e-07,-2.87062e-07,2.51067e-05,0.236935,0.134539,1.76109,0
7,14,2,10.0,2.274e-07,-3.93215e-07,2.64793e-05,0.236927,0.134538,1.76104,0
8,14,2,10.0,2.11209e-07,-4.4225e-07,2.7739e-05,0.236924,0.134538,1.76102,0
9,14,2,10.0,2.08252e-07,-4.66039e-07,2.88432e-05,0.236922,0.134538,1.76101,0
10,14,2,10.0,1.15998e-07,-4.90507e-07,2.97623e-05,0.236921,0.134538,1.761,0
11,14,2,10.0,9.05805e-08,-5.54459e-07,3.04243e-05,0.236921,0.134538,1.761,0
12,14,2,10.0,7.25473e-08,-5.64856e-07,3.07843e-05,0.23692,0.134538,1.761,0
13,14,2,10.0,6.58536e-09,-4.67938e-07,3.05535e-05,0.238359,0.134679,1.76983,0
14,14,2,10.0,6.97188e-08,-6.03256e-07,2.99755e-05,0.237592,0.134605,1.7651,0
15,14,2,10.0,8.71566e-08,-5.73357e-07,2.89968e-05,0.237234,0.13457,1.7629,0
16,14,2,10.0,8.90522e-08,-5.27657e-07,2.76765e-05,0.237067,0.134553,1.76188,0
17,14,2,10.0,1.23991e-07,-5.30889e-07,2.60703e-05,0.236989,0.134545,1.76141,0
18,14,2,10.0,1.5935e-07,-5.21554e-07,2.42128e-05,0.236952,0.134541,1.76119,0
19,14,2,10.0,2.02571e-07,-5.63462e-07,2.2122e-05,0.236935,0.134539,1.76109,0
20,14,2,10.0,2.40937e-07,-6.12076e-07,1.97956e-05,0.236927,0.134538,1.76104,0
21,14,2,10.0,2.88504e-07,-7.09825e-07,1.72145e-05,0.236924,0.134538,1.76102,0
22,14,2,10.0,3.44558e-07,-8.29051e-07,1.43154e-05,0.236922,0.134538,1.76101,0
23,14,2,10.0,4.34781e-07,-1.03315e-06,1.10046e-05,0.236921,0.134538,1.761,0
0,15,2,10.0,3.21248e-07,-4.60739e-07,2.21108e-05,0.238377,0.134684,1.7699,0
1,15,2,10.0,-7.89033e-07,1.36363e-06,2.17293e-05,0.237601,0.134608,1.76513,0
2,15,2,10.0,-4.6967e-07,7.86996e-07,2.23271e-05,0.237238,0.134571,1.76292,0
3,15,2,10.0,-1.97182e-07,3.47734e-07,2.34753e-05,0.237069,0.134554,1.76189,0
4,15,2,10.0,-2.93037e-08,4.21674e-08,2.49699e-05,0.23699,0.134545,1.76141,0
5,15,2,10.0,1.02262e-07,-2.08697e-07,2.66342e-05,0.236953,0.134541,1.76119,0
6,15,2,10.0,1.54644e-07,-3.82011e-07,2.83214e-05,0.236935,0.134539,1.76109,0
7,15,2,10.0,1.98365e-07,-4.86148e-07,2.99185e-05,0.236927,0.134538,1.76104,0
8,15,2,10.0,2.33724e-07,-5.52626e-07,3.13374e-05,0.236924,0.134538,1.76102,0
9,15,2,10.0,1.42374e-07,-5.91381e-07,3.25388e-05,0.236922,0.134538,1.76101,0
10,15,2,10.0,7.67646e-08,-6.06401e-07,3.34688e-05,0.236921,0.134538,1.761,0
11,15,2,10.0,3.34589e-08,-6.4344e-07,3.4112e-05,0.236921,0.134538,1.761,0
12,15,2,10.0,-4.70741e-08,-6.28919e-07,3.44249e-05,0.23692,0.134538,1.761,0
13,15,2,10.0,-9.97591e-08,-4.81943e-07,3.40058e-05,0.238359,0.134679,1.76983,0
14,15,2,10.0,-2.54972e-08,-6.39586e-07,3.32557e-05,0.237592,0.134605,1.7651,0
15,15,2,10.0,3.07863e-09,-6.20518e-07,3.20397e-05,0.237234,0.13457,1.7629,0
16,15,2,10.0,5.53575e-08,-6.09568e-07,3.04635e-05,0.237067,0.134553,1.76188,0
17,15,2,10.0,1.10356e-07,-6.04631e-07,2.8598e-05,0.236989,0.134545,1.76141,0
18,15,2,10.0,1.73265e-07,-6.24686e-07,2.64878e-05,0.236952,0.134541,1.76119,0
19,15,2,10.0,2.41145e-07,-6.60155e-07,2.4155e-05,0.236935,0.134539,1.76109,0
20,15,2,10.0,2.95783e-07,-7.21981e-07,2.15965e-05,0.236927,0.134538,1.76104,0
21,15,2,10.0,3.53408e-07,-8.17588e-07,1.87844e-05,0.236923,0.134538,1.76102,0
22,15,2,10.0,4.04047e-07,-9.52907e-07,1.56375e-05,0.236922,0.134538,1.76101,0
23,15,2,10.0,4.87242e-07,-1.16142e-06,1.20473e-05,0.236921,0.134538,1.761,0
0,16,2,10.0,3.78541e-07,-5.60609e-07,2.45418e-05,0.238377,0.134684,1.7699,0
1,16,2,10.0,-7.70874e-07,1.55544e-06,2.40081e-05,0.237601,0.134608,1.76513,0
2,16,2,10.0,-3.51099e-07,9.13523e-07,2.47243e-05,0.237238,0.134571,1.76292,0
3,16,2,10.0,-1.20844e-07,3.88661e-07,2.61199e-05,0.237069,0.134554,1.76189,0
4,16,2,10.0,3.92289e-08,3.18122e-08,2.79199e-05,0.23699,0.134545,1.76141,0
5,16,2,10.0,1.61899e-07,-2.58834e-07,2.99091e-05,0.236953,0.134541,1.76119,0
6,16,2,10.0,2.631e-07,-4.26275e-07,3.19018e-05,0.236935,0.134539,1.76109,0
7,16,2,10.0,2.62201e-07,-5.40475e-07,3.37525e-05,0.236927,0.134538,1.76104,0
8,16,2,10.0,2.39659e-07,-6.58057e-07,3.53613e-05,0.236924,0.134538,1.76102,0
9,16,2,10.0,1.61011e-07,-6.60722e-07,3.66447e-05,0.236922,0.134538,1.76101,0
10,16,2,10.0,1.58082e-07,-7.04429e-07,3.75938e-05,0.236921,0.134538,1.761,0
11,16,2,10.0,2.97815e-08,-6.73772e-07,3.81861e-05,0.236921,0.134538,1.761,0
12,16,2,10.0,-2.69609e-08,-6.58693e-07,3.84215e-05,0.23692,0.134538,1.761,0
13,16,2,10.0,-1.17598e-07,-4.14217e-07,3.78512e-05,0.238359,0.134679,1.76983,0
14,16,2,10.0,-3.20438e-08,-5.821e-07,3.69048e-05,0.237592,0.134605,1.7651,0
15,16,2,10.0,4.66263e-08,-6.46384e-07,3.53761e-05,0.237234,0.13457,1.7629,0
16,16,2,10.0,1.01698e-07,-6.70218e-07,3.34799e-05,0.237067,0.134553,1.76188,0
17,16,2,10.0,2.04881e-07,-6.91095e-07,3.1307e-05,0.236989,0.134545,1.76141,0
18,16,2,10.0,3.49067e-07,-7.05243e-07,2.89201e-05,0.236952,0.134541,1.76119,0
19,16,2,10.0,4.29331e-07,-7.57213e-07,2.63126e-05,0.236935,0.134539,1.76109,0
20,16,2,10.0,4.9909e-07,-8.21299e-07,2.35025e-05,0.236927,0.134538,1.76104,0
21,16,2,10.0,5.11943e-07,-9.15374e-07,2.04381e-05,0.236923,0.134538,1.76102,0
22,16,2,10.0,5.45672e-07,-1.04878e-06,1.70284e-05,0.236922,0.134538,1.76101,0
23,16,2,10.0,6.07833e-07,-1.27396e-06,1.31471e-05,0.236921,0.134538,1.761,0
0,17,2,10.0,3.31057e-07,-6.49414e-07,2.70374e-05,0.238386,0.134687,1.76993,0
1,17,2,10.0,-6.79986e-07,1.72902e-06,2.62649e-05,0.237619,0.134613,1.7652,0
2,17,2,10.0,-3.30743e-07,9.18602e-07,2.71072e-05,0.237262,0.134578,1.76301,0
3,17,2,10.0,-8.15747e-08,4.1031e-07,2.87412e-05,0.237097,0.134562,1.76199,0
4,17,2,10.0,4.94908e-08,-3.78616e-08,3.08333e-05,0.23702,0.134554,1.76152,0
5,17,2,10.0,1.89448e-07,-3.58422e-07,3.31442e-05,0.236984,0.13455,1.7613,0
6,17,2,10.0,1.7987e-07,-5.8303e-07,3.54332e-05,0.236967,0.134549,1.7612,0
7,17,2,10.0,1.6647e-07,-7.24264e-07,3.75154e-05,0.23696,0.134548,1.76116,0
8,17,2,10.0,1.27944e-07,-8.05657e-07,3.92749e-05,0.236956,0.134547,1.76113,0
9,17,2,10.0,1.31279e-07,-8.43863e-07,4.06419e-05,0.236954,0.134547,1.76112,0
10,17,2,10.0,-2.8663e-08,-8.12036e-07,4.15662e-05,0.236954,0.134547,1.76112,0
11,17,2,10.0,-8.79172e-08,-8.22255e-07,4.20709e-05,0.236953,0.134547,1.76112,0
12,17,2,10.0,-6.27269e-08,-7.68143e-07,4.22529e-05,0.236953,0.134547,1.76112,0
13,17,2,10.0,-2.00583e-07,-3.96851e-07,4.15607e-05,0.238368,0.134681,1.76987,0
14,17,2,10.0,-1.44952e-07,-5.94418e-07,4.04288e-05,0.23761,0.134611,1.76517,0
15,17,2,10.0,-2.47195e-08,-7.13764e-07,3.85899e-05,0.237258,0.134577,1.76299,0
16,17,2,10.0,2.14317e-08,-7.80258e-07,3.63333e-05,0.237086,0.134559,1.76195,0
17,17,2,10.0,1.19677e-07,-8.44581e-07,3.38251e-05,0.238368,0.134681,1.76987,0
18,17,2,10.0,5.75801e-08,-2.33425e-07,3.10433e-05,0.23761,0.134611,1.76517,0
19,17,2,10.0,2.03895e-07,-4.04988e-07,2.8153e-05,0.237258,0.134577,1.76299,0
20,17,2,10.0,2.70544e-07,-5.34941e-07,2.51087e-05,0.237095,0.134561,1.76198,0
21,17,2,10.0,3.3144e-07,-6.75933e-07,2.1814e-05,0.237019,0.134554,1.76152,0
22,17,2,10.0,3.82139e-07,-8.59293e-07,1.81721e-05,0.236984,0.13455,1.7613,0
23,17,2,10.0,4.36314e-07,-1.11528e-06,1.40411e-05,0.236967,0.134549,1.7612,0
0,18,2,10.0,2.52208e-07,-6.69987e-07,2.9024e-05,0.238377,0.134684,1.7699,0
1,18,2,10.0,-5.41599e-07,1.8396e-06,2.81552e-05,0.237601,0.134608,1.76513,0
2,18,2,10.0,-2.37459e-07,1.09795e-06,2.90976e-05,0.237238,0.134571,1.76292,0
3,18,2,10.0,-1.13268e-07,4.16745e-07,3.09182e-05,0.237069,0.134554,1.76189,0
4,18,2,10.0,8.67741e-08,-1.2984e-08,3.32549e-05,0.23699,0.134546,1.76141,0
5,18,2,10.0,6.40191e-08,-3.39452e-07,3.57777e-05,0.236953,0.134541,1.76119,0
6,18,2,10.0,2.81545e-08,-5.3453e-07,3.82389e-05,0.236936,0.13454,1.76109,0
7,18,2,10.0,-3.24811e-08,-6.73884e-07,4.04694e-05,0.236928,0.134539,1.76104,0
8,18,2,10.0,-5.94673e-08,-7.52924e-07,4.23438e-05,0.236924,0.134538,1.76102,0
9,18,2,10.0,-1.2094e-07,-7.51545e-07,4.37496e-05,0.236922,0.134538,1.76101,0
10,18,2,10.0,-2.12594e-07,-6.48627e-07,4.4585e-05,0.236921,0.134538,1.761,0
11,18,2,10.0,-1.59212e-07,-7.80684e-07,4.49974e-05,0.236921,0.134538,1.761,0
12,18,2,10.0,-2.38203e-07,-6.94405e-07,4.5108e-05,0.236921,0.134538,1.761,0
13,18,2,10.0,-2.80579e-07,-3.31072e-07,4.44523e-05,0.238359,0.134679,1.76983,0
14,18,2,10.0,-2.58714e-07,-5.73034e-07,4.31782e-05,0.237592,0.134605,1.7651,0
15,18,2,10.0,-1.98132e-07,-6.85553e-07,4.10161e-05,0.237234,0.13457,1.7629,0
16,18,2,10.0,-1.36047e-07,-8.38323e-07,3.85025e-05,0.237058,0.134551,1.76185,0
17,18,2,10.0,-5.83833e-08,-8.59824e-07,3.57319e-05,0.238359,0.134679,1.76983,0
18,18,2,10.0,-4.00531e-08,-3.35263e-07,3.26561e-05,0.237592,0.134605,1.7651,0
19,18,2,10.0,7.59511e-08,-4.98609e-07,2.95613e-05,0.237234,0.13457,1.7629,0
20,18,2,10.0,1.64891e-07,-6.54955e-07,2.63059e-05,0.237067,0.134553,1.76188,0
21,18,2,10.0,2.35119e-07,-8.14699e-07,2.28208e-05,0.236989,0.134545,1.76141,0
22,18,2,10.0,2.8193e-07,-1.00197e-06,1.89947e-05,0.236953,0.134541,1.76119,0
23,18,2,10.0,3.2547e-07,-1.27991e-06,1.46745e-05,0.236936,0.134539,1.76109,0
0,19,2,10.0,1.35264e-07,-8.28755e-07,3.06058e-05,0.238377,0.134684,1.7699,0
1,19,2,10.0,-3.0487e-07,1.9937e-06,2.94744e-05,0.237601,0.134608,1.76513,0
2,19,2,10.0,-1.80324e-07,1.0068e-06,3.04618e-05,0.237238,0.134571,1.76292,0
3,19,2,10.0,4.01926e-08,4.40421e-07,3.24028e-05,0.237069,0.134554,1.76189,0
4,19,2,10.0,3.52484e-08,-6.22848e-08,3.48566e-05,0.23699,0.134545,1.76141,0
5,19,2,10.0,6.2531e-08,-4.16215e-07,3.74437e-05,0.236953,0.134541,1.76119,0
6,19,2,10.0,-1.90301e-08,-6.38356e-07,3.99502e-05,0.236935,0.134539,1.76109,0
7,19,2,10.0,-6.39822e-08,-6.72328e-07,4.22301e-05,0.236927,0.134538,1.76104,0
8,19,2,10.0,-8.951e-08,-7.13902e-07,4.41317e-05,0.236924,0.134538,1.76102,0
9,19,2,10.0,-2.18923e-07,-7.28542e-07,4.54562e-05,0.236922,0.134538,1.76101,0
10,19,2,10.0,-1.37648e-07,-8.20905e-07,4.62118e-05,0.236921,0.134538,1.761,0
11,19,2,10.0,-2.46367e-07,-8.69851e-07,4.65668e-05,0.236921,0.134538,1.761,0
12,19,2,10.0,-2.76389e-07,-7.10737e-07,4.66505e-05,0.23692,0.134538,1.761,0
13,19,2,10.0,-2.58094e-07,-3.96288e-07,4.60411e-05,0.238359,0.134679,1.76983,0
14,19,2,10.0,-2.59374e-07,-6.13007e-07,4.47759e-05,0.237592,0.134605,1.7651,0
15,19,2,10.0,-2.61664e-07,-7.11364e-07,4.2536e-05,0.237234,0.13457,1.7629,0
16,19,2,10.0,-2.09888e-07,-8.32329e-07,3.99101e-05,0.237057,0.134551,1.76185,0
17,19,2,10.0,-1.57853e-07,-9.07031e-07,3.70371e-05,0.238359,0.134679,1.76983,0
18,19,2,10.0,-7.59776e-08,-2.61465e-07,3.38313e-05,0.237592,0.134605,1.7651,0
19,19,2,10.0,-2.72376e-08,-4.75887e-07,3.05777e-05,0.237234,0.13457,1.7629,0
20,19,2,10.0,5.53751e-08,-7.26646e-07,2.71305e-05,0.237067,0.134553,1.76188,0
21,19,2,10.0,1.15463e-07,-9.25245e-07,2.34753e-05,0.236989,0.134545,1.76141,0
22,19,2,10.0,1.59199e-07,-1.14719e-06,1.95142e-05,0.236952,0.134541,1.76119,0
23,19,2,10.0,1.97574e-07,-1.41748e-06,1.50718e-05,0.236935,0.134539,1.76109,0
0,20,2,10.0,-2.14354e-08,-6.96814e-07,3.1066e-05,0.238377,0.134684,1.7699,0
1,20,2,10.0,-1.32919e-07,1.99165e-06,3.00185e-05,0.237601,0.134608,1.76513,0
2,20,2,10.0,-5.56425e-08,1.13894e-06,3.10213e-05,0.237238,0.134571,1.76292,0
3,20,2,10.0,1.55737e-08,4.37668e-07,3.29971e-05,0.237069,0.134554,1.76189,0
4,20,2,10.0,-1.14826e-07,-6.01561e-08,3.54025e-05,0.23699,0.134545,1.76141,0
5,20,2,10.0,-1.0261e-07,-4.68778e-07,3.79079e-05,0.236953,0.134541,1.76119,0
6,20,2,10.0,-2.06625e-07,-5.19394e-07,4.02986e-05,0.236935,0.134539,1.76109,0
7,20,2,10.0,-1.87828e-07,-7.45245e-07,4.24679e-05,0.236927,0.134538,1.76104,0
8,20,2,10.0,-2.67679e-07,-7.88742e-07,4.42587e-05,0.236924,0.134538,1.76102,0
9,20,2,10.0,-3.19619e-07,-7.85835e-07,4.54981e-05,0.236922,0.134538,1.76101,0
10,20,2,10.0,-3.79208e-07,-8.61062e-07,4.62553e-05,0.236921,0.134538,1.761,0
11,20,2,10.0,-3.80422e-07,-6.88839e-07,4.66431e-05,0.236921,0.134538,1.761,0
12,20,2,10.0,-4.19898e-07,-6.8521e-07,4.67981e-05,0.23692,0.134538,1.761,0
13,20,2,10.0,-2.89327e-07,-3.59458e-07,4.63717e-05,0.238359,0.134679,1.76983,0
14,20,2,10.0,-2.92644e-07,-5.65246e-07,4.53057e-05,0.237592,0.134605,1.7651,0
15,20,2,10.0,-2.99003e-07,-6.14028e-07,4.31423e-05,0.237234,0.13457,1.7629,0
16,20,2,10.0,-3.16884e-07,-6.9777e-07,4.04592e-05,0.237057,0.134551,1.76185,0
17,20,2,10.0,-3.21159e-07,-7.43942e-07,3.76243e-05,0.238359,0.134679,1.76983,0
18,20,2,10.0,-3.07808e-08,-1.95686e-07,3.44215e-05,0.237592,0.134605,1.7651,0
19,20,2,10.0,-2.66296e-08,-4.27069e-07,3.10599e-05,0.237234,0.13457,1.7629,0
20,20,2,10.0,-2.39634e-08,-7.42869e-07,2.74943e-05,0.237067,0.134553,1.76188,0
21,20,2,10.0,9.53857e-09,-1.00917e-06,2.37322e-05,0.236989,0.134545,1.76141,0
22,20,2,10.0,3.27313e-08,-1.25542e-06,1.97026e-05,0.236952,0.134541,1.76119,0
23,20,2,10.0,3.29007e-08,-1.52316e-06,1.52066e-05,0.236935,0.134539,1.76109,0
0,21,2,10.0,-1.13566e-07,-7.75651e-07,3.08126e-05,0.238377,0.134684,1.7699,0
1,21,2,10.0,3.68344e-08,2.05291e-06,2.97815e-05,0.237601,0.134608,1.76513,0
2,21,2,10.0,5.56196e-08,1.12282e-06,3.07605e-05,0.237238,0.134571,1.76292,0
3,21,2,10.0,-2.08165e-07,4.66466e-07,3.26094e-05,0.237069,0.134554,1.76189,0
4,21,2,10.0,-1.56706e-07,-9.23814e-08,3.48252e-05,0.23699,0.134545,1.76141,0
5,21,2,10.0,-2.82034e-07,-3.32658e-07,3.71211e-05,0.236953,0.134541,1.76119,0
6,21,2,10.0,-2.8727e-07,-5.89109e-07,3.93049e-05,0.236935,0.134539,1.76109,0
7,21,2,10.0,-3.58757e-07,-7.08345e-07,4.12501e-05,0.236927,0.134538,1.76104,0
8,21,2,10.0,-4.89476e-07,-7.64995e-07,4.28367e-05,0.236924,0.134538,1.76102,0
9,21,2,10.0,-4.89539e-07,-7.78937e-07,4.40041e-05,0.236922,0.134538,1.76101,0
10,21,2,10.0,-5.45e-07,-7.10668e-07,4.47898e-05,0.236921,0.134538,1.761,0
11,21,2,10.0,-4.67124e-07,-6.49656e-07,4.52985e-05,0.236921,0.134538,1.761,0
12,21,2,10.0,-5.03644e-07,-5.79467e-07,4.55735e-05,0.23692,0.134538,1.761,0
13,21,2,10.0,-2.48082e-07,-2.79663e-07,4.54379e-05,0.238359,0.134679,1.76983,0
14,21,2,10.0,-2.76444e-07,-5.14409e-07,4.43985e-05,0.237592,0.134605,1.7651,0
15,21,2,10.0,-2.9636e-07,-5.31218e-07,4.24125e-05,0.237234,0.13457,1.7629,0
16,21,2,10.0,-3.47993e-07,-6.3512e-07,3.99901e-05,0.237057,0.134551,1.76185,0
17,21,2,10.0,-3.59818e-07,-6.51801e-07,3.73184e-05,0.238359,0.134679,1.76983,0
18,21,2,10.0,1.3923e-09,-2.01905e-07,3.42685e-05,0.237592,0.134605,1.7651,0
19,21,2,10.0,-5.12521e-08,-5.04244e-07,3.09184e-05,0.237234,0.13457,1.7629,0
20,21,2,10.0,-7.81088e-08,-7.81386e-07,2.73533e-05,0.237067,0.134553,1.76188,0
21,21,2,10.0,-1.04453e-07,-1.03497e-06,2.36202e-05,0.236989,0.134545,1.76141,0
22,21,2,10.0,-1.13084e-07,-1.25134e-06,1.96057e-05,0.236952,0.134541,1.76119,0
23,21,2,10.0,-1.39454e-07,-1.52616e-06,1.51194e-05,0.236935,0.134539,1.76109,0
0,22,2,10.0,-2.4357e-07,-7.85325e-07,2.98445e-05,0.238377,0.134684,1.7699,0
1,22,2,10.0,2.22639e-07,2.04625e-06,2.89679e-05,0.237601,0.134608,1.76513,0
2,22,2,10.0,-9.67963e-08,1.15558e-06,2.98358e-05,0.237238,0.134571,1.76292,0
3,22,2,10.0,-1.94267e-07,4.6176e-07,3.14494e-05,0.237069,0.134554,1.76189,0
4,22,2,10.0,-3.08692e-07,-8.78478e-09,3.3423e-05,0.23699,0.134545,1.76141,0
5,22,2,10.0,-3.81852e-07,-2.86997e-07,3.5441e-05,0.236953,0.134541,1.76119,0
6,22,2,10.0,-4.84913e-07,-4.39493e-07,3.73589e-05,0.236935,0.134539,1.76109,0
7,22,2,10.0,-5.76462e-07,-5.5736e-07,3.90604e-05,0.236927,0.134538,1.76104,0
8,22,2,10.0,-6.13472e-07,-6.14923e-07,4.04664e-05,0.236924,0.134538,1.76102,0
9,22,2,10.0,-6.15159e-07,-5.87533e-07,4.15746e-05,0.236922,0.134538,1.76101,0
10,22,2,10.0,-5.86849e-07,-5.59659e-07,4.24043e-05,0.236921,0.134538,1.761,0
11,22,2,10.0,-5.82293e-07,-5.17244e-07,4.3037e-05,0.236921,0.134538,1.761,0
12,22,2,10.0,-4.87093e-07,-4.058e-07,4.34616e-05,0.23692,0.134538,1.761,0
13,22,2,10.0,-4.00786e-07,-3.34304e-07,4.36999e-05,0.238368,0.134681,1.76987,0
14,22,2,10.0,-3.86708e-07,-5.0211e-07,4.25703e-05,0.23724,0.134572,1.76293,0
15,22,2,10.0,-3.8162e-07,-5.88911e-07,4.08489e-05,0.237071,0.134554,1.7619,0
16,22,2,10.0,-3.60377e-07,-6.66365e-07,3.86445e-05,0.236982,0.134543,1.76138,0
17,22,2,10.0,-3.56072e-07,-6.57106e-07,3.61817e-05,0.238359,0.134679,1.76983,0
18,22,2,10.0,-4.78254e-08,-4.47405e-07,3.33692e-05,0.237592,0.134605,1.7651,0
19,22,2,10.0,-1.36362e-07,-6.49241e-07,3.01663e-05,0.237234,0.13457,1.7629,0
20,22,2,10.0,-1.98914e-07,-9.13286e-07,2.67232e-05,0.237067,0.134553,1.76188,0
21,22,2,10.0,-2.31913e-07,-1.07307e-06,2.30904e-05,0.236989,0.134545,1.76141,0
22,22,2,10.0,-2.60549e-07,-1.29469e-06,1.91559e-05,0.236952,0.134541,1.76119,0
23,22,2,10.0,-2.75061e-07,-1.52296e-06,1.47501e-05,0.236935,0.134539,1.76109,0
0,23,2,10.0,-2.67687e-07,-7.29609e-07,2.86215e-05,0.238377,0.134684,1.7699,0
1,23,2,10.0,1.26106e-07,2.00494e-06,2.79474e-05,0.237601,0.134608,1.76513,0
2,23,2,10.0,-1.03487e-07,1.13603e-06,2.86769e-05,0.237238,0.134571,1.76292,0
3,23,2,10.0,-2.90321e-07,5.16201e-07,3.00685e-05,0.237069,0.134554,1.76189,0
4,23,2,10.0,-4.22812e-07,8.62929e-08,3.17663e-05,0.23699,0.134545,1.76141,0
5,23,2,10.0,-4.98814e-07,-1.4221e-07,3.35269e-05,0.236953,0.134541,1.76119,0
6,23,2,10.0,-5.64309e-07,-3.15403e-07,3.52009e-05,0.236935,0.134539,1.76109,0
7,23,2,10.0,-6.36201e-07,-3.99841e-07,3.67042e-05,0.236927,0.134538,1.76104,0
8,23,2,10.0,-6.73637e-07,-4.3856e-07,3.7992e-05,0.236924,0.134538,1.76102,0
9,23,2,10.0,-6.9058e-07,-4.44447e-07,3.9075e-05,0.236922,0.134538,1.76101,0
10,23,2,10.0,-5.72154e-07,-3.72629e-07,3.99715e-05,0.236921,0.134538,1.761,0
11,23,2,10.0,-5.59368e-07,-3.82689e-07,4.07008e-05,0.236921,0.134538,1.761,0
12,23,2,10.0,-5.30584e-07,-3.4417e-07,4.1243e-05,0.23692,0.134538,1.761,0
13,23,2,10.0,-4.9652e-07,-2.31837e-07,4.15511e-05,0.238359,0.134679,1.76983,0
14,23,2,10.0,-4.74201e-07,-4.10224e-07,4.05692e-05,0.237234,0.13457,1.7629,0
15,23,2,10.0,-4.32641e-07,-5.30094e-07,3.89972e-05,0.237067,0.134553,1.76188,0
16,23,2,10.0,-3.85182e-07,-6.21853e-07,3.69498e-05,0.236979,0.134542,1.76137,0
17,23,2,10.0,-3.60538e-07,-6.6722e-07,3.46246e-05,0.238359,0.134679,1.76983,0
18,23,2,10.0,-1.36077e-07,-5.59843e-07,3.19817e-05,0.237592,0.134605,1.7651,0
19,23,2,10.0,-1.97213e-07,-7.11561e-07,2.89902e-05,0.237234,0.13457,1.7629,0
20,23,2,10.0,-2.48339e-07,-8.20411e-07,2.57507e-05,0.237067,0.134553,1.76188,0
21,23,2,10.0,-2.82372e-07,-1.00579e-06,2.22676e-05,0.236989,0.134545,1.76141,0
22,23,2,10.0,-2.95018e-07,-1.17222e-06,1.8454e-05,0.236952,0.134541,1.76119,0
23,23,2,10.0,-3.15739e-07,-1.45633e-06,1.41734e-05,0.236935,0.134539,1.76109,0
0,0,3,10.0,3.37463e-09,-4.97376e-07,8.21502e-06,0.238377,0.134733,1.76925,0
1,0,3,10.0,2.26642e-08,5.02246e-07,8.15914e-06,0.237597,0.134691,1.76401,0
2,0,3,10.0,2.51237e-08,-2.5003e-08,8.29681e-06,0.237233,0.134675,1.76152,0
3,0,3,10.0,2.68257e-08,-4.17429e-07,8.55269e-06,0.237062,0.13467,1.76033,0
4,0,3,10.0,2.88218e-08,-7.24383e-07,8.87648e-06,0.236983,0.134668,1.75976,0
5,0,3,10.0,3.01537e-08,-9.53198e-07,9.24008e-06,0.236945,0.134667,1.75948,0
6,0,3,10.0,2.65663e-08,-1.15287e-06,9.60255e-06,0.236928,0.134667,1.75935,0
7,0,3,10.0,2.80737e-08,-1.292e-06,9.95357e-06,0.23692,0.134668,1.75929,0
8,0,3,10.0,2.80832e-08,-1.38541e-06,1.02829e-05,0.236916,0.134668,1.75926,0
9,0,3,10.0,3.87718e-08,-1.45098e-06,1.05764e-05,0.236914,0.134668,1.75925,0
10,0,3,10.0,2.56104e-08,-1.50902e-06,1.08286e-05,0.236913,0.134668,1.75924,0
11,0,3,10.0,9.56186e-10,-1.57211e-06,1.10346e-05,0.236913,0.134668,1.75924,0
12,0,3,10.0,3.55594e-08,-1.65148e-06,1.11594e-05,0.236913,0.134668,1.75924,0
13,0,3,10.0,3.11616e-08,-1.63007e-06,1.11559e-05,0.238357,0.134729,1.76915,0
14,0,3,10.0,2.5518e-08,-1.67061e-06,1.09941e-05,0.237588,0.134689,1.76397,0
15,0,3,10.0,2.57413e-08,-1.50567e-06,1.06924e-05,0.237228,0.134674,1.7615,0
16,0,3,10.0,2.28435e-08,-1.3614e-06,1.02693e-05,0.23706,0.134669,1.76031,0
17,0,3,10.0,3.81643e-09,-1.21888e-06,9.73661e-06,0.236982,0.134668,1.75975,0
18,0,3,10.0,4.5377e-09,-1.11919e-06,9.08323e-06,0.236945,0.134667,1.75948,0
19,0,3,10.0,1.79625e-08,-1.05073e-06,8.31617e-06,0.236928,0.134667,1.75935,0
20,0,3,10.0,1.63638e-08,-1.02278e-06,7.44227e-06,0.236919,0.134668,1.75929,0
21,0,3,10.0,5.05829e-09,-1.01879e-06,6.45942e-06,0.236916,0.134668,1.75926,0
22,0,3,10.0,3.88749e-09,-1.06622e-06,5.34382e-06,0.236914,0.134668,1.75925,0
23,0,3,10.0,8.46282e-10,-1.17255e-06,4.07749e-06,0.236913,0.134668,1.75924,0
0,1,3,10.0,6.76244e-09,-3.56221e-07,8.12955e-06,0.238386,0.134735,1.76929,0
1,1,3,10.0,5.77839e-08,1.32893e-06,8.08358e-06,0.237616,0.134695,1.76411,0
2,1,3,10.0,6.36323e-08,8.96038e-07,8.21545e-06,0.237258,0.13468,1.76164,0
3,1,3,10.0,7.05306e-08,5.88037e-07,8.45831e-06,0.237092,0.134675,1.76047,0
4,1,3,10.0,7.60786e-08,3.6971e-07,8.77138e-06,0.237015,0.134674,1.75991,0
5,1,3,10.0,7.75929e-08,2.03058e-07,9.11814e-06,0.236978,0.134674,1.75965,0
6,1,3,10.0,8.00959e-08,8.37409e-08,9.47138e-06,0.236962,0.134674,1.75952,0
7,1,3,10.0,8.43643e-08,-5.46972e-09,9.81265e-06,0.236954,0.134674,1.75946,0
8,1,3,10.0,8.95401e-08,-5.94753e-08,1.01302e-05,0.23695,0.134674,1.75944,0
9,1,3,10.0,8.9592e-08,-9.65834e-08,1.04109e-05,0.236949,0.134674,1.75942,0
10,1,3,10.0,9.63763e-08,-1.412e-07,1.06455e-05,0.236948,0.134674,1.75942,0
11,1,3,10.0,8.15694e-08,-2.0242e-07,1.08256e-05,0.236948,0.134674,1.75941,0
12,1,3,10.0,9.81208e-08,-2.61488e-07,1.09408e-05,0.236947,0.134674,1.75941,0
13,1,3,10.0,6.62073e-08,-3.0411e-07,1.09079e-05,0.238367,0.134731,1.7692,0
14,1,3,10.0,6.3576e-08,-4.6755e-07,1.07375e-05,0.237607,0.134693,1.76406,0
15,1,3,10.0,6.45724e-08,-3.85261e-07,1.04321e-05,0.237254,0.134679,1.76162,0
16,1,3,10.0,5.66328e-08,-3.30533e-07,1.00089e-05,0.23709,0.134675,1.76046,0
17,1,3,10.0,4.37575e-08,-2.89889e-07,9.47431e-06,0.237014,0.134674,1.75991,0
18,1,3,10.0,4.48787e-08,-2.89345e-07,8.83361e-06,0.236978,0.134674,1.75965,0
19,1,3,10.0,5.05744e-08,-3.31517e-07,8.08797e-06,0.236962,0.134674,1.75952,0
20,1,3,10.0,4.58782e-08,-4.12917e-07,7.23691e-06,0.236954,0.134674,1.75946,0
21,1,3,10.0,3.28708e-08,-5.29538e-07,6.27239e-06,0.23695,0.134674,1.75944,0
22,1,3,10.0,2.23514e-08,-6.99643e-07,5.18229e-06,0.236949,0.134674,1.75942,0
23,1,3,10.0,3.68296e-09,-9.45632e-07,3.94457e-06,0.236948,0.134674,1.75942,0
0,2,3,10.0,3.60207e-09,-3.61262e-07,8.05456e-06,0.238386,0.134735,1.76929,0
1,2,3,10.0,4.5439e-08,1.28434e-06,8.02091e-06,0.237616,0.134695,1.76411,0
2,2,3,10.0,4.89844e-08,8.49245e-07,8.15e-06,0.237259,0.13468,1.76164,0
3,2,3,10.0,5.63975e-08,5.42584e-07,8.38581e-06,0.237092,0.134675,1.76047,0
4,2,3,10.0,5.53785e-08,3.13029e-07,8.68882e-06,0.237015,0.134674,1.75992,0
5,2,3,10.0,6.78571e-08,1.60267e-07,9.02444e-06,0.236979,0.134674,1.75965,0
6,2,3,10.0,6.40855e-08,3.74833e-08,9.3679e-06,0.236962,0.134674,1.75953,0
7,2,3,10.0,7.41371e-08,-5.53731e-08,9.69773e-06,0.236954,0.134674,1.75947,0
8,2,3,10.0,6.61888e-08,-1.08529e-07,1.00003e-05,0.236951,0.134674,1.75944,0
9,2,3,10.0,7.61275e-08,-1.54451e-07,1.02614e-05,0.236949,0.134674,1.75942,0
10,2,3,10.0,7.5324e-08,-2.00515e-07,1.04751e-05,0.236948,0.134674,1.75942,0
11,2,3,10.0,6.39534e-08,-2.60483e-07,1.06281e-05,0.236948,0.134674,1.75941,0
12,2,3,10.0,4.36945e-08,-3.08773e-07,1.07141e-05,0.236948,0.134674,1.75941,0
13,2,3,10.0,3.18434e-08,-3.35416e-07,1.0632e-05,0.238367,0.134731,1.7692,0
14,2,3,10.0,-1.74995e-09,-4.8959e-07,1.04411e-05,0.237607,0.134693,1.76406,0
15,2,3,10.0,-1.53704e-09,-4.1641e-07,1.01249e-05,0.237254,0.134679,1.76162,0
16,2,3,10.0,-3.17876e-09,-3.58051e-07,9.69678e-06,0.23709,0.134675,1.76046,0
17,2,3,10.0,3.91907e-09,-3.24655e-07,9.16746e-06,0.237014,0.134674,1.75991,0
18,2,3,10.0,1.24569e-08,-3.23084e-07,8.54011e-06,0.236978,0.134674,1.75965,0
19,2,3,10.0,1.24614e-08,-3.67641e-07,7.81399e-06,0.236962,0.134674,1.75952,0
20,2,3,10.0,5.55543e-09,-4.41367e-07,6.98534e-06,0.236954,0.134674,1.75946,0
21,2,3,10.0,3.88917e-09,-5.52325e-07,6.04731e-06,0.236951,0.134674,1.75944,0
22,2,3,10.0,-6.08002e-09,-7.15785e-07,4.98659e-06,0.236949,0.134674,1.75942,0
23,2,3,10.0,-2.73375e-08,-9.46664e-07,3.78402e-06,0.236948,0.134674,1.75942,0
0,3,3,10.0,1.88499e-08,-3.65426e-07,8.02214e-06,0.238386,0.134735,1.76929,0
1,3,3,10.0,4.00137e-08,1.24006e-06,7.98064e-06,0.237616,0.134695,1.76411,0
2,3,3,10.0,5.19716e-08,8.04791e-07,8.10709e-06,0.237259,0.13468,1.76164,0
3,3,3,10.0,4.95991e-08,4.88831e-07,8.33841e-06,0.237092,0.134675,1.76047,0
4,3,3,10.0,5.86161e-08,2.66178e-07,8.63547e-06,0.237015,0.134674,1.75992,0
5,3,3,10.0,5.38116e-08,1.00695e-07,8.96504e-06,0.236979,0.134674,1.75965,0
6,3,3,10.0,5.83846e-08,-2.08305e-08,9.30192e-06,0.236962,0.134674,1.75953,0
7,3,3,10.0,6.19049e-08,-1.05861e-07,9.6215e-06,0.236954,0.134674,1.75947,0
8,3,3,10.0,6.0824e-08,-1.75516e-07,9.91074e-06,0.236951,0.134674,1.75944,0
9,3,3,10.0,7.78471e-08,-2.20957e-07,1.01541e-05,0.236949,0.134674,1.75942,0
10,3,3,10.0,5.07686e-08,-2.7415e-07,1.03397e-05,0.236948,0.134674,1.75942,0
11,3,3,10.0,5.02712e-08,-3.25913e-07,1.04604e-05,0.236948,0.134674,1.75941,0
12,3,3,10.0,4.1801e-08,-3.60872e-07,1.05106e-05,0.236948,0.134674,1.75941,0
13,3,3,10.0,5.38222e-09,-3.67455e-07,1.03658e-05,0.238367,0.134731,1.7692,0
14,3,3,10.0,-1.9044e-08,-5.07097e-07,1.01485e-05,0.237607,0.134693,1.76406,0
15,3,3,10.0,-1.7087e-08,-4.3744e-07,9.81782e-06,0.237254,0.134679,1.76162,0
16,3,3,10.0,-1.57808e-08,-3.82518e-07,9.38668e-06,0.23709,0.134675,1.76046,0
17,3,3,10.0,-8.26698e-09,-3.4906e-07,8.86369e-06,0.237014,0.134674,1.75991,0
18,3,3,10.0,-5.55669e-09,-3.56429e-07,8.24837e-06,0.236978,0.134674,1.75965,0
19,3,3,10.0,-7.15215e-09,-3.94332e-07,7.53914e-06,0.236962,0.134674,1.75952,0
20,3,3,10.0,-2.19343e-09,-4.60671e-07,6.73318e-06,0.236954,0.134674,1.75946,0
21,3,3,10.0,-5.29639e-09,-5.66421e-07,5.82075e-06,0.236951,0.134674,1.75944,0
22,3,3,10.0,-1.73684e-08,-7.19026e-07,4.78886e-06,0.236949,0.134674,1.75942,0
23,3,3,10.0,-3.32912e-08,-9.3283e-07,3.62306e-06,0.236948,0.134674,1.75942,0
0,4,3,10.0,6.90588e-09,-3.779e-07,8.02525e-06,0.238386,0.134735,1.76929,0
1,4,3,10.0,2.70573e-08,1.20736e-06,7.96603e-06,0.237616,0.134695,1.76411,0
2,4,3,10.0,3.28781e-08,7.65931e-07,8.08956e-06,0.237259,0.13468,1.76164,0
3,4,3,10.0,4.08893e-08,4.4214e-07,8.32023e-06,0.237092,0.134675,1.76047,0
4,4,3,10.0,4.27877e-08,2.18604e-07,8.61431e-06,0.237015,0.134674,1.75992,0
5,4,3,10.0,4.75327e-08,5.23422e-08,8.94248e-06,0.236979,0.134674,1.75965,0
6,4,3,10.0,4.85367e-08,-6.81181e-08,9.27423e-06,0.236962,0.134674,1.75953,0
7,4,3,10.0,4.69559e-08,-1.61177e-07,9.59079e-06,0.236954,0.134674,1.75947,0
8,4,3,10.0,4.47265e-08,-2.29423e-07,9.87047e-06,0.236951,0.134674,1.75944,0
9,4,3,10.0,3.60873e-08,-2.83112e-07,1.01003e-05,0.236949,0.134674,1.75942,0
10,4,3,10.0,4.11372e-08,-3.36846e-07,1.02601e-05,0.236948,0.134674,1.75942,0
11,4,3,10.0,2.35564e-08,-3.84709e-07,1.03542e-05,0.236948,0.134674,1.75941,0
12,4,3,10.0,8.70855e-09,-4.05929e-07,1.03735e-05,0.236948,0.134674,1.75941,0
13,4,3,10.0,-1.77929e-08,-3.95069e-07,1.01694e-05,0.238367,0.134731,1.7692,0
14,4,3,10.0,-3.67688e-08,-5.2236e-07,9.93066e-06,0.237607,0.134693,1.76406,0
15,4,3,10.0,-3.41067e-08,-4.56953e-07,9.58987e-06,0.237254,0.134679,1.76162,0
16,4,3,10.0,-2.85837e-08,-4.03446e-07,9.15696e-06,0.23709,0.134675,1.76046,0
17,4,3,10.0,-2.54833e-08,-3.77317e-07,8.63798e-06,0.237014,0.134674,1.75991,0
18,4,3,10.0,-2.27848e-08,-3.83261e-07,8.03048e-06,0.236978,0.134674,1.75965,0
19,4,3,10.0,-1.64327e-08,-4.19755e-07,7.33438e-06,0.236962,0.134674,1.75952,0
20,4,3,10.0,-1.48346e-08,-4.82656e-07,6.54525e-06,0.236954,0.134674,1.75946,0
21,4,3,10.0,-1.6888e-08,-5.8143e-07,5.65042e-06,0.236951,0.134674,1.75944,0
22,4,3,10.0,-2.10649e-08,-7.25743e-07,4.64013e-06,0.236949,0.134674,1.75942,0
23,4,3,10.0,-2.87919e-08,-9.24118e-07,3.50417e-06,0.236948,0.134674,1.75942,0
0,5,3,10.0,2.39092e-10,-3.8279e-07,8.00752e-06,0.238386,0.134735,1.76929,0
1,5,3,10.0,7.4002e-09,1.17856e-06,7.96105e-06,0.237616,0.134695,1.76411,0
2,5,3,10.0,8.27246e-09,7.32671e-07,8.08734e-06,0.237258,0.13468,1.76164,0
3,5,3,10.0,2.01269e-08,4.12364e-07,8.31673e-06,0.237092,0.134675,1.76047,0
4,5,3,10.0,1.77276e-08,1.89502e-07,8.61176e-06,0.237015,0.134674,1.75992,0
5,5,3,10.0,2.39493e-08,2.46631e-08,8.94143e-06,0.236979,0.134674,1.75965,0
6,5,3,10.0,1.56405e-08,-9.55751e-08,9.2744e-06,0.236962,0.134674,1.75953,0
7,5,3,10.0,1.58501e-08,-1.89607e-07,9.59019e-06,0.236954,0.134674,1.75947,0
8,5,3,10.0,8.50877e-09,-2.60614e-07,9.8686e-06,0.236951,0.134674,1.75944,0
9,5,3,10.0,7.65631e-09,-3.23124e-07,1.00885e-05,0.236949,0.134674,1.75942,0
10,5,3,10.0,9.96008e-09,-3.81191e-07,1.0242e-05,0.236948,0.134674,1.75942,0
11,5,3,10.0,-1.19185e-08,-4.24095e-07,1.03183e-05,0.236948,0.134674,1.75941,0
12,5,3,10.0,-1.03166e-08,-4.37089e-07,1.03236e-05,0.236948,0.134674,1.75941,0
13,5,3,10.0,-3.46675e-08,-4.14359e-07,1.00884e-05,0.238367,0.134731,1.7692,0
14,5,3,10.0,-4.30875e-08,-5.33417e-07,9.83933e-06,0.237607,0.134693,1.76406,0
15,5,3,10.0,-4.24922e-08,-4.73069e-07,9.49339e-06,0.237254,0.134679,1.76162,0
16,5,3,10.0,-3.89641e-08,-4.22361e-07,9.06004e-06,0.23709,0.134675,1.76046,0
17,5,3,10.0,-3.92181e-08,-3.97577e-07,8.54101e-06,0.237014,0.134674,1.75991,0
18,5,3,10.0,-3.41831e-08,-4.05694e-07,7.93668e-06,0.236978,0.134674,1.75965,0
19,5,3,10.0,-2.75597e-08,-4.41427e-07,7.24649e-06,0.236962,0.134674,1.75952,0
20,5,3,10.0,-2.93253e-08,-5.00783e-07,6.46196e-06,0.236954,0.134674,1.75946,0
21,5,3,10.0,-2.52134e-08,-5.9807e-07,5.5737e-06,0.236951,0.134674,1.75944,0
22,5,3,10.0,-1.92628e-08,-7.34396e-07,4.57563e-06,0.236949,0.134674,1.75942,0
23,5,3,10.0,-1.79626e-08,-9.26991e-07,3.45423e-06,0.236948,0.134674,1.75942,0
0,6,3,10.0,1.62426e-08,-3.82072e-07,8.00985e-06,0.238386,0.134735,1.76929,0
1,6,3,10.0,-6.43334e-09,1.16323e-06,7.97817e-06,0.237616,0.134695,1.76411,0
2,6,3,10.0,7.08317e-09,7.16654e-07,8.10328e-06,0.237259,0.13468,1.76164,0
3,6,3,10.0,7.59621e-09,4.03755e-07,8.33228e-06,0.237092,0.134675,1.76047,0
4,6,3,10.0,1.73389e-08,1.77738e-07,8.62838e-06,0.237015,0.134674,1.75992,0
5,6,3,10.0,1.10373e-08,2.01581e-08,8.96031e-06,0.236979,0.134674,1.75965,0
6,6,3,10.0,1.43984e-08,-1.02249e-07,9.29804e-06,0.236962,0.134674,1.75953,0
7,6,3,10.0,1.9413e-09,-1.94345e-07,9.62105e-06,0.236954,0.134674,1.75947,0
8,6,3,10.0,-1.11361e-08,-2.69343e-07,9.90602e-06,0.236951,0.134674,1.75944,0
9,6,3,10.0,-1.55132e-08,-3.36048e-07,1.01347e-05,0.236949,0.134674,1.75942,0
10,6,3,10.0,-1.57893e-08,-3.98068e-07,1.02965e-05,0.236948,0.134674,1.75942,0
11,6,3,10.0,-1.10994e-08,-4.40611e-07,1.03819e-05,0.236948,0.134674,1.75941,0
12,6,3,10.0,-3.16405e-08,-4.52154e-07,1.03919e-05,0.236948,0.134674,1.75941,0
13,6,3,10.0,-4.30138e-08,-4.24203e-07,1.01613e-05,0.238367,0.134731,1.7692,0
14,6,3,10.0,-4.48845e-08,-5.44417e-07,9.91318e-06,0.237607,0.134693,1.76406,0
15,6,3,10.0,-4.73476e-08,-4.85873e-07,9.56563e-06,0.237254,0.134679,1.76162,0
16,6,3,10.0,-5.03242e-08,-4.36841e-07,9.12924e-06,0.23709,0.134675,1.76046,0
17,6,3,10.0,-4.6462e-08,-4.15226e-07,8.60436e-06,0.237014,0.134674,1.75991,0
18,6,3,10.0,-4.5185e-08,-4.23607e-07,7.99421e-06,0.236978,0.134674,1.75965,0
19,6,3,10.0,-4.66438e-08,-4.5615e-07,7.29752e-06,0.236962,0.134674,1.75952,0
20,6,3,10.0,-3.43132e-08,-5.19017e-07,6.50605e-06,0.236954,0.134674,1.75946,0
21,6,3,10.0,-2.28953e-08,-6.12471e-07,5.61488e-06,0.236951,0.134674,1.75944,0
22,6,3,10.0,-1.55244e-08,-7.51985e-07,4.61332e-06,0.236949,0.134674,1.75942,0
23,6,3,10.0,-4.36181e-09,-9.36959e-07,3.48874e-06,0.236948,0.134674,1.75942,0
0,7,3,10.0,1.4214e-08,-3.80165e-07,8.05641e-06,0.238386,0.134735,1.76929,0
1,7,3,10.0,-2.83667e-08,1.16099e-06,8.03066e-06,0.237616,0.134695,1.76411,0
2,7,3,10.0,-1.72722e-08,7.1527e-07,8.15737e-06,0.237259,0.13468,1.76164,0
3,7,3,10.0,-7.02377e-09,4.01803e-07,8.38798e-06,0.237092,0.134675,1.76047,0
4,7,3,10.0,4.90058e-10,1.80789e-07,8.69077e-06,0.237015,0.134674,1.75992,0
5,7,3,10.0,2.55766e-09,1.78844e-08,9.03194e-06,0.236979,0.134674,1.75965,0
6,7,3,10.0,-5.16999e-09,-1.05513e-07,9.38057e-06,0.236962,0.134674,1.75953,0
7,7,3,10.0,-1.85289e-08,-1.98558e-07,9.71511e-06,0.236954,0.134674,1.75947,0
8,7,3,10.0,-3.21372e-08,-2.74875e-07,1.0018e-05,0.236951,0.134674,1.75944,0
9,7,3,10.0,-2.40239e-08,-3.44995e-07,1.02703e-05,0.236949,0.134674,1.75942,0
10,7,3,10.0,-4.54432e-08,-4.11526e-07,1.0456e-05,0.236948,0.134674,1.75942,0
11,7,3,10.0,-4.53231e-08,-4.58553e-07,1.05734e-05,0.236948,0.134674,1.75941,0
12,7,3,10.0,-3.17435e-08,-4.69097e-07,1.06101e-05,0.236948,0.134674,1.75941,0
13,7,3,10.0,-5.67472e-08,-4.35875e-07,1.04136e-05,0.238367,0.134731,1.7692,0
14,7,3,10.0,-4.66028e-08,-5.60883e-07,1.01743e-05,0.237607,0.134693,1.76406,0
15,7,3,10.0,-5.7248e-08,-5.00177e-07,9.82587e-06,0.237254,0.134679,1.76162,0
16,7,3,10.0,-6.14575e-08,-4.52272e-07,9.37862e-06,0.23709,0.134675,1.76046,0
17,7,3,10.0,-6.16929e-08,-4.31198e-07,8.83979e-06,0.237014,0.134674,1.75991,0
18,7,3,10.0,-5.90655e-08,-4.41597e-07,8.21241e-06,0.236978,0.134674,1.75965,0
19,7,3,10.0,-5.098e-08,-4.75595e-07,7.49702e-06,0.236962,0.134674,1.75952,0
20,7,3,10.0,-4.02426e-08,-5.3638e-07,6.69002e-06,0.236954,0.134674,1.75946,0
21,7,3,10.0,-2.78039e-08,-6.35357e-07,5.78058e-06,0.236951,0.134674,1.75944,0
22,7,3,10.0,-1.27183e-08,-7.71679e-07,4.75892e-06,0.236949,0.134674,1.75942,0
23,7,3,10.0,4.17293e-09,-9.64144e-07,3.60725e-06,0.236948,0.134674,1.75942,0
0,8,3,10.0,2.6207e-08,-3.82797e-07,8.17585e-06,0.238386,0.134735,1.76929,0
1,8,3,10.0,-5.27597e-08,1.17735e-06,8.14894e-06,0.237616,0.134695,1.76411,0
2,8,3,10.0,-2.59922e-08,7.2506e-07,8.27711e-06,0.237259,0.13468,1.76164,0
3,8,3,10.0,-6.44056e-09,4.09718e-07,8.51671e-06,0.237092,0.134675,1.76047,0
4,8,3,10.0,6.25863e-09,1.80989e-07,8.83552e-06,0.237015,0.134674,1.75992,0
5,8,3,10.0,8.56694e-09,1.2863e-08,9.1928e-06,0.236979,0.134674,1.75965,0
6,8,3,10.0,2.33428e-09,-1.13353e-07,9.55982e-06,0.236962,0.134674,1.75953,0
7,8,3,10.0,-6.76166e-09,-2.08995e-07,9.91297e-06,0.236954,0.134674,1.75947,0
8,8,3,10.0,-2.36835e-08,-2.83162e-07,1.02431e-05,0.236951,0.134674,1.75944,0
9,8,3,10.0,-4.47287e-08,-3.66213e-07,1.05338e-05,0.236949,0.134674,1.75942,0
10,8,3,10.0,-2.6567e-08,-4.48305e-07,1.07612e-05,0.236948,0.134674,1.75942,0
11,8,3,10.0,-2.85979e-08,-5.03681e-07,1.09251e-05,0.236948,0.134674,1.75941,0
12,8,3,10.0,-5.07202e-08,-5.22953e-07,1.10051e-05,0.236948,0.134674,1.75941,0
13,8,3,10.0,-5.55602e-08,-4.84896e-07,1.08606e-05,0.238367,0.134731,1.7692,0
14,8,3,10.0,-5.81926e-08,-5.82355e-07,1.06326e-05,0.237607,0.134693,1.76406,0
15,8,3,10.0,-6.78842e-08,-5.17981e-07,1.02772e-05,0.237254,0.134679,1.76162,0
16,8,3,10.0,-7.23335e-08,-4.66619e-07,9.81213e-06,0.23709,0.134675,1.76046,0
17,8,3,10.0,-7.05907e-08,-4.49576e-07,9.24625e-06,0.237014,0.134674,1.75991,0
18,8,3,10.0,-6.4005e-08,-4.58335e-07,8.59073e-06,0.236978,0.134674,1.75965,0
19,8,3,10.0,-5.41615e-08,-4.94294e-07,7.84788e-06,0.236962,0.134674,1.75952,0
20,8,3,10.0,-4.03257e-08,-5.58401e-07,7.00928e-06,0.236954,0.134674,1.75946,0
21,8,3,10.0,-2.44692e-08,-6.55405e-07,6.06665e-06,0.236951,0.134674,1.75944,0
22,8,3,10.0,-8.47106e-09,-8.01335e-07,5.00433e-06,0.236949,0.134674,1.75942,0
23,8,3,10.0,1.61686e-08,-9.98399e-07,3.80367e-06,0.236948,0.134674,1.75942,0
0,9,3,10.0,3.99e-08,-3.94358e-07,8.38205e-06,0.238396,0.134737,1.76934,0
1,9,3,10.0,-8.05942e-08,1.20158e-06,8.34655e-06,0.237635,0.134699,1.7642,0
2,9,3,10.0,-4.05553e-08,7.35374e-07,8.48301e-06,0.237284,0.134685,1.76177,0
3,9,3,10.0,-1.16241e-08,4.02142e-07,8.74046e-06,0.237122,0.134681,1.76062,0
4,9,3,10.0,1.29535e-09,1.63225e-07,9.07776e-06,0.237047,0.13468,1.76007,0
5,9,3,10.0,4.30054e-09,-1.62e-08,9.45974e-06,0.237012,0.13468,1.75981,0
6,9,3,10.0,2.26456e-10,-1.51055e-07,9.84867e-06,0.236996,0.13468,1.75969,0
7,9,3,10.0,-2.79508e-09,-2.54602e-07,1.02291e-05,0.236988,0.13468,1.75964,0
8,9,3,10.0,-2.85541e-08,-3.33524e-07,1.05886e-05,0.236975,0.134679,1.75956,0
9,9,3,10.0,-4.49223e-08,-4.25548e-07,1.09254e-05,0.238376,0.134733,1.76925,0
10,9,3,10.0,9.52898e-09,-9.5748e-07,1.12316e-05,0.237626,0.134697,1.76416,0
11,9,3,10.0,-1.44211e-08,-9.68338e-07,1.14497e-05,0.23728,0.134684,1.76175,0
12,9,3,10.0,-4.4722e-08,-9.39197e-07,1.15643e-05,0.23712,0.134681,1.76061,0
13,9,3,10.0,-5.30433e-08,-8.11855e-07,1.14802e-05,0.238377,0.134733,1.76925,0
14,9,3,10.0,-3.52971e-08,-1.03981e-06,1.12694e-05,0.237626,0.134697,1.76416,0
15,9,3,10.0,-5.44743e-08,-8.98462e-07,1.09031e-05,0.23728,0.134684,1.76175,0
16,9,3,10.0,-6.14873e-08,-7.90348e-07,1.04061e-05,0.237119,0.134681,1.76061,0
17,9,3,10.0,-5.69792e-08,-7.18236e-07,9.80441e-06,0.237046,0.13468,1.76007,0
18,9,3,10.0,-5.02496e-08,-6.90534e-07,9.10862e-06,0.237011,0.13468,1.75981,0
19,9,3,10.0,-4.54501e-08,-6.91933e-07,8.32219e-06,0.236996,0.13468,1.75969,0
20,9,3,10.0,-3.41187e-08,-7.26245e-07,7.44016e-06,0.236988,0.13468,1.75963,0
21,9,3,10.0,-1.86843e-08,-8.07553e-07,6.4462e-06,0.236985,0.134681,1.75961,0
22,9,3,10.0,-9.50836e-10,-9.33034e-07,5.32734e-06,0.236983,0.134681,1.75959,0
23,9,3,10.0,2.88323e-08,-1.13006e-06,4.05786e-06,0.236983,0.134681,1.75959,0
0,10,3,10.0,4.90766e-08,-4.04917e-07,8.67757e-06,0.238386,0.134735,1.76929,0
1,10,3,10.0,-1.32838e-07,1.26951e-06,8.63279e-06,0.237616,0.134695,1.76411,0
2,10,3,10.0,-5.94802e-08,7.91932e-07,8.7857e-06,0.237259,0.13468,1.76165,0
3,10,3,10.0,-3.09648e-08,4.50393e-07,9.06334e-06,0.237092,0.134675,1.76047,0
4,10,3,10.0,-1.33811e-08,1.9658e-07,9.4207e-06,0.237015,0.134674,1.75992,0
5,10,3,10.0,-1.12565e-08,1.49595e-08,9.82451e-06,0.236979,0.134674,1.75965,0
6,10,3,10.0,-8.19394e-09,-1.21459e-07,1.02401e-05,0.236963,0.134674,1.75953,0
7,10,3,10.0,-1.2587e-08,-2.2422e-07,1.06511e-05,0.236955,0.134674,1.75947,0
8,10,3,10.0,-2.49181e-08,-2.96094e-07,1.10472e-05,0.236941,0.134672,1.75939,0
9,10,3,10.0,-2.43828e-08,-4.00942e-07,1.14286e-05,0.238367,0.134731,1.7692,0
10,10,3,10.0,-1.29692e-08,-8.90354e-07,1.17919e-05,0.237607,0.134693,1.76406,0
11,10,3,10.0,-3.26809e-08,-9.06624e-07,1.20589e-05,0.237255,0.134679,1.76162,0
12,10,3,10.0,-3.58944e-08,-8.88337e-07,1.22114e-05,0.23709,0.134675,1.76046,0
13,10,3,10.0,-6.51927e-08,-7.77195e-07,1.21695e-05,0.238367,0.134731,1.7692,0
14,10,3,10.0,-3.28691e-08,-1.08866e-06,1.19664e-05,0.237607,0.134693,1.76406,0
15,10,3,10.0,-5.75488e-08,-9.45492e-07,1.15816e-05,0.237255,0.134679,1.76162,0
16,10,3,10.0,-5.49453e-08,-8.36847e-07,1.10568e-05,0.23709,0.134675,1.76046,0
17,10,3,10.0,-5.05179e-08,-7.71149e-07,1.04175e-05,0.237014,0.134674,1.75991,0
18,10,3,10.0,-4.94876e-08,-7.42254e-07,9.67791e-06,0.236979,0.134674,1.75965,0
19,10,3,10.0,-4.11365e-08,-7.47295e-07,8.84474e-06,0.236962,0.134674,1.75953,0
20,10,3,10.0,-3.39833e-08,-7.89594e-07,7.90903e-06,0.236955,0.134674,1.75947,0
21,10,3,10.0,-1.96907e-08,-8.76403e-07,6.85783e-06,0.236951,0.134674,1.75944,0
22,10,3,10.0,4.04181e-09,-1.01828e-06,5.67347e-06,0.23695,0.134674,1.75942,0
23,10,3,10.0,3.58213e-08,-1.22911e-06,4.32847e-06,0.236949,0.134674,1.75942,0
0,11,3,10.0,8.32427e-08,-4.23779e-07,9.13031e-06,0.238386,0.134735,1.76929,0
1,11,3,10.0,-1.21039e-07,1.36464e-06,9.05036e-06,0.237616,0.134695,1.76411,0
2,11,3,10.0,-7.72736e-08,8.41195e-07,9.21305e-06,0.237259,0.13468,1.76164,0
3,11,3,10.0,-3.93403e-08,4.9045e-07,9.5119e-06,0.237092,0.134675,1.76047,0
4,11,3,10.0,-1.26543e-09,2.18401e-07,9.89464e-06,0.237015,0.134674,1.75992,0
5,11,3,10.0,2.62716e-09,1.24122e-08,1.03237e-05,0.236979,0.134674,1.75965,0
6,11,3,10.0,8.22701e-09,-1.31921e-07,1.07693e-05,0.236962,0.134674,1.75953,0
7,11,3,10.0,1.61084e-08,-2.40545e-07,1.12161e-05,0.236954,0.134674,1.75947,0
8,11,3,10.0,-8.48566e-09,-3.19557e-07,1.1659e-05,0.236941,0.134672,1.75939,0
9,11,3,10.0,2.02097e-08,-4.16755e-07,1.20999e-05,0.238367,0.134731,1.7692,0
10,11,3,10.0,6.38172e-08,-9.31296e-07,1.25214e-05,0.237607,0.134693,1.76406,0
11,11,3,10.0,2.917e-09,-9.54886e-07,1.28306e-05,0.237254,0.134679,1.76162,0
12,11,3,10.0,-1.10455e-08,-9.13759e-07,1.30085e-05,0.23709,0.134675,1.76046,0
13,11,3,10.0,-3.49681e-08,-7.99379e-07,1.29793e-05,0.238367,0.134731,1.7692,0
14,11,3,10.0,3.34083e-09,-1.14058e-06,1.27622e-05,0.237607,0.134693,1.76406,0
15,11,3,10.0,-1.81517e-08,-9.87311e-07,1.23491e-05,0.237254,0.134679,1.76162,0
16,11,3,10.0,-3.38338e-08,-8.80948e-07,1.17893e-05,0.23709,0.134675,1.76046,0
17,11,3,10.0,-2.43864e-08,-8.11256e-07,1.11098e-05,0.237014,0.134674,1.75991,0
18,11,3,10.0,-5.04253e-09,-7.81067e-07,1.03252e-05,0.236978,0.134674,1.75965,0
19,11,3,10.0,-1.06285e-08,-7.91521e-07,9.43748e-06,0.236962,0.134674,1.75952,0
20,11,3,10.0,-5.33182e-09,-8.29318e-07,8.4394e-06,0.236954,0.134674,1.75946,0
21,11,3,10.0,1.1141e-08,-9.28636e-07,7.31961e-06,0.236951,0.134674,1.75944,0
22,11,3,10.0,3.14323e-08,-1.08389e-06,6.05975e-06,0.236949,0.134674,1.75942,0
23,11,3,10.0,6.51642e-08,-1.31519e-06,4.62807e-06,0.236948,0.134674,1.75942,0
0,12,3,10.0,1.1451e-07,-4.66493e-07,9.80331e-06,0.238386,0.134735,1.76929,0
1,12,3,10.0,-1.33316e-07,1.47198e-06,9.62445e-06,0.237616,0.134695,1.76411,0
2,12,3,10.0,-1.09003e-07,9.33118e-07,9.77384e-06,0.237259,0.13468,1.76164,0
3,12,3,10.0,-4.45697e-08,5.41004e-07,1.00934e-05,0.237092,0.134675,1.76047,0
4,12,3,10.0,9.45728e-09,2.37537e-07,1.05203e-05,0.237015,0.134674,1.75992,0
5,12,3,10.0,1.76722e-08,1.82711e-08,1.09867e-05,0.236979,0.134674,1.75965,0
6,12,3,10.0,2.91566e-08,-1.41884e-07,1.14655e-05,0.236962,0.134674,1.75953,0
7,12,3,10.0,3.73867e-08,-2.65579e-07,1.1956e-05,0.236954,0.134674,1.75947,0
8,12,3,10.0,9.4222e-09,-3.52855e-07,1.24486e-05,0.236941,0.134672,1.75939,0
9,12,3,10.0,5.65007e-08,-4.70278e-07,1.29855e-05,0.238367,0.134731,1.7692,0
10,12,3,10.0,8.21591e-08,-1.00178e-06,1.34897e-05,0.237607,0.134693,1.76406,0
11,12,3,10.0,-2.50197e-09,-1.00955e-06,1.38115e-05,0.237254,0.134679,1.76162,0
12,12,3,10.0,-1.20153e-08,-9.76732e-07,1.39951e-05,0.23709,0.134675,1.76046,0
13,12,3,10.0,2.82387e-08,-8.20614e-07,1.50618e-05,0.238377,0.134733,1.76925,0
14,12,3,10.0,1.02733e-07,-1.27242e-06,1.48434e-05,0.237626,0.134697,1.76416,0
15,12,3,10.0,7.34808e-08,-1.08267e-06,1.43523e-05,0.23728,0.134684,1.76175,0
16,12,3,10.0,8.43795e-08,-9.63357e-07,1.36945e-05,0.237119,0.134681,1.76061,0
17,12,3,10.0,3.85382e-08,-8.88484e-07,1.19569e-05,0.237,0.134671,1.75984,0
18,12,3,10.0,4.71896e-08,-8.59658e-07,1.11166e-05,0.236972,0.134673,1.75962,0
19,12,3,10.0,2.22266e-08,-8.54488e-07,1.01526e-05,0.236959,0.134673,1.75951,0
20,12,3,10.0,3.0467e-08,-9.01917e-07,9.0749e-06,0.236953,0.134674,1.75946,0
21,12,3,10.0,4.82403e-08,-1.00291e-06,7.87389e-06,0.23695,0.134674,1.75943,0
22,12,3,10.0,6.69142e-08,-1.1725e-06,6.523e-06,0.236949,0.134674,1.75942,0
23,12,3,10.0,9.93736e-08,-1.42874e-06,4.98864e-06,0.236948,0.134674,1.75942,0
0,13,3,10.0,8.88173e-08,-5.91083e-07,1.10593e-05,0.238386,0.134735,1.76929,0
1,13,3,10.0,-2.88773e-07,1.84913e-06,1.08635e-05,0.237616,0.134695,1.76411,0
2,13,3,10.0,-1.38702e-07,1.13315e-06,1.10716e-05,0.237258,0.13468,1.76164,0
3,13,3,10.0,-7.28788e-08,6.82138e-07,1.15005e-05,0.237092,0.134675,1.76047,0
4,13,3,10.0,-4.28113e-08,3.01672e-07,1.20597e-05,0.237015,0.134674,1.75992,0
5,13,3,10.0,7.50366e-09,-3.64459e-10,1.26669e-05,0.236979,0.134674,1.75965,0
6,13,3,10.0,4.32888e-08,-2.27651e-07,1.3283e-05,0.236962,0.134674,1.75952,0
7,13,3,10.0,6.48916e-08,-3.6207e-07,1.39049e-05,0.236954,0.134674,1.75947,0
8,13,3,10.0,1.06735e-07,-4.72271e-07,1.45428e-05,0.236951,0.134674,1.75944,0
9,13,3,10.0,2.83829e-08,-5.53645e-07,1.5148e-05,0.236958,0.134676,1.75947,0
10,13,3,10.0,3.09095e-08,-6.32175e-07,1.56661e-05,0.236956,0.134676,1.75946,0
11,13,3,10.0,6.01593e-08,-6.78825e-07,1.60108e-05,0.236953,0.134675,1.75944,0
12,13,3,10.0,2.91866e-08,-6.46255e-07,1.61971e-05,0.236951,0.134675,1.75943,0
13,13,3,10.0,1.32007e-08,-6.10418e-07,1.61133e-05,0.238367,0.134731,1.7692,0
14,13,3,10.0,5.5032e-08,-8.30637e-07,1.58277e-05,0.237607,0.134693,1.76406,0
15,13,3,10.0,4.84279e-08,-7.3567e-07,1.53013e-05,0.237255,0.134679,1.76162,0
16,13,3,10.0,4.58454e-08,-6.89771e-07,1.46055e-05,0.23709,0.134675,1.76046,0
17,13,3,10.0,2.19278e-08,-6.83374e-07,1.37577e-05,0.237014,0.134674,1.75991,0
18,13,3,10.0,2.35834e-08,-6.90002e-07,1.27648e-05,0.236979,0.134674,1.75965,0
19,13,3,10.0,5.29791e-08,-7.51662e-07,1.16479e-05,0.236962,0.134674,1.75952,0
20,13,3,10.0,6.08132e-08,-8.32773e-07,1.04105e-05,0.236954,0.134674,1.75946,0
21,13,3,10.0,7.33916e-08,-9.99095e-07,9.0369e-06,0.236951,0.134674,1.75944,0
22,13,3,10.0,9.76213e-08,-1.2373e-06,7.49529e-06,0.236949,0.134674,1.75942,0
23,13,3,10.0,1.37151e-07,-1.56289e-06,5.74344e-06,0.236948,0.134674,1.75942,0
0,14,3,10.0,1.23231e-07,-6.79441e-07,1.17415e-05,0.238386,0.134735,1.76929,0
1,14,3,10.0,-2.55709e-07,2.08184e-06,1.15504e-05,0.237616,0.134695,1.76411,0
2,14,3,10.0,-1.49456e-07,1.31951e-06,1.18104e-05,0.237259,0.13468,1.76164,0
3,14,3,10.0,-7.22688e-08,7.468e-07,1.23062e-05,0.237092,0.134675,1.76047,0
4,14,3,10.0,-3.09868e-08,2.99565e-07,1.29492e-05,0.237015,0.134674,1.75992,0
5,14,3,10.0,1.90847e-08,-3.44002e-08,1.36653e-05,0.236979,0.134674,1.75965,0
6,14,3,10.0,6.67205e-08,-2.75309e-07,1.44055e-05,0.236962,0.134674,1.75953,0
7,14,3,10.0,1.12147e-07,-4.39726e-07,1.51328e-05,0.236954,0.134674,1.75947,0
8,14,3,10.0,7.07139e-08,-5.37143e-07,1.58255e-05,0.236951,0.134674,1.75944,0
9,14,3,10.0,6.34293e-08,-6.28906e-07,1.64372e-05,0.236949,0.134674,1.75942,0
10,14,3,10.0,2.08469e-08,-6.89879e-07,1.69225e-05,0.236948,0.134674,1.75942,0
11,14,3,10.0,-1.38785e-08,-7.18239e-07,1.72635e-05,0.236948,0.134674,1.75941,0
12,14,3,10.0,-7.18897e-09,-7.02125e-07,1.74471e-05,0.236948,0.134674,1.75941,0
13,14,3,10.0,-4.62388e-08,-6.42777e-07,1.7302e-05,0.238367,0.134731,1.7692,0
14,14,3,10.0,-1.20225e-08,-8.6995e-07,1.6952e-05,0.237607,0.134693,1.76406,0
15,14,3,10.0,3.84293e-09,-7.7779e-07,1.63695e-05,0.237254,0.134679,1.76162,0
16,14,3,10.0,-3.98546e-09,-7.17985e-07,1.56011e-05,0.23709,0.134675,1.76046,0
17,14,3,10.0,-4.28157e-11,-7.17077e-07,1.46693e-05,0.237014,0.134674,1.75991,0
18,14,3,10.0,2.99088e-08,-7.40141e-07,1.36004e-05,0.236978,0.134674,1.75965,0
19,14,3,10.0,4.74904e-08,-8.02036e-07,1.24068e-05,0.236962,0.134674,1.75952,0
20,14,3,10.0,6.62237e-08,-9.13755e-07,1.10896e-05,0.236954,0.134674,1.75946,0
21,14,3,10.0,8.54649e-08,-1.0974e-06,9.62669e-06,0.236951,0.134674,1.75944,0
22,14,3,10.0,1.1238e-07,-1.35294e-06,7.99111e-06,0.236949,0.134674,1.75942,0
23,14,3,10.0,1.50543e-07,-1.71135e-06,6.12986e-06,0.236948,0.134674,1.75942,0
0,15,3,10.0,1.31297e-07,-7.86381e-07,1.25299e-05,0.238386,0.134735,1.76929,0
1,15,3,10.0,-3.04956e-07,2.37889e-06,1.23431e-05,0.237616,0.134695,1.76411,0
2,15,3,10.0,-1.87397e-07,1.47474e-06,1.26405e-05,0.237259,0.13468,1.76164,0
3,15,3,10.0,-6.92822e-08,8.21645e-07,1.32213e-05,0.237092,0.134675,1.76047,0
4,15,3,10.0,-8.79102e-09,3.08098e-07,1.39687e-05,0.237015,0.134674,1.75992,0
5,15,3,10.0,2.77889e-08,-8.08242e-08,1.48076e-05,0.236979,0.134674,1.75965,0
6,15,3,10.0,3.00063e-08,-3.52227e-07,1.56747e-05,0.236962,0.134674,1.75953,0
7,15,3,10.0,6.10759e-08,-5.26895e-07,1.65172e-05,0.236954,0.134674,1.75947,0
8,15,3,10.0,9.01409e-08,-6.40152e-07,1.72724e-05,0.236951,0.134674,1.75944,0
9,15,3,10.0,5.57752e-09,-7.14086e-07,1.79014e-05,0.236949,0.134674,1.75942,0
10,15,3,10.0,-5.37265e-08,-7.5621e-07,1.83787e-05,0.236948,0.134674,1.75942,0
11,15,3,10.0,-5.28578e-08,-7.75424e-07,1.87064e-05,0.236948,0.134674,1.75941,0
12,15,3,10.0,-9.98657e-08,-7.64531e-07,1.88745e-05,0.236948,0.134674,1.75941,0
13,15,3,10.0,-1.00785e-07,-6.86827e-07,1.86541e-05,0.238367,0.134731,1.7692,0
14,15,3,10.0,-7.77613e-08,-9.3531e-07,1.82416e-05,0.237607,0.134693,1.76406,0
15,15,3,10.0,-8.0917e-08,-8.3879e-07,1.75828e-05,0.237254,0.134679,1.76162,0
16,15,3,10.0,-5.83573e-08,-7.86927e-07,1.67267e-05,0.23709,0.134675,1.76046,0
17,15,3,10.0,-3.38337e-08,-7.82549e-07,1.57018e-05,0.237014,0.134674,1.75991,0
18,15,3,10.0,1.90737e-09,-8.23447e-07,1.45409e-05,0.236978,0.134674,1.75965,0
19,15,3,10.0,4.01967e-08,-8.97959e-07,1.32585e-05,0.236962,0.134674,1.75952,0
20,15,3,10.0,6.39553e-08,-1.03434e-06,1.18462e-05,0.236954,0.134674,1.75946,0
21,15,3,10.0,9.58526e-08,-1.22847e-06,1.02914e-05,0.236951,0.134674,1.75944,0
22,15,3,10.0,1.19783e-07,-1.50845e-06,8.55211e-06,0.236949,0.134674,1.75942,0
23,15,3,10.0,1.57102e-07,-1.89477e-06,6.57339e-06,0.236948,0.134674,1.75942,0
0,16,3,10.0,1.67419e-07,-9.06797e-07,1.34905e-05,0.238386,0.134735,1.76929,0
1,16,3,10.0,-2.81007e-07,2.68222e-06,1.32316e-05,0.237616,0.134695,1.76411,0
2,16,3,10.0,-6.54144e-08,1.65928e-06,1.35854e-05,0.237258,0.13468,1.76164,0
3,16,3,10.0,-2.93531e-08,8.89775e-07,1.42504e-05,0.237092,0.134675,1.76047,0
4,16,3,10.0,3.5073e-08,3.08037e-07,1.51183e-05,0.237015,0.134674,1.75992,0
5,16,3,10.0,6.50156e-08,-1.348e-07,1.60796e-05,0.236979,0.134674,1.75965,0
6,16,3,10.0,1.45525e-07,-4.28209e-07,1.70743e-05,0.236962,0.134674,1.75953,0
7,16,3,10.0,1.30601e-07,-6.08981e-07,1.80172e-05,0.236954,0.134674,1.75947,0
8,16,3,10.0,7.23354e-08,-7.57255e-07,1.88374e-05,0.236951,0.134674,1.75944,0
9,16,3,10.0,1.93836e-08,-8.16091e-07,1.94802e-05,0.236949,0.134674,1.75942,0
10,16,3,10.0,4.54323e-08,-8.33206e-07,1.99657e-05,0.236948,0.134674,1.75942,0
11,16,3,10.0,-3.8192e-08,-8.40815e-07,2.02769e-05,0.236948,0.134674,1.75941,0
12,16,3,10.0,-8.24019e-08,-8.11472e-07,2.04101e-05,0.236948,0.134674,1.75941,0
13,16,3,10.0,-9.44843e-08,-7.24441e-07,2.01208e-05,0.238367,0.134731,1.7692,0
14,16,3,10.0,-5.91455e-08,-9.80424e-07,1.9648e-05,0.237607,0.134693,1.76406,0
15,16,3,10.0,-3.78665e-08,-8.88877e-07,1.88987e-05,0.237254,0.134679,1.76162,0
16,16,3,10.0,-3.18455e-08,-8.44503e-07,1.79419e-05,0.23709,0.134675,1.76046,0
17,16,3,10.0,2.62568e-08,-8.45466e-07,1.68175e-05,0.237014,0.134674,1.75991,0
18,16,3,10.0,8.50529e-08,-8.71765e-07,1.55601e-05,0.236978,0.134674,1.75965,0
19,16,3,10.0,1.10951e-07,-9.73158e-07,1.41744e-05,0.236962,0.134674,1.75952,0
20,16,3,10.0,1.57054e-07,-1.1107e-06,1.26648e-05,0.236954,0.134674,1.75946,0
21,16,3,10.0,1.56669e-07,-1.32107e-06,1.10059e-05,0.236951,0.134674,1.75944,0
22,16,3,10.0,1.74139e-07,-1.61312e-06,9.15833e-06,0.236949,0.134674,1.75942,0
23,16,3,10.0,2.06164e-07,-2.02828e-06,7.05612e-06,0.236948,0.134674,1.75942,0
0,17,3,10.0,1.125e-07,-9.96944e-07,1.44321e-05,0.238396,0.134737,1.76934,0
1,17,3,10.0,-2.0484e-07,2.96503e-06,1.41209e-05,0.237635,0.134699,1.7642,0
2,17,3,10.0,-1.1055e-07,1.76646e-06,1.4526e-05,0.237284,0.134685,1.76177,0
3,17,3,10.0,1.02173e-08,9.20699e-07,1.52853e-05,0.237122,0.134681,1.76062,0
4,17,3,10.0,4.57341e-08,2.59643e-07,1.62493e-05,0.237047,0.13468,1.76007,0
5,17,3,10.0,1.14092e-07,-2.54866e-07,1.73214e-05,0.237012,0.13468,1.75981,0
6,17,3,10.0,8.28912e-08,-5.90048e-07,1.84085e-05,0.236996,0.13468,1.75969,0
7,17,3,10.0,3.84881e-08,-8.13773e-07,1.94183e-05,0.236988,0.13468,1.75964,0
8,17,3,10.0,-1.28833e-08,-9.48636e-07,2.02687e-05,0.236985,0.134681,1.75961,0
9,17,3,10.0,4.29525e-08,-1.00331e-06,2.09377e-05,0.236983,0.134681,1.75959,0
10,17,3,10.0,-8.93338e-08,-9.97488e-07,2.14133e-05,0.236983,0.134681,1.75959,0
11,17,3,10.0,-1.48014e-07,-9.67843e-07,2.16959e-05,0.236982,0.134681,1.75959,0
12,17,3,10.0,-9.13806e-08,-9.46383e-07,2.18128e-05,0.236982,0.134681,1.75958,0
13,17,3,10.0,-1.34794e-07,-8.32963e-07,2.14642e-05,0.238377,0.134733,1.76925,0
14,17,3,10.0,-1.27343e-07,-1.13267e-06,2.09408e-05,0.237626,0.134697,1.76416,0
15,17,3,10.0,-8.37012e-08,-1.03403e-06,2.01078e-05,0.23728,0.134684,1.76175,0
16,17,3,10.0,-8.44773e-08,-9.51145e-07,1.90394e-05,0.23711,0.134679,1.76056,0
17,17,3,10.0,-5.40124e-08,-9.72932e-07,1.78103e-05,0.238377,0.134733,1.76925,0
18,17,3,10.0,-2.78224e-08,-1.73533e-07,1.64336e-05,0.237626,0.134697,1.76416,0
19,17,3,10.0,3.2066e-08,-3.85783e-07,1.49457e-05,0.23728,0.134684,1.76175,0
20,17,3,10.0,5.17025e-08,-6.2188e-07,1.33453e-05,0.237119,0.134681,1.76061,0
21,17,3,10.0,7.85858e-08,-8.98375e-07,1.15959e-05,0.237046,0.13468,1.76007,0
22,17,3,10.0,1.08786e-07,-1.2718e-06,9.65369e-06,0.237011,0.13468,1.75981,0
23,17,3,10.0,1.27108e-07,-1.75607e-06,7.44964e-06,0.236996,0.13468,1.75969,0
0,18,3,10.0,1.18115e-07,-1.13883e-06,1.5207e-05,0.238386,0.134735,1.76929,0
1,18,3,10.0,-1.73199e-07,3.23793e-06,1.48229e-05,0.237616,0.134695,1.76411,0
2,18,3,10.0,-4.06505e-08,1.95874e-06,1.52646e-05,0.237259,0.13468,1.76165,0
3,18,3,10.0,-5.70582e-08,1.01579e-06,1.60883e-05,0.237092,0.134675,1.76047,0
4,18,3,10.0,6.88969e-08,3.01684e-07,1.71296e-05,0.237015,0.134674,1.75992,0
5,18,3,10.0,3.63303e-08,-1.9845e-07,1.82565e-05,0.236979,0.134674,1.75965,0
6,18,3,10.0,-1.52913e-08,-5.49818e-07,1.93733e-05,0.236963,0.134674,1.75953,0
7,18,3,10.0,-8.41251e-08,-7.66973e-07,2.03855e-05,0.236955,0.134674,1.75947,0
8,18,3,10.0,-8.56094e-08,-9.00215e-07,2.12419e-05,0.236951,0.134674,1.75944,0
9,18,3,10.0,-1.33503e-07,-9.49098e-07,2.19146e-05,0.236949,0.134674,1.75942,0
10,18,3,10.0,-2.40944e-07,-9.06646e-07,2.2353e-05,0.236949,0.134674,1.75942,0
11,18,3,10.0,-1.59313e-07,-8.82067e-07,2.26226e-05,0.236948,0.134675,1.75942,0
12,18,3,10.0,-2.25017e-07,-8.34607e-07,2.2724e-05,0.236948,0.134675,1.75941,0
13,18,3,10.0,-1.90986e-07,-7.26352e-07,2.23459e-05,0.238367,0.134731,1.7692,0
14,18,3,10.0,-2.08165e-07,-1.05514e-06,2.17787e-05,0.237607,0.134693,1.76406,0
15,18,3,10.0,-2.09003e-07,-9.9203e-07,2.08842e-05,0.237255,0.134679,1.76162,0
16,18,3,10.0,-1.79212e-07,-9.42553e-07,1.97372e-05,0.23708,0.134673,1.76042,0
17,18,3,10.0,-1.46531e-07,-1.00662e-06,1.84225e-05,0.238367,0.134731,1.7692,0
18,18,3,10.0,-9.13787e-08,-2.64338e-07,1.69533e-05,0.237607,0.134693,1.76406,0
19,18,3,10.0,-2.84821e-08,-5.07515e-07,1.53998e-05,0.237255,0.134679,1.76162,0
20,18,3,10.0,-3.30361e-09,-7.56806e-07,1.37321e-05,0.23709,0.134675,1.76046,0
21,18,3,10.0,3.44247e-08,-1.0516e-06,1.19259e-05,0.237014,0.134674,1.75991,0
22,18,3,10.0,5.13202e-08,-1.43519e-06,9.92625e-06,0.236979,0.134674,1.75965,0
23,18,3,10.0,6.13431e-08,-1.94259e-06,7.6596e-06,0.236962,0.134674,1.75953,0
0,19,3,10.0,4.42709e-08,-1.22403e-06,1.56621e-05,0.238386,0.134735,1.76929,0
1,19,3,10.0,-2.79698e-08,3.44036e-06,1.52366e-05,0.237616,0.134695,1.76411,0
2,19,3,10.0,-4.13952e-08,2.03914e-06,1.57004e-05,0.237259,0.13468,1.76164,0
3,19,3,10.0,4.32631e-08,1.03093e-06,1.65593e-05,0.237092,0.134675,1.76047,0
4,19,3,10.0,5.94631e-08,2.68445e-07,1.76303e-05,0.237015,0.134674,1.75992,0
5,19,3,10.0,2.91961e-08,-2.40305e-07,1.87669e-05,0.236979,0.134674,1.75965,0
6,19,3,10.0,-4.2644e-08,-5.73851e-07,1.98602e-05,0.236962,0.134674,1.75953,0
7,19,3,10.0,-8.02772e-08,-7.93425e-07,2.08455e-05,0.236954,0.134674,1.75947,0
8,19,3,10.0,-8.61657e-08,-9.24923e-07,2.16696e-05,0.236951,0.134674,1.75944,0
9,19,3,10.0,-2.42783e-07,-9.58744e-07,2.22988e-05,0.236949,0.134674,1.75942,0
10,19,3,10.0,-1.26227e-07,-9.16478e-07,2.272e-05,0.236948,0.134674,1.75942,0
11,19,3,10.0,-1.95081e-07,-8.79709e-07,2.29871e-05,0.236948,0.134674,1.75941,0
12,19,3,10.0,-1.76729e-07,-8.17243e-07,2.30661e-05,0.236948,0.134674,1.75941,0
13,19,3,10.0,-1.9488e-07,-7.14078e-07,2.26712e-05,0.238367,0.134731,1.7692,0
14,19,3,10.0,-1.87756e-07,-1.04316e-06,2.20989e-05,0.237607,0.134693,1.76406,0
15,19,3,10.0,-1.79648e-07,-9.814e-07,2.11811e-05,0.237254,0.134679,1.76162,0
16,19,3,10.0,-1.67858e-07,-9.45147e-07,2.00061e-05,0.23708,0.134673,1.76041,0
17,19,3,10.0,-1.12628e-07,-1.03611e-06,1.8657e-05,0.238367,0.134731,1.7692,0
18,19,3,10.0,-7.72945e-08,-2.83371e-07,1.71375e-05,0.237607,0.134693,1.76406,0
19,19,3,10.0,-7.41413e-08,-5.57683e-07,1.55453e-05,0.237254,0.134679,1.76162,0
20,19,3,10.0,-3.48246e-08,-8.2625e-07,1.38488e-05,0.23709,0.134675,1.76046,0
21,19,3,10.0,-2.57332e-08,-1.14023e-06,1.20116e-05,0.237014,0.134674,1.75991,0
22,19,3,10.0,-1.72568e-08,-1.53766e-06,9.98721e-06,0.236978,0.134674,1.75965,0
23,19,3,10.0,4.74491e-09,-2.05916e-06,7.70468e-06,0.236962,0.134674,1.75952,0
0,20,3,10.0,-5.05316e-08,-1.26492e-06,1.57199e-05,0.238386,0.134735,1.76929,0
1,20,3,10.0,1.13331e-08,3.55854e-06,1.52951e-05,0.237616,0.134695,1.76411,0
2,20,3,10.0,-2.27131e-08,2.09723e-06,1.57611e-05,0.237258,0.13468,1.76164,0
3,20,3,10.0,1.7211e-08,1.02223e-06,1.66342e-05,0.237092,0.134675,1.76047,0
4,20,3,10.0,-1.24728e-08,2.6456e-07,1.76994e-05,0.237015,0.134674,1.75992,0
5,20,3,10.0,-6.52175e-08,-2.52399e-07,1.88011e-05,0.236979,0.134674,1.75965,0
6,20,3,10.0,-1.20953e-07,-5.68286e-07,1.9843e-05,0.236962,0.134674,1.75953,0
7,20,3,10.0,-1.33799e-07,-7.86511e-07,2.07656e-05,0.236954,0.134674,1.75947,0
8,20,3,10.0,-2.10822e-07,-9.15131e-07,2.15395e-05,0.236951,0.134674,1.75944,0
9,20,3,10.0,-2.26995e-07,-8.98384e-07,2.21041e-05,0.236949,0.134674,1.75942,0
10,20,3,10.0,-2.41168e-07,-8.85666e-07,2.25255e-05,0.236948,0.134674,1.75942,0
11,20,3,10.0,-2.78506e-07,-8.19649e-07,2.27581e-05,0.236948,0.134674,1.75941,0
12,20,3,10.0,-2.6992e-07,-7.77005e-07,2.28357e-05,0.236948,0.134674,1.75941,0
13,20,3,10.0,-2.02142e-07,-7.02273e-07,2.24652e-05,0.238367,0.134731,1.7692,0
14,20,3,10.0,-2.27243e-07,-1.02535e-06,2.19237e-05,0.237607,0.134693,1.76406,0
15,20,3,10.0,-2.03482e-07,-9.70162e-07,2.10287e-05,0.237254,0.134679,1.76162,0
16,20,3,10.0,-1.95602e-07,-9.17793e-07,1.98694e-05,0.23708,0.134673,1.76041,0
17,20,3,10.0,-1.91561e-07,-1.02711e-06,1.85343e-05,0.238367,0.134731,1.7692,0
18,20,3,10.0,-5.1494e-08,-3.31186e-07,1.70198e-05,0.237607,0.134693,1.76406,0
19,20,3,10.0,-4.60598e-08,-5.97209e-07,1.54237e-05,0.237254,0.134679,1.76162,0
20,20,3,10.0,-5.92435e-08,-8.75264e-07,1.37218e-05,0.23709,0.134675,1.76046,0
21,20,3,10.0,-4.49791e-08,-1.1946e-06,1.18842e-05,0.237014,0.134674,1.75991,0
22,20,3,10.0,-3.71561e-08,-1.60373e-06,9.87002e-06,0.236978,0.134674,1.75965,0
23,20,3,10.0,-4.56607e-08,-2.13369e-06,7.61052e-06,0.236962,0.134674,1.75952,0
0,21,3,10.0,-6.62574e-08,-1.25053e-06,1.53649e-05,0.238386,0.134735,1.76929,0
1,21,3,10.0,6.87711e-08,3.5626e-06,1.49958e-05,0.237616,0.134695,1.76411,0
2,21,3,10.0,4.93378e-08,2.10565e-06,1.54532e-05,0.237259,0.13468,1.76164,0
3,21,3,10.0,-5.43741e-08,1.02329e-06,1.62922e-05,0.237092,0.134675,1.76047,0
4,21,3,10.0,-9.59234e-08,2.6635e-07,1.72935e-05,0.237015,0.134674,1.75992,0
5,21,3,10.0,-1.58573e-07,-1.95678e-07,1.83204e-05,0.236979,0.134674,1.75965,0
6,21,3,10.0,-1.48422e-07,-4.98141e-07,1.92962e-05,0.236962,0.134674,1.75953,0
7,21,3,10.0,-2.09142e-07,-7.10721e-07,2.01552e-05,0.236954,0.134674,1.75947,0
8,21,3,10.0,-3.04907e-07,-7.95066e-07,2.08419e-05,0.236951,0.134674,1.75944,0
9,21,3,10.0,-2.68205e-07,-7.92249e-07,2.1372e-05,0.236949,0.134674,1.75942,0
10,21,3,10.0,-3.3487e-07,-7.57971e-07,2.17498e-05,0.236948,0.134674,1.75942,0
11,21,3,10.0,-2.71504e-07,-7.02507e-07,2.19805e-05,0.236948,0.134674,1.75941,0
12,21,3,10.0,-2.26445e-07,-6.8143e-07,2.20749e-05,0.236948,0.134674,1.75941,0
13,21,3,10.0,-1.74792e-07,-6.42888e-07,2.17495e-05,0.238367,0.134731,1.7692,0
14,21,3,10.0,-2.58127e-07,-1.00421e-06,2.12444e-05,0.237607,0.134693,1.76406,0
15,21,3,10.0,-2.3348e-07,-9.40777e-07,2.04062e-05,0.237254,0.134679,1.76162,0
16,21,3,10.0,-2.26887e-07,-8.67026e-07,1.93071e-05,0.23708,0.134673,1.76041,0
17,21,3,10.0,-2.02521e-07,-9.75271e-07,1.80271e-05,0.238367,0.134731,1.7692,0
18,21,3,10.0,-5.34734e-08,-3.60761e-07,1.65786e-05,0.237607,0.134693,1.76406,0
19,21,3,10.0,-5.34299e-08,-6.0547e-07,1.5024e-05,0.237254,0.134679,1.76162,0
20,21,3,10.0,-5.52135e-08,-8.72962e-07,1.33533e-05,0.23709,0.134675,1.76046,0
21,21,3,10.0,-6.11145e-08,-1.20001e-06,1.1554e-05,0.237014,0.134674,1.75991,0
22,21,3,10.0,-6.64575e-08,-1.61031e-06,9.58735e-06,0.236978,0.134674,1.75965,0
23,21,3,10.0,-9.50764e-08,-2.14074e-06,7.38002e-06,0.236962,0.134674,1.75952,0
0,22,3,10.0,-1.31942e-07,-1.21145e-06,1.47969e-05,0.238386,0.134735,1.76929,0
1,22,3,10.0,1.45063e-07,3.54422e-06,1.44786e-05,0.237616,0.134695,1.76411,0
2,22,3,10.0,-1.90824e-08,2.10709e-06,1.48975e-05,0.237259,0.13468,1.76164,0
3,22,3,10.0,-1.14864e-07,1.07009e-06,1.56458e-05,0.237092,0.134675,1.76047,0
4,22,3,10.0,-1.48821e-07,3.58745e-07,1.65569e-05,0.237015,0.134674,1.75992,0
5,22,3,10.0,-1.78563e-07,-8.6993e-08,1.75009e-05,0.236979,0.134674,1.75965,0
6,22,3,10.0,-2.62972e-07,-3.7049e-07,1.83949e-05,0.236962,0.134674,1.75953,0
7,22,3,10.0,-3.18919e-07,-5.51263e-07,1.91674e-05,0.236954,0.134674,1.75947,0
8,22,3,10.0,-3.14279e-07,-6.19236e-07,1.97927e-05,0.236951,0.134674,1.75944,0
9,22,3,10.0,-3.18872e-07,-5.92357e-07,2.02885e-05,0.236949,0.134674,1.75942,0
10,22,3,10.0,-3.22027e-07,-5.89182e-07,2.06427e-05,0.236948,0.134674,1.75942,0
11,22,3,10.0,-3.41906e-07,-5.66211e-07,2.08805e-05,0.236948,0.134674,1.75941,0
12,22,3,10.0,-2.73381e-07,-4.88538e-07,2.099e-05,0.236948,0.134674,1.75941,0
13,22,3,10.0,-2.09756e-07,-6.26973e-07,2.06524e-05,0.238362,0.13473,1.76918,0
14,22,3,10.0,-2.56063e-07,-9.49143e-07,2.02208e-05,0.237603,0.134692,1.76404,0
15,22,3,10.0,-2.41727e-07,-8.73177e-07,1.94557e-05,0.237251,0.134679,1.76161,0
16,22,3,10.0,-2.11487e-07,-8.10303e-07,1.84358e-05,0.237078,0.134673,1.76041,0
17,22,3,10.0,-1.85806e-07,-8.99074e-07,1.72328e-05,0.238367,0.134731,1.7692,0
18,22,3,10.0,-7.8444e-08,-4.57316e-07,1.58419e-05,0.237607,0.134693,1.76406,0
19,22,3,10.0,-1.01515e-07,-6.57555e-07,1.43557e-05,0.237254,0.134679,1.76162,0
20,22,3,10.0,-1.07449e-07,-9.05456e-07,1.27565e-05,0.23709,0.134675,1.76046,0
21,22,3,10.0,-1.16462e-07,-1.21552e-06,1.10304e-05,0.237014,0.134674,1.75991,0
22,22,3,10.0,-1.33852e-07,-1.61446e-06,9.13723e-06,0.236978,0.134674,1.75965,0
23,22,3,10.0,-1.48341e-07,-2.13192e-06,7.01434e-06,0.236962,0.134674,1.75952,0
0,23,3,10.0,-1.3732e-07,-1.1349e-06,1.41288e-05,0.238386,0.134735,1.76929,0
1,23,3,10.0,7.48069e-08,3.49444e-06,1.39035e-05,0.237616,0.134695,1.76411,0
2,23,3,10.0,-4.28237e-08,2.13453e-06,1.42731e-05,0.237259,0.13468,1.76164,0
3,23,3,10.0,-1.31018e-07,1.15391e-06,1.49404e-05,0.237092,0.134675,1.76047,0
4,23,3,10.0,-2.00176e-07,4.79593e-07,1.57581e-05,0.237015,0.134674,1.75992,0
5,23,3,10.0,-2.54496e-07,5.4679e-08,1.66119e-05,0.236979,0.134674,1.75965,0
6,23,3,10.0,-2.91663e-07,-2.16124e-07,1.7413e-05,0.236962,0.134674,1.75953,0
7,23,3,10.0,-3.22702e-07,-3.66544e-07,1.81177e-05,0.236954,0.134674,1.75947,0
8,23,3,10.0,-3.24902e-07,-4.11074e-07,1.87069e-05,0.236951,0.134674,1.75944,0
9,23,3,10.0,-3.55566e-07,-4.27527e-07,1.91815e-05,0.236949,0.134674,1.75942,0
10,23,3,10.0,-3.25484e-07,-3.94808e-07,1.95302e-05,0.236948,0.134674,1.75942,0
11,23,3,10.0,-2.81967e-07,-4.13393e-07,1.97643e-05,0.236948,0.134674,1.75941,0
12,23,3,10.0,-2.7607e-07,-4.06767e-07,1.98884e-05,0.236948,0.134674,1.75941,0
13,23,3,10.0,-2.48862e-07,-4.88876e-07,1.95611e-05,0.238362,0.13473,1.76918,0
14,23,3,10.0,-2.7379e-07,-8.26311e-07,1.91646e-05,0.237603,0.134692,1.76404,0
15,23,3,10.0,-2.45646e-07,-7.71601e-07,1.84548e-05,0.237251,0.134679,1.76161,0
16,23,3,10.0,-2.17904e-07,-7.15783e-07,1.75051e-05,0.237078,0.134673,1.7604,0
17,23,3,10.0,-2.02875e-07,-8.01661e-07,1.63665e-05,0.238367,0.134731,1.7692,0
18,23,3,10.0,-1.05407e-07,-4.20527e-07,1.50353e-05,0.237607,0.134693,1.76406,0
19,23,3,10.0,-1.12297e-07,-6.07714e-07,1.36193e-05,0.237254,0.134679,1.76162,0
20,23,3,10.0,-1.20469e-07,-8.38894e-07,1.21011e-05,0.23709,0.134675,1.76046,0
21,23,3,10.0,-1.29147e-07,-1.14598e-06,1.04538e-05,0.237014,0.134674,1.75991,0
22,23,3,10.0,-1.37939e-07,-1.53578e-06,8.6436e-06,0.236978,0.134674,1.75965,0
23,23,3,10.0,-1.54001e-07,-2.05518e-06,6.61198e-06,0.236962,0.134674,1.75952,0
0,0,4,10.0,-1.61603e-10,-5.12901e-07,5.0345e-06,0.238382,0.134756,1.76899,0
1,0,4,10.0,3.17107e-09,5.23426e-07,5.03547e-06,0.237607,0.134725,1.76365,0
2,0,4,10.0,3.4814e-09,-2.19195e-08,5.06017e-06,0.237245,0.134713,1.76111,0
3,0,4,10.0,2.82e-09,-4.41857e-07,5.10628e-06,0.237076,0.134709,1.75991,0
4,0,4,10.0,2.46503e-09,-7.52599e-07,5.16338e-06,0.236997,0.134708,1.75934,0
5,0,4,10.0,6.28889e-10,-1.01176e-06,5.22987e-06,0.23696,0.134708,1.75906,0
6,0,4,10.0,-3.42309e-11,-1.20113e-06,5.29064e-06,0.236943,0.134708,1.75894,0
7,0,4,10.0,-1.41105e-10,-1.34351e-06,5.35109e-06,0.236935,0.134708,1.75887,0
8,0,4,10.0,3.66023e-10,-1.45725e-06,5.40724e-06,0.236931,0.134708,1.75885,0
9,0,4,10.0,-1.04578e-08,-1.5211e-06,5.45768e-06,0.236929,0.134708,1.75883,0
10,0,4,10.0,5.15535e-10,-1.57493e-06,5.48968e-06,0.236929,0.134709,1.75883,0
11,0,4,10.0,2.50118e-08,-1.66405e-06,5.49479e-06,0.236928,0.134709,1.75882,0
12,0,4,10.0,-1.64092e-08,-1.71735e-06,5.48132e-06,0.236928,0.134709,1.75882,0
13,0,4,10.0,-1.60478e-08,-1.71519e-06,5.3668e-06,0.238362,0.134753,1.76888,0
14,0,4,10.0,-1.74726e-08,-1.75973e-06,5.25982e-06,0.237597,0.134723,1.76359,0
15,0,4,10.0,-2.05107e-08,-1.59116e-06,5.10591e-06,0.23724,0.134712,1.76109,0
16,0,4,10.0,-1.03e-08,-1.44179e-06,4.89493e-06,0.237074,0.134709,1.7599,0
17,0,4,10.0,-6.04125e-09,-1.30659e-06,4.6321e-06,0.236996,0.134708,1.75933,0
18,0,4,10.0,-5.31384e-09,-1.19866e-06,4.3058e-06,0.23696,0.134708,1.75906,0
19,0,4,10.0,-7.61633e-09,-1.13459e-06,3.91698e-06,0.236943,0.134708,1.75893,0
20,0,4,10.0,-3.81746e-09,-1.10094e-06,3.46468e-06,0.236935,0.134708,1.75887,0
21,0,4,10.0,4.4728e-10,-1.10189e-06,2.95591e-06,0.236931,0.134708,1.75885,0
22,0,4,10.0,-1.98889e-09,-1.1438e-06,2.39058e-06,0.23693,0.134708,1.75883,0
23,0,4,10.0,-6.53586e-09,-1.24981e-06,1.76995e-06,0.236929,0.134709,1.75883,0
0,1,4,10.0,-4.34225e-10,-3.74863e-07,5.02931e-06,0.238393,0.134758,1.76905,0
1,1,4,10.0,6.69495e-09,1.39607e-06,5.02972e-06,0.237627,0.134727,1.76376,0
2,1,4,10.0,6.66211e-09,9.41762e-07,5.05655e-06,0.237271,0.134717,1.76126,0
3,1,4,10.0,5.2761e-09,6.14084e-07,5.10588e-06,0.237107,0.134713,1.76008,0
4,1,4,10.0,3.3315e-09,3.75199e-07,5.16939e-06,0.23703,0.134713,1.75952,0
5,1,4,10.0,5.16931e-10,1.98103e-07,5.23979e-06,0.236995,0.134713,1.75926,0
6,1,4,10.0,-3.79448e-09,6.57838e-08,5.31084e-06,0.236979,0.134713,1.75914,0
7,1,4,10.0,-3.77009e-09,-3.30331e-08,5.37883e-06,0.236971,0.134713,1.75908,0
8,1,4,10.0,-6.18505e-09,-9.67657e-08,5.44014e-06,0.236967,0.134713,1.75905,0
9,1,4,10.0,-6.22046e-09,-1.3337e-07,5.49113e-06,0.236966,0.134713,1.75904,0
10,1,4,10.0,-1.72789e-08,-1.80813e-07,5.52476e-06,0.236965,0.134713,1.75903,0
11,1,4,10.0,3.86057e-10,-2.4311e-07,5.53525e-06,0.236965,0.134713,1.75903,0
12,1,4,10.0,-2.1045e-08,-3.06679e-07,5.5147e-06,0.236965,0.134713,1.75903,0
13,1,4,10.0,-1.80513e-09,-3.61065e-07,5.39286e-06,0.238372,0.134755,1.76893,0
14,1,4,10.0,-2.20733e-08,-5.32665e-07,5.27186e-06,0.237617,0.134726,1.76371,0
15,1,4,10.0,-3.06396e-08,-4.48654e-07,5.10293e-06,0.237267,0.134716,1.76124,0
16,1,4,10.0,-2.81387e-08,-3.80267e-07,4.88392e-06,0.237105,0.134713,1.76007,0
17,1,4,10.0,-1.35351e-08,-3.4823e-07,4.61263e-06,0.237029,0.134713,1.75952,0
18,1,4,10.0,-1.01567e-08,-3.47205e-07,4.28286e-06,0.236995,0.134713,1.75926,0
19,1,4,10.0,-1.28504e-08,-3.93837e-07,3.89234e-06,0.236978,0.134713,1.75914,0
20,1,4,10.0,-1.18847e-08,-4.73465e-07,3.44374e-06,0.236971,0.134713,1.75908,0
21,1,4,10.0,-2.19983e-09,-5.95949e-07,2.93987e-06,0.236967,0.134713,1.75905,0
22,1,4,10.0,-5.397e-09,-7.73293e-07,2.37899e-06,0.236966,0.134713,1.75904,0
23,1,4,10.0,-1.23855e-08,-1.02611e-06,1.76095e-06,0.236965,0.134713,1.75903,0
0,2,4,10.0,6.78946e-09,-3.77182e-07,5.03008e-06,0.238393,0.134758,1.76905,0
1,2,4,10.0,1.11925e-08,1.35325e-06,5.02452e-06,0.237627,0.134727,1.76376,0
2,2,4,10.0,1.37384e-08,9.01784e-07,5.05367e-06,0.237272,0.134717,1.76126,0
3,2,4,10.0,1.03327e-08,5.71387e-07,5.10629e-06,0.237107,0.134714,1.76008,0
4,2,4,10.0,1.25761e-08,3.30825e-07,5.17513e-06,0.237031,0.134713,1.75953,0
5,2,4,10.0,6.24575e-09,1.57659e-07,5.25354e-06,0.236995,0.134713,1.75926,0
6,2,4,10.0,9.15419e-09,2.39592e-08,5.33383e-06,0.236979,0.134713,1.75914,0
7,2,4,10.0,6.08656e-09,-7.47061e-08,5.40949e-06,0.236971,0.134713,1.75908,0
8,2,4,10.0,1.04485e-08,-1.40924e-07,5.47655e-06,0.236968,0.134713,1.75905,0
9,2,4,10.0,-1.32839e-09,-1.78382e-07,5.52933e-06,0.236966,0.134713,1.75904,0
10,2,4,10.0,-8.06377e-09,-2.35975e-07,5.55995e-06,0.236965,0.134713,1.75903,0
11,2,4,10.0,-6.04142e-09,-2.93946e-07,5.57008e-06,0.236965,0.134713,1.75903,0
12,2,4,10.0,1.5303e-09,-3.43545e-07,5.55109e-06,0.236965,0.134714,1.75903,0
13,2,4,10.0,-1.6093e-08,-3.87918e-07,5.41913e-06,0.238372,0.134755,1.76893,0
14,2,4,10.0,-1.62639e-08,-5.51642e-07,5.28705e-06,0.237617,0.134726,1.76371,0
15,2,4,10.0,-2.39696e-08,-4.68587e-07,5.1032e-06,0.237267,0.134716,1.76124,0
16,2,4,10.0,-2.41401e-08,-4.09921e-07,4.87183e-06,0.237105,0.134713,1.76007,0
17,2,4,10.0,-2.62885e-08,-3.76508e-07,4.5914e-06,0.23703,0.134713,1.75952,0
18,2,4,10.0,-2.63684e-08,-3.79338e-07,4.25687e-06,0.236995,0.134713,1.75926,0
19,2,4,10.0,-2.05511e-08,-4.21584e-07,3.86623e-06,0.236979,0.134713,1.75914,0
20,2,4,10.0,-1.10847e-08,-4.99648e-07,3.42235e-06,0.236971,0.134713,1.75908,0
21,2,4,10.0,-1.13361e-08,-6.17692e-07,2.9237e-06,0.236968,0.134713,1.75905,0
22,2,4,10.0,-1.41123e-08,-7.87201e-07,2.36711e-06,0.236966,0.134713,1.75904,0
23,2,4,10.0,-1.85618e-08,-1.02752e-06,1.75343e-06,0.236965,0.134713,1.75903,0
0,3,4,10.0,-4.59829e-09,-3.88167e-07,5.02271e-06,0.238393,0.134758,1.76905,0
1,3,4,10.0,6.26131e-09,1.31673e-06,5.02145e-06,0.237627,0.134727,1.76376,0
2,3,4,10.0,2.96708e-09,8.56447e-07,5.05371e-06,0.237272,0.134717,1.76126,0
3,3,4,10.0,1.09051e-08,5.21749e-07,5.11173e-06,0.237107,0.134714,1.76008,0
4,3,4,10.0,5.05346e-09,2.81142e-07,5.18765e-06,0.237031,0.134713,1.75953,0
5,3,4,10.0,9.84287e-09,1.03886e-07,5.27461e-06,0.236995,0.134713,1.75926,0
6,3,4,10.0,1.69371e-09,-2.8287e-08,5.36315e-06,0.236979,0.134713,1.75914,0
7,3,4,10.0,3.6394e-09,-1.28039e-07,5.44863e-06,0.236971,0.134713,1.75908,0
8,3,4,10.0,5.04984e-09,-1.93502e-07,5.52094e-06,0.236968,0.134713,1.75905,0
9,3,4,10.0,-1.04257e-08,-2.51194e-07,5.57495e-06,0.236966,0.134713,1.75904,0
10,3,4,10.0,2.99871e-09,-3.02234e-07,5.60634e-06,0.236965,0.134713,1.75903,0
11,3,4,10.0,-1.34003e-08,-3.56087e-07,5.61278e-06,0.236965,0.134713,1.75903,0
12,3,4,10.0,-2.35932e-08,-3.95528e-07,5.59176e-06,0.236965,0.134714,1.75903,0
13,3,4,10.0,-2.8201e-08,-4.17928e-07,5.44357e-06,0.238372,0.134755,1.76893,0
14,3,4,10.0,-3.80126e-08,-5.67363e-07,5.30189e-06,0.237617,0.134726,1.76371,0
15,3,4,10.0,-4.21561e-08,-4.89932e-07,5.10682e-06,0.237267,0.134716,1.76124,0
16,3,4,10.0,-4.13851e-08,-4.32294e-07,4.86475e-06,0.237105,0.134713,1.76007,0
17,3,4,10.0,-4.16857e-08,-4.01667e-07,4.57532e-06,0.23703,0.134713,1.75952,0
18,3,4,10.0,-3.45848e-08,-4.05525e-07,4.23615e-06,0.236995,0.134713,1.75926,0
19,3,4,10.0,-2.54569e-08,-4.46327e-07,3.84741e-06,0.236979,0.134713,1.75914,0
20,3,4,10.0,-2.66224e-08,-5.18826e-07,3.40663e-06,0.236971,0.134713,1.75908,0
21,3,4,10.0,-2.51362e-08,-6.29612e-07,2.91021e-06,0.236968,0.134713,1.75905,0
22,3,4,10.0,-2.31166e-08,-7.90416e-07,2.35748e-06,0.236966,0.134713,1.75904,0
23,3,4,10.0,-2.53601e-08,-1.0153e-06,1.74857e-06,0.236965,0.134713,1.75903,0
0,4,4,10.0,7.45936e-09,-3.96462e-07,5.00944e-06,0.238393,0.134758,1.76905,0
1,4,4,10.0,2.96255e-09,1.28316e-06,5.02223e-06,0.237627,0.134727,1.76376,0
2,4,4,10.0,7.34621e-09,8.2143e-07,5.05889e-06,0.237272,0.134717,1.76126,0
3,4,4,10.0,9.47734e-09,4.7696e-07,5.12267e-06,0.237107,0.134714,1.76008,0
4,4,4,10.0,9.92468e-09,2.30951e-07,5.20784e-06,0.237031,0.134713,1.75953,0
5,4,4,10.0,6.54278e-09,5.53369e-08,5.30488e-06,0.236995,0.134713,1.75926,0
6,4,4,10.0,1.2492e-08,-7.90239e-08,5.40432e-06,0.236979,0.134713,1.75914,0
7,4,4,10.0,2.14225e-09,-1.77726e-07,5.49717e-06,0.236971,0.134713,1.75908,0
8,4,4,10.0,-3.57829e-11,-2.54429e-07,5.57713e-06,0.236968,0.134713,1.75905,0
9,4,4,10.0,-5.26459e-09,-3.12679e-07,5.63231e-06,0.236966,0.134713,1.75904,0
10,4,4,10.0,-2.58294e-08,-3.68896e-07,5.66577e-06,0.236965,0.134713,1.75903,0
11,4,4,10.0,-2.81216e-08,-4.1783e-07,5.66594e-06,0.236965,0.134713,1.75903,0
12,4,4,10.0,-3.19341e-08,-4.43278e-07,5.64e-06,0.236965,0.134714,1.75903,0
13,4,4,10.0,-4.38277e-08,-4.46155e-07,5.47628e-06,0.238372,0.134755,1.76893,0
14,4,4,10.0,-5.12378e-08,-5.83354e-07,5.32468e-06,0.237617,0.134726,1.76371,0
15,4,4,10.0,-5.24517e-08,-5.10893e-07,5.12172e-06,0.237267,0.134716,1.76124,0
16,4,4,10.0,-5.34241e-08,-4.55136e-07,4.8729e-06,0.237105,0.134713,1.76007,0
17,4,4,10.0,-4.83585e-08,-4.25852e-07,4.57808e-06,0.23703,0.134713,1.75952,0
18,4,4,10.0,-4.21111e-08,-4.32168e-07,4.23679e-06,0.236995,0.134713,1.75926,0
19,4,4,10.0,-4.23098e-08,-4.72244e-07,3.84734e-06,0.236979,0.134713,1.75914,0
20,4,4,10.0,-3.90311e-08,-5.40936e-07,3.4046e-06,0.236971,0.134713,1.75908,0
21,4,4,10.0,-3.30593e-08,-6.45742e-07,2.90873e-06,0.236968,0.134713,1.75905,0
22,4,4,10.0,-3.03777e-08,-7.97887e-07,2.35804e-06,0.236966,0.134713,1.75904,0
23,4,4,10.0,-2.76474e-08,-1.0097e-06,1.75218e-06,0.236965,0.134713,1.75903,0
0,5,4,10.0,1.62737e-08,-3.98562e-07,5.06465e-06,0.238393,0.134758,1.76905,0
1,5,4,10.0,1.55774e-09,1.2728e-06,5.04097e-06,0.237627,0.134727,1.76376,0
2,5,4,10.0,1.29777e-08,7.89642e-07,5.07734e-06,0.237272,0.134717,1.76126,0
3,5,4,10.0,8.03758e-09,4.46555e-07,5.14878e-06,0.237107,0.134714,1.76008,0
4,5,4,10.0,1.56151e-08,2.08516e-07,5.2444e-06,0.237031,0.134713,1.75953,0
5,5,4,10.0,7.71051e-09,2.39597e-08,5.35364e-06,0.236995,0.134713,1.75926,0
6,5,4,10.0,7.29392e-09,-1.07001e-07,5.46424e-06,0.236979,0.134713,1.75914,0
7,5,4,10.0,-5.22047e-09,-2.11805e-07,5.56721e-06,0.236971,0.134713,1.75908,0
8,5,4,10.0,-7.83488e-09,-2.89512e-07,5.65199e-06,0.236968,0.134713,1.75905,0
9,5,4,10.0,-2.06477e-08,-3.55941e-07,5.71617e-06,0.236966,0.134713,1.75904,0
10,5,4,10.0,-2.55004e-08,-4.17218e-07,5.74682e-06,0.236965,0.134713,1.75903,0
11,5,4,10.0,-2.1918e-08,-4.602e-07,5.74891e-06,0.236965,0.134713,1.75903,0
12,5,4,10.0,-3.94716e-08,-4.79812e-07,5.71886e-06,0.236965,0.134714,1.75903,0
13,5,4,10.0,-5.00732e-08,-4.68862e-07,5.54183e-06,0.238372,0.134755,1.76893,0
14,5,4,10.0,-5.57554e-08,-5.986e-07,5.38355e-06,0.237617,0.134726,1.76371,0
15,5,4,10.0,-5.706e-08,-5.29536e-07,5.17479e-06,0.237267,0.134716,1.76124,0
16,5,4,10.0,-5.76414e-08,-4.74367e-07,4.92058e-06,0.237105,0.134713,1.76007,0
17,5,4,10.0,-5.30372e-08,-4.4872e-07,4.62154e-06,0.23703,0.134713,1.75952,0
18,5,4,10.0,-5.19532e-08,-4.57368e-07,4.27535e-06,0.236995,0.134713,1.75926,0
19,5,4,10.0,-5.58032e-08,-4.95189e-07,3.87994e-06,0.236979,0.134713,1.75914,0
20,5,4,10.0,-4.09e-08,-5.60137e-07,3.43445e-06,0.236971,0.134713,1.75908,0
21,5,4,10.0,-3.65589e-08,-6.62944e-07,2.93567e-06,0.236968,0.134713,1.75905,0
22,5,4,10.0,-3.29928e-08,-8.10066e-07,2.38307e-06,0.236966,0.134713,1.75904,0
23,5,4,10.0,-2.64935e-08,-1.01423e-06,1.77557e-06,0.236965,0.134713,1.75903,0
0,6,4,10.0,-3.37431e-08,-4.00272e-07,5.06914e-06,0.238393,0.134758,1.76905,0
1,6,4,10.0,-2.11112e-09,1.24235e-06,5.07115e-06,0.237627,0.134727,1.76376,0
2,6,4,10.0,3.13212e-10,7.75996e-07,5.11528e-06,0.237272,0.134717,1.76126,0
3,6,4,10.0,8.75877e-09,4.3951e-07,5.19563e-06,0.237107,0.134714,1.76008,0
4,6,4,10.0,4.05711e-09,1.94722e-07,5.30293e-06,0.237031,0.134713,1.75953,0
5,6,4,10.0,6.34415e-09,1.80814e-08,5.42345e-06,0.236995,0.134713,1.75926,0
6,6,4,10.0,-3.60246e-09,-1.1157e-07,5.54627e-06,0.236979,0.134713,1.75914,0
7,6,4,10.0,-5.37512e-09,-2.18456e-07,5.65838e-06,0.236971,0.134713,1.75908,0
8,6,4,10.0,-1.91216e-08,-3.00534e-07,5.75597e-06,0.236968,0.134713,1.75905,0
9,6,4,10.0,-2.22741e-08,-3.7347e-07,5.82852e-06,0.236966,0.134713,1.75904,0
10,6,4,10.0,-3.33173e-08,-4.38514e-07,5.86633e-06,0.236965,0.134713,1.75903,0
11,6,4,10.0,-4.27799e-08,-4.86733e-07,5.87468e-06,0.236965,0.134713,1.75903,0
12,6,4,10.0,-3.86679e-08,-5.03921e-07,5.84799e-06,0.236965,0.134714,1.75903,0
13,6,4,10.0,-5.52583e-08,-4.84677e-07,5.6654e-06,0.238372,0.134755,1.76893,0
14,6,4,10.0,-5.83301e-08,-6.16492e-07,5.50312e-06,0.237617,0.134726,1.76371,0
15,6,4,10.0,-6.14321e-08,-5.46343e-07,5.28935e-06,0.237267,0.134716,1.76124,0
16,6,4,10.0,-6.16063e-08,-4.95488e-07,5.02823e-06,0.237105,0.134713,1.76007,0
17,6,4,10.0,-6.49761e-08,-4.6732e-07,4.72043e-06,0.23703,0.134713,1.75952,0
18,6,4,10.0,-6.42335e-08,-4.7824e-07,4.3651e-06,0.236995,0.134713,1.75926,0
19,6,4,10.0,-5.61676e-08,-5.14425e-07,3.96153e-06,0.236979,0.134713,1.75914,0
20,6,4,10.0,-5.11524e-08,-5.80421e-07,3.50896e-06,0.236971,0.134713,1.75908,0
21,6,4,10.0,-4.43331e-08,-6.8286e-07,3.00358e-06,0.236968,0.134713,1.75905,0
22,6,4,10.0,-3.42191e-08,-8.28366e-07,2.44431e-06,0.236966,0.134713,1.75904,0
23,6,4,10.0,-2.52623e-08,-1.0311e-06,1.82879e-06,0.236965,0.134713,1.75903,0
0,7,4,10.0,1.2991e-08,-4.00033e-07,5.0829e-06,0.238393,0.134758,1.76905,0
1,7,4,10.0,-1.99863e-08,1.24567e-06,5.11871e-06,0.237627,0.134727,1.76376,0
2,7,4,10.0,-8.37301e-09,7.77813e-07,5.17137e-06,0.237272,0.134717,1.76126,0
3,7,4,10.0,1.35654e-09,4.41734e-07,5.26492e-06,0.237107,0.134714,1.76008,0
4,7,4,10.0,7.38636e-09,1.9774e-07,5.38726e-06,0.237031,0.134713,1.75953,0
5,7,4,10.0,7.6304e-09,1.30282e-08,5.52362e-06,0.236995,0.134713,1.75926,0
6,7,4,10.0,-2.32035e-09,-1.15593e-07,5.65713e-06,0.236979,0.134713,1.75914,0
7,7,4,10.0,-1.1443e-08,-2.22513e-07,5.78162e-06,0.236971,0.134713,1.75908,0
8,7,4,10.0,-2.43685e-08,-3.03159e-07,5.88986e-06,0.236968,0.134713,1.75905,0
9,7,4,10.0,-4.77004e-08,-3.83071e-07,5.97135e-06,0.236966,0.134713,1.75904,0
10,7,4,10.0,-3.08083e-08,-4.58204e-07,6.02425e-06,0.236965,0.134713,1.75903,0
11,7,4,10.0,-3.87944e-08,-5.10718e-07,6.04533e-06,0.236965,0.134713,1.75903,0
12,7,4,10.0,-6.27015e-08,-5.27023e-07,6.02822e-06,0.236965,0.134714,1.75903,0
13,7,4,10.0,-6.01236e-08,-5.01895e-07,5.85769e-06,0.238372,0.134755,1.76893,0
14,7,4,10.0,-6.05732e-08,-6.35175e-07,5.69614e-06,0.237617,0.134726,1.76371,0
15,7,4,10.0,-6.61435e-08,-5.66049e-07,5.47728e-06,0.237267,0.134716,1.76124,0
16,7,4,10.0,-6.92315e-08,-5.07331e-07,5.20592e-06,0.237105,0.134713,1.76007,0
17,7,4,10.0,-6.98092e-08,-4.8969e-07,4.88427e-06,0.23703,0.134713,1.75952,0
18,7,4,10.0,-6.95143e-08,-4.95908e-07,4.51492e-06,0.236995,0.134713,1.75926,0
19,7,4,10.0,-6.53123e-08,-5.34806e-07,4.09951e-06,0.236979,0.134713,1.75914,0
20,7,4,10.0,-5.63704e-08,-6.0318e-07,3.63509e-06,0.236971,0.134713,1.75908,0
21,7,4,10.0,-4.61933e-08,-7.04927e-07,3.11852e-06,0.236968,0.134713,1.75905,0
22,7,4,10.0,-3.76679e-08,-8.55913e-07,2.54706e-06,0.236966,0.134713,1.75904,0
23,7,4,10.0,-2.45907e-08,-1.06206e-06,1.91422e-06,0.236965,0.134713,1.75903,0
0,8,4,10.0,1.9144e-08,-4.05554e-07,5.19368e-06,0.238393,0.134758,1.76905,0
1,8,4,10.0,-2.33947e-08,1.26554e-06,5.19908e-06,0.237627,0.134727,1.76376,0
2,8,4,10.0,-4.94966e-09,7.92821e-07,5.25588e-06,0.237272,0.134717,1.76126,0
3,8,4,10.0,7.77432e-09,4.50132e-07,5.36335e-06,0.237107,0.134714,1.76008,0
4,8,4,10.0,1.49229e-08,1.91046e-07,5.50453e-06,0.237031,0.134713,1.75953,0
5,8,4,10.0,9.66277e-09,9.04656e-09,5.65768e-06,0.236995,0.134713,1.75926,0
6,8,4,10.0,4.76007e-09,-1.31121e-07,5.80481e-06,0.236979,0.134713,1.75914,0
7,8,4,10.0,-7.59922e-09,-2.3003e-07,5.94029e-06,0.236971,0.134713,1.75908,0
8,8,4,10.0,-3.85371e-08,-3.16779e-07,6.06026e-06,0.236968,0.134713,1.75905,0
9,8,4,10.0,-2.58619e-08,-4.04544e-07,6.15731e-06,0.236966,0.134713,1.75904,0
10,8,4,10.0,-4.07107e-08,-5.00266e-07,6.23185e-06,0.236965,0.134713,1.75903,0
11,8,4,10.0,-5.79224e-08,-5.67309e-07,6.27455e-06,0.236965,0.134713,1.75903,0
12,8,4,10.0,-4.50765e-08,-5.92971e-07,6.27345e-06,0.236965,0.134714,1.75903,0
13,8,4,10.0,-5.7417e-08,-5.6172e-07,6.13177e-06,0.238372,0.134755,1.76893,0
14,8,4,10.0,-6.03915e-08,-6.70517e-07,5.97417e-06,0.237617,0.134726,1.76371,0
15,8,4,10.0,-7.08197e-08,-5.86527e-07,5.74818e-06,0.237267,0.134716,1.76124,0
16,8,4,10.0,-7.47699e-08,-5.35343e-07,5.46158e-06,0.237105,0.134713,1.76007,0
17,8,4,10.0,-7.53894e-08,-5.06077e-07,5.12059e-06,0.23703,0.134713,1.75952,0
18,8,4,10.0,-7.30018e-08,-5.20145e-07,4.73241e-06,0.236995,0.134713,1.75926,0
19,8,4,10.0,-6.74235e-08,-5.597e-07,4.29907e-06,0.236979,0.134713,1.75914,0
20,8,4,10.0,-5.80098e-08,-6.26214e-07,3.81784e-06,0.236971,0.134713,1.75908,0
21,8,4,10.0,-4.89324e-08,-7.36078e-07,3.28381e-06,0.236968,0.134713,1.75905,0
22,8,4,10.0,-3.88245e-08,-8.8894e-07,2.69036e-06,0.236966,0.134713,1.75904,0
23,8,4,10.0,-2.85438e-08,-1.1075e-06,2.03009e-06,0.236965,0.134713,1.75903,0
0,9,4,10.0,2.21237e-08,-4.21748e-07,5.31071e-06,0.238403,0.134759,1.7691,0
1,9,4,10.0,-3.70111e-08,1.30335e-06,5.30608e-06,0.237646,0.13473,1.76387,0
2,9,4,10.0,-1.07254e-08,8.06426e-07,5.37234e-06,0.237298,0.13472,1.76141,0
3,9,4,10.0,1.7558e-09,4.41148e-07,5.49345e-06,0.237138,0.134718,1.76026,0
4,9,4,10.0,2.74332e-09,1.72665e-07,5.65167e-06,0.237064,0.134717,1.75971,0
5,9,4,10.0,-3.15057e-09,-2.89207e-08,5.8222e-06,0.23703,0.134717,1.75946,0
6,9,4,10.0,-1.06964e-08,-1.75237e-07,5.98469e-06,0.237014,0.134718,1.75934,0
7,9,4,10.0,-2.35457e-08,-2.88217e-07,6.1337e-06,0.237007,0.134718,1.75928,0
8,9,4,10.0,-4.73005e-08,-3.61342e-07,6.26562e-06,0.236993,0.134717,1.7592,0
9,9,4,10.0,-4.47151e-08,-4.80116e-07,6.38866e-06,0.238382,0.134756,1.76899,0
10,9,4,10.0,-5.77759e-08,-1.06734e-06,6.49181e-06,0.237637,0.134729,1.76382,0
11,9,4,10.0,-6.67223e-08,-1.07711e-06,6.55803e-06,0.237294,0.13472,1.76139,0
12,9,4,10.0,-5.54012e-08,-1.04726e-06,6.58631e-06,0.237136,0.134718,1.76024,0
13,9,4,10.0,-7.38444e-08,-9.29885e-07,6.47553e-06,0.238382,0.134756,1.76899,0
14,9,4,10.0,-7.01906e-08,-1.19824e-06,6.33015e-06,0.237637,0.134729,1.76382,0
15,9,4,10.0,-8.2554e-08,-1.03617e-06,6.0928e-06,0.237294,0.13472,1.76139,0
16,9,4,10.0,-8.5016e-08,-9.00092e-07,5.78453e-06,0.237136,0.134717,1.76024,0
17,9,4,10.0,-8.31399e-08,-8.28695e-07,5.41922e-06,0.237063,0.134717,1.75971,0
18,9,4,10.0,-8.05539e-08,-7.88626e-07,5.00531e-06,0.237029,0.134717,1.75946,0
19,9,4,10.0,-7.50536e-08,-7.89916e-07,4.5488e-06,0.237014,0.134718,1.75934,0
20,9,4,10.0,-6.78105e-08,-8.30516e-07,4.04408e-06,0.237007,0.134718,1.75928,0
21,9,4,10.0,-5.92195e-08,-9.10244e-07,3.48396e-06,0.237003,0.134718,1.75925,0
22,9,4,10.0,-4.84703e-08,-1.05324e-06,2.86237e-06,0.237002,0.134718,1.75924,0
23,9,4,10.0,-3.70208e-08,-1.26214e-06,2.16577e-06,0.237001,0.134718,1.75924,0
0,10,4,10.0,3.36013e-08,-4.41528e-07,5.47186e-06,0.238393,0.134758,1.76905,0
1,10,4,10.0,-2.70635e-08,1.38745e-06,5.44917e-06,0.237627,0.134727,1.76376,0
2,10,4,10.0,-2.16689e-08,8.66165e-07,5.52088e-06,0.237272,0.134717,1.76126,0
3,10,4,10.0,1.08844e-09,4.87766e-07,5.65695e-06,0.237107,0.134714,1.76008,0
4,10,4,10.0,4.33069e-09,2.12867e-07,5.83086e-06,0.237031,0.134713,1.75953,0
5,10,4,10.0,-1.34045e-08,4.87295e-09,6.01524e-06,0.236996,0.134713,1.75926,0
6,10,4,10.0,-1.81979e-08,-1.46014e-07,6.19323e-06,0.236979,0.134713,1.75914,0
7,10,4,10.0,-2.70549e-08,-2.58407e-07,6.36074e-06,0.236972,0.134713,1.75908,0
8,10,4,10.0,-4.24621e-08,-3.24451e-07,6.51189e-06,0.236958,0.134712,1.759,0
9,10,4,10.0,-6.14345e-08,-4.40039e-07,6.65908e-06,0.238372,0.134755,1.76893,0
10,10,4,10.0,-4.07799e-08,-9.85259e-07,6.79058e-06,0.237617,0.134726,1.76371,0
11,10,4,10.0,-6.3029e-08,-1.00747e-06,6.88475e-06,0.237268,0.134716,1.76124,0
12,10,4,10.0,-7.9078e-08,-9.89212e-07,6.93727e-06,0.237105,0.134713,1.76007,0
13,10,4,10.0,-8.15163e-08,-8.88362e-07,6.84915e-06,0.238372,0.134755,1.76893,0
14,10,4,10.0,-8.14963e-08,-1.25464e-06,6.70123e-06,0.237617,0.134726,1.76371,0
15,10,4,10.0,-9.00574e-08,-1.0798e-06,6.44686e-06,0.237268,0.134716,1.76124,0
16,10,4,10.0,-9.44169e-08,-9.52886e-07,6.11532e-06,0.237105,0.134713,1.76007,0
17,10,4,10.0,-8.51541e-08,-8.76992e-07,5.72537e-06,0.23703,0.134713,1.75952,0
18,10,4,10.0,-7.55906e-08,-8.43001e-07,5.28709e-06,0.236995,0.134713,1.75926,0
19,10,4,10.0,-7.80313e-08,-8.49732e-07,4.80376e-06,0.236979,0.134713,1.75914,0
20,10,4,10.0,-7.1156e-08,-8.917e-07,4.27262e-06,0.236972,0.134713,1.75908,0
21,10,4,10.0,-6.04364e-08,-9.8798e-07,3.68543e-06,0.236968,0.134713,1.75905,0
22,10,4,10.0,-5.41813e-08,-1.14242e-06,3.03261e-06,0.236967,0.134714,1.75904,0
23,10,4,10.0,-3.78882e-08,-1.37258e-06,2.30036e-06,0.236966,0.134714,1.75904,0
0,11,4,10.0,3.59612e-08,-4.78567e-07,5.68746e-06,0.238393,0.134758,1.76905,0
1,11,4,10.0,-6.31113e-08,1.48575e-06,5.6298e-06,0.237627,0.134727,1.76376,0
2,11,4,10.0,-9.8074e-09,9.53387e-07,5.70877e-06,0.237272,0.134717,1.76126,0
3,11,4,10.0,2.56755e-08,5.25995e-07,5.87345e-06,0.237107,0.134714,1.76008,0
4,11,4,10.0,2.13083e-08,2.16816e-07,6.06783e-06,0.237031,0.134713,1.75953,0
5,11,4,10.0,1.25583e-08,-8.76073e-10,6.2665e-06,0.236995,0.134713,1.75926,0
6,11,4,10.0,1.16491e-08,-1.56972e-07,6.46069e-06,0.236979,0.134713,1.75914,0
7,11,4,10.0,-1.05779e-08,-2.78936e-07,6.64469e-06,0.236971,0.134713,1.75908,0
8,11,4,10.0,-1.8972e-08,-3.47244e-07,6.81832e-06,0.236957,0.134712,1.759,0
9,11,4,10.0,-5.84228e-08,-4.67673e-07,6.99396e-06,0.238372,0.134755,1.76893,0
10,11,4,10.0,-3.1054e-08,-1.0419e-06,7.16795e-06,0.237617,0.134726,1.76371,0
11,11,4,10.0,-2.9605e-08,-1.047e-06,7.28815e-06,0.237267,0.134716,1.76124,0
12,11,4,10.0,-6.60393e-08,-1.02105e-06,7.35544e-06,0.237105,0.134713,1.76007,0
13,11,4,10.0,-6.84355e-08,-9.20118e-07,7.2726e-06,0.238372,0.134755,1.76893,0
14,11,4,10.0,-6.99914e-08,-1.31003e-06,7.10189e-06,0.237617,0.134726,1.76371,0
15,11,4,10.0,-8.11752e-08,-1.12606e-06,6.82086e-06,0.237267,0.134716,1.76124,0
16,11,4,10.0,-7.57929e-08,-9.9208e-07,6.46184e-06,0.237105,0.134713,1.76007,0
17,11,4,10.0,-6.62499e-08,-9.20356e-07,6.04839e-06,0.23703,0.134713,1.75952,0
18,11,4,10.0,-6.43346e-08,-8.88429e-07,5.58582e-06,0.236995,0.134713,1.75926,0
19,11,4,10.0,-5.64853e-08,-8.84237e-07,5.07538e-06,0.236979,0.134713,1.75914,0
20,11,4,10.0,-4.90956e-08,-9.41186e-07,4.51835e-06,0.236971,0.134713,1.75908,0
21,11,4,10.0,-4.47009e-08,-1.04452e-06,3.90224e-06,0.236968,0.134713,1.75905,0
22,11,4,10.0,-3.82724e-08,-1.21456e-06,3.21543e-06,0.236966,0.134713,1.75904,0
23,11,4,10.0,-2.78347e-08,-1.47007e-06,2.44382e-06,0.236965,0.134713,1.75903,0
0,12,4,10.0,3.33132e-08,-5.35216e-07,5.91648e-06,0.238393,0.134758,1.76905,0
1,12,4,10.0,-6.46524e-08,1.64109e-06,5.82584e-06,0.237627,0.134727,1.76376,0
2,12,4,10.0,2.00996e-08,1.00384e-06,5.9339e-06,0.237272,0.134717,1.76126,0
3,12,4,10.0,1.24017e-08,5.89571e-07,6.1325e-06,0.237107,0.134714,1.76008,0
4,12,4,10.0,2.71352e-08,2.37668e-07,6.3606e-06,0.237031,0.134713,1.75953,0
5,12,4,10.0,3.11761e-08,-1.33822e-08,6.57923e-06,0.236995,0.134713,1.75926,0
6,12,4,10.0,2.92864e-09,-1.86923e-07,6.78098e-06,0.236979,0.134713,1.75914,0
7,12,4,10.0,-1.82042e-08,-3.10325e-07,6.97916e-06,0.236971,0.134713,1.75908,0
8,12,4,10.0,-7.99355e-09,-3.78717e-07,7.1812e-06,0.236957,0.134712,1.759,0
9,12,4,10.0,-1.0168e-08,-5.14416e-07,7.39979e-06,0.238372,0.134755,1.76893,0
10,12,4,10.0,-2.34699e-08,-1.13164e-06,7.61798e-06,0.237617,0.134726,1.76371,0
11,12,4,10.0,-2.88333e-08,-1.1239e-06,7.76466e-06,0.237267,0.134716,1.76124,0
12,12,4,10.0,-4.9249e-08,-1.083e-06,7.83322e-06,0.237105,0.134713,1.76007,0
13,12,4,10.0,-5.52255e-08,-1.0013e-06,8.18941e-06,0.238382,0.134756,1.76899,0
14,12,4,10.0,-2.21848e-08,-1.47148e-06,7.99254e-06,0.237637,0.134729,1.76382,0
15,12,4,10.0,-2.03396e-08,-1.21033e-06,7.64552e-06,0.237294,0.13472,1.76139,0
16,12,4,10.0,-3.25461e-08,-1.0698e-06,7.23336e-06,0.237136,0.134717,1.76024,0
17,12,4,10.0,-2.5827e-08,-9.96194e-07,6.41013e-06,0.237016,0.134711,1.75944,0
18,12,4,10.0,-2.98712e-08,-9.57623e-07,5.91863e-06,0.236988,0.134712,1.75922,0
19,12,4,10.0,-1.47326e-08,-9.64391e-07,5.38233e-06,0.236976,0.134713,1.75912,0
20,12,4,10.0,-1.93429e-08,-1.00721e-06,4.79659e-06,0.23697,0.134713,1.75907,0
21,12,4,10.0,-2.04305e-08,-1.12461e-06,4.14791e-06,0.236967,0.134713,1.75905,0
22,12,4,10.0,-1.65297e-08,-1.31792e-06,3.42321e-06,0.236966,0.134713,1.75904,0
23,12,4,10.0,-1.13523e-08,-1.59034e-06,2.60641e-06,0.236965,0.134713,1.75903,0
0,13,4,10.0,2.92666e-08,-6.74448e-07,6.27187e-06,0.238393,0.134758,1.76905,0
1,13,4,10.0,-1.5935e-09,2.0177e-06,6.13974e-06,0.237627,0.134727,1.76376,0
2,13,4,10.0,-1.12297e-08,1.30047e-06,6.2628e-06,0.237272,0.134717,1.76126,0
3,13,4,10.0,-8.21423e-09,7.14459e-07,6.51713e-06,0.237107,0.134714,1.76008,0
4,13,4,10.0,-2.37718e-08,2.58657e-07,6.80816e-06,0.237031,0.134713,1.75953,0
5,13,4,10.0,-2.5623e-08,-5.47252e-08,7.08133e-06,0.236995,0.134713,1.75926,0
6,13,4,10.0,-4.28089e-09,-2.50529e-07,7.34531e-06,0.236979,0.134713,1.75914,0
7,13,4,10.0,9.8929e-09,-4.1782e-07,7.62499e-06,0.236971,0.134713,1.75908,0
8,13,4,10.0,2.51256e-08,-5.3089e-07,7.90508e-06,0.236968,0.134713,1.75905,0
9,13,4,10.0,-8.91041e-09,-6.3447e-07,8.18039e-06,0.236975,0.134715,1.75909,0
10,13,4,10.0,-4.66142e-08,-7.11809e-07,8.40287e-06,0.236974,0.134715,1.75908,0
11,13,4,10.0,-5.32796e-08,-7.34596e-07,8.54541e-06,0.236971,0.134714,1.75907,0
12,13,4,10.0,-6.38393e-08,-7.37254e-07,8.62667e-06,0.236969,0.134714,1.75905,0
13,13,4,10.0,-9.21478e-08,-7.17327e-07,8.50074e-06,0.238372,0.134755,1.76893,0
14,13,4,10.0,-8.27916e-08,-9.53977e-07,8.29552e-06,0.237617,0.134726,1.76371,0
15,13,4,10.0,-8.64735e-08,-8.26585e-07,7.9577e-06,0.237268,0.134716,1.76124,0
16,13,4,10.0,-8.52799e-08,-7.67449e-07,7.53558e-06,0.237105,0.134713,1.76007,0
17,13,4,10.0,-6.85819e-08,-7.54021e-07,7.04726e-06,0.23703,0.134713,1.75952,0
18,13,4,10.0,-6.21094e-08,-7.75807e-07,6.50686e-06,0.236995,0.134713,1.75926,0
19,13,4,10.0,-6.44943e-08,-8.23335e-07,5.91369e-06,0.236979,0.134713,1.75914,0
20,13,4,10.0,-5.83291e-08,-9.41606e-07,5.27228e-06,0.236971,0.134713,1.75908,0
21,13,4,10.0,-5.59528e-08,-1.13006e-06,4.56326e-06,0.236968,0.134713,1.75905,0
22,13,4,10.0,-5.12124e-08,-1.38261e-06,3.77162e-06,0.236966,0.134713,1.75904,0
23,13,4,10.0,-3.88233e-08,-1.74281e-06,2.88138e-06,0.236965,0.134713,1.75903,0
0,14,4,10.0,1.20242e-08,-7.62422e-07,6.30822e-06,0.238393,0.134758,1.76905,0
1,14,4,10.0,-4.27984e-08,2.30328e-06,6.20516e-06,0.237627,0.134727,1.76376,0
2,14,4,10.0,-3.67012e-09,1.4314e-06,6.33706e-06,0.237272,0.134717,1.76126,0
3,14,4,10.0,-7.86881e-09,7.85717e-07,6.59547e-06,0.237107,0.134714,1.76008,0
4,14,4,10.0,-4.93114e-08,2.937e-07,6.90032e-06,0.237031,0.134713,1.75953,0
5,14,4,10.0,-3.68186e-08,-7.21613e-08,7.22209e-06,0.236995,0.134713,1.75926,0
6,14,4,10.0,-6.34831e-09,-3.32083e-07,7.55179e-06,0.236979,0.134713,1.75914,0
7,14,4,10.0,-1.13411e-08,-4.92086e-07,7.88922e-06,0.236971,0.134713,1.75908,0
8,14,4,10.0,1.17792e-08,-6.16968e-07,8.21454e-06,0.236968,0.134713,1.75905,0
9,14,4,10.0,-4.42671e-08,-7.14419e-07,8.48027e-06,0.236966,0.134713,1.75904,0
10,14,4,10.0,-7.83498e-08,-7.71246e-07,8.68172e-06,0.236966,0.134713,1.75903,0
11,14,4,10.0,-7.00653e-08,-7.96753e-07,8.82255e-06,0.236965,0.134714,1.75903,0
12,14,4,10.0,-1.24032e-07,-8.05722e-07,8.88968e-06,0.236965,0.134714,1.75903,0
13,14,4,10.0,-1.233e-07,-7.68462e-07,8.75148e-06,0.238372,0.134755,1.76893,0
14,14,4,10.0,-1.20729e-07,-1.01354e-06,8.53428e-06,0.237617,0.134726,1.76371,0
15,14,4,10.0,-1.21608e-07,-8.87623e-07,8.19505e-06,0.237267,0.134716,1.76124,0
16,14,4,10.0,-1.0387e-07,-8.20112e-07,7.76917e-06,0.237105,0.134713,1.76007,0
17,14,4,10.0,-8.45296e-08,-8.03628e-07,7.26875e-06,0.23703,0.134713,1.75952,0
18,14,4,10.0,-8.05592e-08,-8.32195e-07,6.70824e-06,0.236995,0.134713,1.75926,0
19,14,4,10.0,-6.20495e-08,-8.98093e-07,6.09689e-06,0.236979,0.134713,1.75914,0
20,14,4,10.0,-5.6509e-08,-1.03362e-06,5.43141e-06,0.236971,0.134713,1.75908,0
21,14,4,10.0,-5.83086e-08,-1.22993e-06,4.69859e-06,0.236968,0.134713,1.75905,0
22,14,4,10.0,-5.08346e-08,-1.51488e-06,3.88576e-06,0.236966,0.134713,1.75904,0
23,14,4,10.0,-3.61403e-08,-1.90402e-06,2.97361e-06,0.236965,0.134713,1.75903,0
0,15,4,10.0,3.16127e-08,-8.68451e-07,6.36368e-06,0.238393,0.134758,1.76905,0
1,15,4,10.0,4.25783e-09,2.59884e-06,6.28033e-06,0.237627,0.134727,1.76376,0
2,15,4,10.0,4.97332e-08,1.61188e-06,6.42445e-06,0.237272,0.134717,1.76126,0
3,15,4,10.0,1.88584e-08,8.80401e-07,6.68078e-06,0.237107,0.134714,1.76008,0
4,15,4,10.0,-1.85367e-08,3.08851e-07,6.99218e-06,0.237031,0.134713,1.75953,0
5,15,4,10.0,-1.13112e-08,-1.05829e-07,7.35356e-06,0.236995,0.134713,1.75926,0
6,15,4,10.0,3.00055e-08,-3.96836e-07,7.74713e-06,0.236979,0.134713,1.75914,0
7,15,4,10.0,2.1186e-08,-5.9398e-07,8.13177e-06,0.236971,0.134713,1.75908,0
8,15,4,10.0,-4.01396e-08,-7.34255e-07,8.47443e-06,0.236968,0.134713,1.75905,0
9,15,4,10.0,-4.09496e-08,-8.10054e-07,8.74496e-06,0.236966,0.134713,1.75904,0
10,15,4,10.0,-5.68437e-08,-8.47905e-07,8.94537e-06,0.236965,0.134713,1.75903,0
11,15,4,10.0,-1.18356e-07,-8.74696e-07,9.07724e-06,0.236965,0.134713,1.75903,0
12,15,4,10.0,-1.26736e-07,-8.71727e-07,9.13189e-06,0.236965,0.134714,1.75903,0
13,15,4,10.0,-1.48314e-07,-8.28302e-07,8.99142e-06,0.238372,0.134755,1.76893,0
14,15,4,10.0,-1.3856e-07,-1.09458e-06,8.77038e-06,0.237617,0.134726,1.76371,0
15,15,4,10.0,-1.13796e-07,-9.65949e-07,8.4264e-06,0.237267,0.134716,1.76124,0
16,15,4,10.0,-1.10453e-07,-8.89986e-07,7.99143e-06,0.237105,0.134713,1.76007,0
17,15,4,10.0,-8.94476e-08,-8.82383e-07,7.48051e-06,0.23703,0.134713,1.75952,0
18,15,4,10.0,-6.39294e-08,-9.12032e-07,6.9025e-06,0.236995,0.134713,1.75926,0
19,15,4,10.0,-5.05496e-08,-1.00874e-06,6.27421e-06,0.236979,0.134713,1.75914,0
20,15,4,10.0,-3.74543e-08,-1.14767e-06,5.58795e-06,0.236971,0.134713,1.75908,0
21,15,4,10.0,-4.23763e-08,-1.36968e-06,4.83295e-06,0.236968,0.134713,1.75905,0
22,15,4,10.0,-3.33754e-08,-1.67202e-06,4.0011e-06,0.236966,0.134713,1.75904,0
23,15,4,10.0,-2.31443e-08,-2.09891e-06,3.06864e-06,0.236965,0.134713,1.75903,0
0,16,4,10.0,2.99626e-08,-9.8833e-07,6.48415e-06,0.238393,0.134758,1.76905,0
1,16,4,10.0,4.35881e-08,2.92777e-06,6.39166e-06,0.237627,0.134727,1.76376,0
2,16,4,10.0,3.32015e-09,1.79982e-06,6.53622e-06,0.237272,0.134717,1.76126,0
3,16,4,10.0,2.66079e-08,9.6639e-07,6.79609e-06,0.237107,0.134714,1.76008,0
4,16,4,10.0,5.46605e-08,3.15047e-07,7.12613e-06,0.237031,0.134713,1.75953,0
5,16,4,10.0,5.33131e-08,-1.51027e-07,7.51361e-06,0.236995,0.134713,1.75926,0
6,16,4,10.0,-1.72716e-08,-4.77528e-07,7.93531e-06,0.236979,0.134713,1.75914,0
7,16,4,10.0,-2.97912e-08,-7.10947e-07,8.34637e-06,0.236971,0.134713,1.75908,0
8,16,4,10.0,-8.28031e-09,-8.55254e-07,8.6953e-06,0.236968,0.134713,1.75905,0
9,16,4,10.0,-3.13001e-08,-9.21625e-07,8.97613e-06,0.236966,0.134713,1.75904,0
10,16,4,10.0,-1.39446e-07,-9.42166e-07,9.16474e-06,0.236965,0.134713,1.75903,0
11,16,4,10.0,-1.20937e-07,-9.41369e-07,9.28978e-06,0.236965,0.134713,1.75903,0
12,16,4,10.0,-1.18387e-07,-9.29699e-07,9.35998e-06,0.236965,0.134714,1.75903,0
13,16,4,10.0,-1.25911e-07,-8.83826e-07,9.22579e-06,0.238372,0.134755,1.76893,0
14,16,4,10.0,-1.40798e-07,-1.16137e-06,9.00178e-06,0.237617,0.134726,1.76371,0
15,16,4,10.0,-1.31238e-07,-1.03191e-06,8.64992e-06,0.237267,0.134716,1.76124,0
16,16,4,10.0,-1.28103e-07,-9.56113e-07,8.20002e-06,0.237105,0.134713,1.76007,0
17,16,4,10.0,-1.21464e-07,-9.47155e-07,7.6739e-06,0.23703,0.134713,1.75952,0
18,16,4,10.0,-7.96594e-08,-9.77782e-07,7.08892e-06,0.236995,0.134713,1.75926,0
19,16,4,10.0,-5.01275e-08,-1.06773e-06,6.44542e-06,0.236979,0.134713,1.75914,0
20,16,4,10.0,-5.76647e-08,-1.23107e-06,5.74112e-06,0.236971,0.134713,1.75908,0
21,16,4,10.0,-3.15867e-08,-1.45183e-06,4.96951e-06,0.236968,0.134713,1.75905,0
22,16,4,10.0,-2.76322e-08,-1.77961e-06,4.11967e-06,0.236966,0.134713,1.75904,0
23,16,4,10.0,-3.25701e-08,-2.23422e-06,3.16522e-06,0.236965,0.134713,1.75903,0
0,17,4,10.0,3.99813e-08,-1.1256e-06,6.63232e-06,0.238403,0.134759,1.7691,0
1,17,4,10.0,2.50198e-08,3.21461e-06,6.48139e-06,0.237646,0.13473,1.76387,0
2,17,4,10.0,6.85747e-08,1.91294e-06,6.62193e-06,0.237298,0.13472,1.76141,0
3,17,4,10.0,1.85129e-08,9.82138e-07,6.89155e-06,0.237138,0.134718,1.76026,0
4,17,4,10.0,6.27387e-08,2.45622e-07,7.2445e-06,0.237064,0.134717,1.75971,0
5,17,4,10.0,5.37533e-09,-2.88684e-07,7.62936e-06,0.23703,0.134717,1.75946,0
6,17,4,10.0,-2.14145e-08,-6.67892e-07,8.03684e-06,0.237014,0.134718,1.75934,0
7,17,4,10.0,-4.95644e-08,-9.1557e-07,8.43747e-06,0.237007,0.134718,1.75928,0
8,17,4,10.0,-7.05646e-08,-1.08256e-06,8.79296e-06,0.237004,0.134718,1.75926,0
9,17,4,10.0,-2.00705e-07,-1.14592e-06,9.05374e-06,0.237002,0.134718,1.75924,0
10,17,4,10.0,-1.34553e-07,-1.1222e-06,9.2366e-06,0.237001,0.134718,1.75924,0
11,17,4,10.0,-1.15608e-07,-1.11339e-06,9.37827e-06,0.237001,0.134718,1.75923,0
12,17,4,10.0,-2.09824e-07,-1.09238e-06,9.45298e-06,0.237001,0.134718,1.75923,0
13,17,4,10.0,-1.76903e-07,-1.03008e-06,9.34811e-06,0.238382,0.134756,1.76899,0
14,17,4,10.0,-1.72962e-07,-1.36265e-06,9.12592e-06,0.237637,0.134729,1.76382,0
15,17,4,10.0,-1.79839e-07,-1.21348e-06,8.76284e-06,0.237294,0.13472,1.76139,0
16,17,4,10.0,-1.70663e-07,-1.08007e-06,8.29517e-06,0.237125,0.134716,1.76019,0
17,17,4,10.0,-1.29341e-07,-1.08694e-06,7.76431e-06,0.238382,0.134756,1.76899,0
18,17,4,10.0,-9.89966e-08,-2.75779e-07,7.18437e-06,0.237637,0.134729,1.76382,0
19,17,4,10.0,-9.52919e-08,-4.91512e-07,6.53638e-06,0.237294,0.13472,1.76139,0
20,17,4,10.0,-6.47684e-08,-7.25798e-07,5.82092e-06,0.237136,0.134717,1.76024,0
21,17,4,10.0,-5.66111e-08,-1.03519e-06,5.04331e-06,0.237063,0.134717,1.75971,0
22,17,4,10.0,-5.72788e-08,-1.42923e-06,4.18327e-06,0.237029,0.134717,1.75946,0
23,17,4,10.0,-4.98333e-08,-1.96325e-06,3.21784e-06,0.237014,0.134718,1.75934,0
0,18,4,10.0,-7.83412e-09,-1.23939e-06,6.57637e-06,0.238393,0.134758,1.76905,0
1,18,4,10.0,6.28811e-08,3.50529e-06,6.45767e-06,0.237627,0.134727,1.76376,0
2,18,4,10.0,3.38263e-08,2.10725e-06,6.61416e-06,0.237272,0.134717,1.76126,0
3,18,4,10.0,7.6711e-08,1.07061e-06,6.89115e-06,0.237107,0.134714,1.76008,0
4,18,4,10.0,2.22254e-08,3.03028e-07,7.23184e-06,0.237031,0.134713,1.75953,0
5,18,4,10.0,8.1247e-10,-2.41338e-07,7.59987e-06,0.236996,0.134713,1.75926,0
6,18,4,10.0,-2.95368e-08,-6.01753e-07,7.97577e-06,0.236979,0.134713,1.75914,0
7,18,4,10.0,-7.78687e-08,-8.62262e-07,8.34249e-06,0.236972,0.134713,1.75908,0
8,18,4,10.0,-1.74081e-07,-1.02698e-06,8.65431e-06,0.236968,0.134713,1.75905,0
9,18,4,10.0,-1.80485e-07,-1.06018e-06,8.8845e-06,0.236967,0.134714,1.75904,0
10,18,4,10.0,-1.07745e-07,-1.00892e-06,9.08462e-06,0.236966,0.134714,1.75903,0
11,18,4,10.0,-2.34284e-07,-1.00621e-06,9.22478e-06,0.236966,0.134714,1.75903,0
12,18,4,10.0,-2.00979e-07,-9.48946e-07,9.29956e-06,0.236965,0.134714,1.75903,0
13,18,4,10.0,-2.25048e-07,-9.28082e-07,9.22031e-06,0.238372,0.134755,1.76893,0
14,18,4,10.0,-2.06444e-07,-1.27428e-06,9.01338e-06,0.237617,0.134726,1.76371,0
15,18,4,10.0,-1.75328e-07,-1.15496e-06,8.65116e-06,0.237268,0.134716,1.76124,0
16,18,4,10.0,-1.70763e-07,-1.0505e-06,8.17831e-06,0.237095,0.134712,1.76001,0
17,18,4,10.0,-1.43109e-07,-1.10447e-06,7.65062e-06,0.238372,0.134755,1.76893,0
18,18,4,10.0,-1.2591e-07,-3.57238e-07,7.0782e-06,0.237617,0.134726,1.76371,0
19,18,4,10.0,-1.28139e-07,-5.98132e-07,6.4287e-06,0.237268,0.134716,1.76124,0
20,18,4,10.0,-1.05681e-07,-8.55556e-07,5.72471e-06,0.237105,0.134713,1.76007,0
21,18,4,10.0,-1.05347e-07,-1.17311e-06,4.953e-06,0.23703,0.134713,1.75952,0
22,18,4,10.0,-9.1692e-08,-1.58267e-06,4.10646e-06,0.236995,0.134713,1.75926,0
23,18,4,10.0,-7.70166e-08,-2.13892e-06,3.16172e-06,0.236979,0.134713,1.75914,0
0,19,4,10.0,-1.14295e-08,-1.32281e-06,6.3488e-06,0.238393,0.134758,1.76905,0
1,19,4,10.0,8.3307e-08,3.68944e-06,6.30325e-06,0.237627,0.134727,1.76376,0
2,19,4,10.0,8.66253e-08,2.17334e-06,6.46755e-06,0.237272,0.134717,1.76126,0
3,19,4,10.0,3.96055e-08,1.07778e-06,6.74048e-06,0.237107,0.134714,1.76008,0
4,19,4,10.0,9.26396e-09,2.78478e-07,7.06975e-06,0.237031,0.134713,1.75953,0
5,19,4,10.0,-1.26003e-08,-2.75949e-07,7.41689e-06,0.236995,0.134713,1.75926,0
6,19,4,10.0,-3.41879e-08,-6.54269e-07,7.77264e-06,0.236979,0.134713,1.75914,0
7,19,4,10.0,-1.03899e-07,-9.04098e-07,8.08519e-06,0.236971,0.134713,1.75908,0
8,19,4,10.0,-1.81372e-07,-1.05622e-06,8.35452e-06,0.236968,0.134713,1.75905,0
9,19,4,10.0,-7.32721e-08,-1.08081e-06,8.5783e-06,0.236966,0.134713,1.75904,0
10,19,4,10.0,-1.85537e-07,-1.05247e-06,8.76451e-06,0.236965,0.134713,1.75903,0
11,19,4,10.0,-1.63859e-07,-9.85987e-07,8.89125e-06,0.236965,0.134713,1.75903,0
12,19,4,10.0,-1.89148e-07,-9.56111e-07,8.97102e-06,0.236965,0.134714,1.75903,0
13,19,4,10.0,-1.81206e-07,-9.24464e-07,8.89289e-06,0.238372,0.134755,1.76893,0
14,19,4,10.0,-2.2892e-07,-1.27559e-06,8.69211e-06,0.237617,0.134726,1.76371,0
15,19,4,10.0,-2.00319e-07,-1.16982e-06,8.34445e-06,0.237267,0.134716,1.76124,0
16,19,4,10.0,-1.89089e-07,-1.05516e-06,7.88174e-06,0.237094,0.134712,1.76001,0
17,19,4,10.0,-1.74426e-07,-1.13962e-06,7.36162e-06,0.238372,0.134755,1.76893,0
18,19,4,10.0,-1.16891e-07,-3.92522e-07,6.79842e-06,0.237617,0.134726,1.76371,0
19,19,4,10.0,-7.82193e-08,-6.59806e-07,6.16703e-06,0.237267,0.134716,1.76124,0
20,19,4,10.0,-8.60911e-08,-9.35162e-07,5.47856e-06,0.237105,0.134713,1.76007,0
21,19,4,10.0,-6.09122e-08,-1.25745e-06,4.73191e-06,0.23703,0.134713,1.75952,0
22,19,4,10.0,-5.71139e-08,-1.68373e-06,3.91849e-06,0.236995,0.134713,1.75926,0
23,19,4,10.0,-7.64085e-08,-2.25322e-06,3.01431e-06,0.236979,0.134713,1.75914,0
0,20,4,10.0,8.98696e-08,-1.3777e-06,6.16447e-06,0.238393,0.134758,1.76905,0
1,20,4,10.0,9.7477e-08,3.83633e-06,6.04315e-06,0.237627,0.134727,1.76376,0
2,20,4,10.0,6.70554e-08,2.26381e-06,6.18546e-06,0.237272,0.134717,1.76126,0
3,20,4,10.0,1.01775e-08,1.09537e-06,6.45629e-06,0.237107,0.134714,1.76008,0
4,20,4,10.0,-2.06357e-08,2.30149e-07,6.77563e-06,0.237031,0.134713,1.75953,0
5,20,4,10.0,-5.14056e-08,-3.15973e-07,7.12786e-06,0.236995,0.134713,1.75926,0
6,20,4,10.0,-7.32561e-08,-6.63079e-07,7.46076e-06,0.236979,0.134713,1.75914,0
7,20,4,10.0,-1.22251e-07,-9.18543e-07,7.74965e-06,0.236971,0.134713,1.75908,0
8,20,4,10.0,-1.2929e-07,-1.05123e-06,7.98189e-06,0.236968,0.134713,1.75905,0
9,20,4,10.0,-1.58858e-07,-1.05541e-06,8.19964e-06,0.236966,0.134713,1.75904,0
10,20,4,10.0,-1.53081e-07,-9.92111e-07,8.34767e-06,0.236965,0.134713,1.75903,0
11,20,4,10.0,-1.63791e-07,-9.4081e-07,8.46477e-06,0.236965,0.134713,1.75903,0
12,20,4,10.0,-1.92324e-07,-9.24891e-07,8.52434e-06,0.236965,0.134714,1.75903,0
13,20,4,10.0,-1.80407e-07,-9.3086e-07,8.43513e-06,0.238372,0.134755,1.76893,0
14,20,4,10.0,-1.95638e-07,-1.29169e-06,8.23449e-06,0.237617,0.134726,1.76371,0
15,20,4,10.0,-2.05523e-07,-1.18082e-06,7.89637e-06,0.237267,0.134716,1.76124,0
16,20,4,10.0,-1.76983e-07,-1.05735e-06,7.45611e-06,0.237094,0.134712,1.76001,0
17,20,4,10.0,-1.45308e-07,-1.16096e-06,6.95448e-06,0.238372,0.134755,1.76893,0
18,20,4,10.0,-1.09366e-07,-4.5145e-07,6.40646e-06,0.237617,0.134726,1.76371,0
19,20,4,10.0,-1.13589e-07,-7.0966e-07,5.79949e-06,0.237267,0.134716,1.76124,0
20,20,4,10.0,-9.2792e-08,-9.83951e-07,5.13973e-06,0.237105,0.134713,1.76007,0
21,20,4,10.0,-9.04018e-08,-1.31217e-06,4.43085e-06,0.23703,0.134713,1.75952,0
22,20,4,10.0,-9.33495e-08,-1.74736e-06,3.6619e-06,0.236995,0.134713,1.75926,0
23,20,4,10.0,-1.0165e-07,-2.32221e-06,2.80959e-06,0.236979,0.134713,1.75914,0
0,21,4,10.0,-8.39923e-08,-1.37922e-06,5.86304e-06,0.238393,0.134758,1.76905,0
1,21,4,10.0,1.12552e-07,3.89322e-06,5.69644e-06,0.237627,0.134727,1.76376,0
2,21,4,10.0,2.26065e-08,2.29755e-06,5.83196e-06,0.237272,0.134717,1.76126,0
3,21,4,10.0,5.61074e-09,1.07249e-06,6.08138e-06,0.237107,0.134714,1.76008,0
4,21,4,10.0,-3.26807e-08,2.66617e-07,6.40955e-06,0.237031,0.134713,1.75953,0
5,21,4,10.0,-3.90242e-08,-2.53143e-07,6.75522e-06,0.236995,0.134713,1.75926,0
6,21,4,10.0,-1.26008e-07,-6.02584e-07,7.07652e-06,0.236979,0.134713,1.75914,0
7,21,4,10.0,-1.36833e-07,-8.29352e-07,7.34564e-06,0.236971,0.134713,1.75908,0
8,21,4,10.0,-1.05393e-07,-9.23601e-07,7.57344e-06,0.236968,0.134713,1.75905,0
9,21,4,10.0,-1.78516e-07,-9.0384e-07,7.74824e-06,0.236966,0.134713,1.75904,0
10,21,4,10.0,-1.37057e-07,-8.54089e-07,7.8778e-06,0.236965,0.134713,1.75903,0
11,21,4,10.0,-1.89309e-07,-8.38342e-07,7.96431e-06,0.236965,0.134713,1.75903,0
12,21,4,10.0,-1.63619e-07,-8.17215e-07,8.00123e-06,0.236965,0.134714,1.75903,0
13,21,4,10.0,-1.53964e-07,-8.86683e-07,7.87422e-06,0.238372,0.134755,1.76893,0
14,21,4,10.0,-1.90347e-07,-1.26025e-06,7.67948e-06,0.237617,0.134726,1.76371,0
15,21,4,10.0,-1.44492e-07,-1.13544e-06,7.3577e-06,0.237267,0.134716,1.76124,0
16,21,4,10.0,-1.52896e-07,-1.02879e-06,6.93917e-06,0.237094,0.134712,1.76001,0
17,21,4,10.0,-1.23623e-07,-1.11792e-06,6.46141e-06,0.238372,0.134755,1.76893,0
18,21,4,10.0,-8.27528e-08,-5.02586e-07,5.93301e-06,0.237617,0.134726,1.76371,0
19,21,4,10.0,-8.75069e-08,-7.42004e-07,5.35154e-06,0.237267,0.134716,1.76124,0
20,21,4,10.0,-8.98758e-08,-1.00024e-06,4.7315e-06,0.237105,0.134713,1.76007,0
21,21,4,10.0,-8.40758e-08,-1.33556e-06,4.06834e-06,0.23703,0.134713,1.75952,0
22,21,4,10.0,-9.53827e-08,-1.76444e-06,3.35314e-06,0.236995,0.134713,1.75926,0
23,21,4,10.0,-1.01009e-07,-2.33978e-06,2.56569e-06,0.236979,0.134713,1.75914,0
0,22,4,10.0,-6.27398e-08,-1.32649e-06,5.41398e-06,0.238393,0.134758,1.76905,0
1,22,4,10.0,5.11056e-08,3.82598e-06,5.33285e-06,0.237627,0.134727,1.76376,0
2,22,4,10.0,2.51502e-08,2.27652e-06,5.46597e-06,0.237272,0.134717,1.76126,0
3,22,4,10.0,2.61789e-09,1.15135e-06,5.71448e-06,0.237107,0.134714,1.76008,0
4,22,4,10.0,-5.35372e-08,3.73385e-07,6.02723e-06,0.237031,0.134713,1.75953,0
5,22,4,10.0,-1.11833e-07,-1.30349e-07,6.36321e-06,0.236995,0.134713,1.75926,0
6,22,4,10.0,-1.07942e-07,-4.53715e-07,6.67196e-06,0.236979,0.134713,1.75914,0
7,22,4,10.0,-1.1002e-07,-6.56761e-07,6.93662e-06,0.236971,0.134713,1.75908,0
8,22,4,10.0,-1.52634e-07,-7.31749e-07,7.14864e-06,0.236968,0.134713,1.75905,0
9,22,4,10.0,-1.66819e-07,-7.11438e-07,7.29527e-06,0.236966,0.134713,1.75904,0
10,22,4,10.0,-1.6973e-07,-6.72876e-07,7.39875e-06,0.236965,0.134713,1.75903,0
11,22,4,10.0,-1.4091e-07,-6.73883e-07,7.45453e-06,0.236965,0.134713,1.75903,0
12,22,4,10.0,-1.91344e-07,-6.6856e-07,7.46899e-06,0.236965,0.134714,1.75903,0
13,22,4,10.0,-1.27076e-07,-8.32765e-07,7.28503e-06,0.238372,0.134755,1.76893,0
14,22,4,10.0,-1.8655e-07,-1.16428e-06,7.08938e-06,0.237617,0.134726,1.76371,0
15,22,4,10.0,-1.63254e-07,-1.06238e-06,6.7884e-06,0.237267,0.134716,1.76124,0
16,22,4,10.0,-1.47851e-07,-9.47097e-07,6.38784e-06,0.237094,0.134712,1.76001,0
17,22,4,10.0,-1.32224e-07,-1.04556e-06,5.93127e-06,0.238372,0.134755,1.76893,0
18,22,4,10.0,-8.56336e-08,-5.54531e-07,5.41612e-06,0.237617,0.134726,1.76371,0
19,22,4,10.0,-6.63616e-08,-7.5756e-07,4.87016e-06,0.237267,0.134716,1.76124,0
20,22,4,10.0,-6.69612e-08,-1.00827e-06,4.29561e-06,0.237105,0.134713,1.76007,0
21,22,4,10.0,-6.94371e-08,-1.32851e-06,3.68722e-06,0.23703,0.134713,1.75952,0
22,22,4,10.0,-7.24281e-08,-1.75524e-06,3.03151e-06,0.236995,0.134713,1.75926,0
23,22,4,10.0,-9.25351e-08,-2.31965e-06,2.31061e-06,0.236979,0.134713,1.75914,0
0,23,4,10.0,-5.51235e-08,-1.23788e-06,5.08276e-06,0.238393,0.134758,1.76905,0
1,23,4,10.0,6.30031e-08,3.78819e-06,5.02052e-06,0.237627,0.134727,1.76376,0
2,23,4,10.0,-3.19818e-10,2.31308e-06,5.15639e-06,0.237272,0.134717,1.76126,0
3,23,4,10.0,-4.38858e-08,1.24389e-06,5.39879e-06,0.237107,0.134714,1.76008,0
4,23,4,10.0,-7.71159e-08,5.01839e-07,5.69645e-06,0.237031,0.134713,1.75953,0
5,23,4,10.0,-1.11131e-07,1.89473e-08,6.01161e-06,0.236995,0.134713,1.75926,0
6,23,4,10.0,-1.41773e-07,-2.86297e-07,6.30985e-06,0.236979,0.134713,1.75914,0
7,23,4,10.0,-1.53213e-07,-4.58859e-07,6.56387e-06,0.236971,0.134713,1.75908,0
8,23,4,10.0,-1.69699e-07,-5.18012e-07,6.7571e-06,0.236968,0.134713,1.75905,0
9,23,4,10.0,-1.47177e-07,-5.0208e-07,6.88607e-06,0.236966,0.134713,1.75904,0
10,23,4,10.0,-1.54855e-07,-4.98424e-07,6.96961e-06,0.236965,0.134713,1.75903,0
11,23,4,10.0,-1.74851e-07,-5.07585e-07,6.99972e-06,0.236965,0.134713,1.75903,0
12,23,4,10.0,-1.41721e-07,-5.31905e-07,6.97818e-06,0.236965,0.134714,1.75903,0
13,23,4,10.0,-1.52501e-07,-7.15628e-07,6.76362e-06,0.238372,0.134755,1.76893,0
14,23,4,10.0,-1.69193e-07,-1.05725e-06,6.55935e-06,0.237617,0.134726,1.76371,0
15,23,4,10.0,-1.53153e-07,-9.58502e-07,6.2627e-06,0.237267,0.134716,1.76124,0
16,23,4,10.0,-1.2888e-07,-8.58829e-07,5.88178e-06,0.237094,0.134712,1.76001,0
17,23,4,10.0,-1.17226e-07,-9.45953e-07,5.44049e-06,0.238372,0.134755,1.76893,0
18,23,4,10.0,-1.07879e-07,-5.31105e-07,4.94355e-06,0.237617,0.134726,1.76371,0
19,23,4,10.0,-9.23904e-08,-7.18952e-07,4.4324e-06,0.237267,0.134716,1.76124,0
20,23,4,10.0,-8.67247e-08,-9.57976e-07,3.90292e-06,0.237105,0.134713,1.76007,0
21,23,4,10.0,-8.7492e-08,-1.27606e-06,3.34438e-06,0.23703,0.134713,1.75952,0
22,23,4,10.0,-9.14032e-08,-1.69416e-06,2.74428e-06,0.236995,0.134713,1.75926,0
23,23,4,10.0,-9.84918e-08,-2.25138e-06,2.08269e-06,0.236979,0.134713,1.75914,0
0,0,5,10.0,-1.78973e-09,-4.98988e-07,1.83471e-06,0.238384,0.134764,1.7689,0
1,0,5,10.0,-1.54286e-08,5.14193e-07,1.88719e-06,0.237609,0.134736,1.76352,0
2,0,5,10.0,-1.74504e-08,-1.79901e-08,1.80342e-06,0.237248,0.134726,1.76097,0
3,0,5,10.0,-1.92629e-08,-4.24136e-07,1.64988e-06,0.23708,0.134723,1.75976,0
4,0,5,10.0,-2.38294e-08,-7.29873e-07,1.45932e-06,0.237001,0.134722,1.75919,0
5,0,5,10.0,-2.23262e-08,-9.78332e-07,1.24296e-06,0.236964,0.134722,1.75892,0
6,0,5,10.0,-2.67892e-08,-1.16258e-06,1.02428e-06,0.236947,0.134722,1.75879,0
7,0,5,10.0,-2.75394e-08,-1.30636e-06,8.10934e-07,0.236939,0.134722,1.75873,0
8,0,5,10.0,-2.91413e-08,-1.39822e-06,6.10278e-07,0.236936,0.134722,1.7587,0
9,0,5,10.0,-2.39372e-08,-1.47405e-06,4.29511e-07,0.236934,0.134722,1.75868,0
10,0,5,10.0,-3.18567e-08,-1.53005e-06,2.6073e-07,0.236933,0.134722,1.75868,0
11,0,5,10.0,-5.80322e-08,-1.59331e-06,9.62448e-08,0.236933,0.134722,1.75868,0
12,0,5,10.0,-7.9055e-09,-1.6647e-06,-6.82277e-08,0.236933,0.134722,1.75867,0
13,0,5,10.0,-2.9502e-08,-1.65805e-06,-2.90017e-07,0.238363,0.134761,1.76878,0
14,0,5,10.0,-8.29009e-09,-1.70801e-06,-3.64234e-07,0.2376,0.134734,1.76347,0
15,0,5,10.0,-1.32078e-08,-1.56315e-06,-3.88413e-07,0.237244,0.134725,1.76095,0
16,0,5,10.0,-2.18632e-08,-1.4057e-06,-3.89919e-07,0.237077,0.134722,1.75975,0
17,0,5,10.0,-2.50552e-08,-1.28697e-06,-3.89251e-07,0.237,0.134722,1.75918,0
18,0,5,10.0,-2.01293e-08,-1.18667e-06,-3.99809e-07,0.236964,0.134722,1.75892,0
19,0,5,10.0,-1.14096e-08,-1.12986e-06,-4.28637e-07,0.236947,0.134722,1.75879,0
20,0,5,10.0,-1.26159e-08,-1.09061e-06,-4.6186e-07,0.236939,0.134722,1.75873,0
21,0,5,10.0,-1.28331e-08,-1.09237e-06,-4.92211e-07,0.236936,0.134722,1.7587,0
22,0,5,10.0,-8.18408e-09,-1.13134e-06,-5.0683e-07,0.236934,0.134722,1.75869,0
23,0,5,10.0,-4.20937e-09,-1.23046e-06,-4.85924e-07,0.236933,0.134722,1.75868,0
0,1,5,10.0,-2.04481e-09,-3.62711e-07,1.90899e-06,0.238395,0.134765,1.76896,0
1,1,5,10.0,-3.74612e-08,1.36376e-06,1.94568e-06,0.23763,0.134738,1.76364,0
2,1,5,10.0,-4.16249e-08,9.19949e-07,1.87176e-06,0.237275,0.134729,1.76113,0
3,1,5,10.0,-4.771e-08,5.96399e-07,1.73719e-06,0.237111,0.134726,1.75995,0
4,1,5,10.0,-5.71157e-08,3.61626e-07,1.56709e-06,0.237035,0.134726,1.75939,0
5,1,5,10.0,-6.19066e-08,1.86044e-07,1.37544e-06,0.237,0.134726,1.75912,0
6,1,5,10.0,-6.92321e-08,5.37397e-08,1.17975e-06,0.236983,0.134726,1.759,0
7,1,5,10.0,-7.18107e-08,-4.52599e-08,9.87859e-07,0.236976,0.134726,1.75894,0
8,1,5,10.0,-7.73459e-08,-1.04122e-07,8.08994e-07,0.236972,0.134726,1.75891,0
9,1,5,10.0,-9.12557e-08,-1.49991e-07,6.44429e-07,0.236971,0.134727,1.7589,0
10,1,5,10.0,-8.9328e-08,-1.93729e-07,4.87846e-07,0.23697,0.134727,1.7589,0
11,1,5,10.0,-1.07533e-07,-2.5523e-07,3.33972e-07,0.23697,0.134727,1.75889,0
12,1,5,10.0,-8.73212e-08,-3.10889e-07,1.94353e-07,0.236969,0.134727,1.75889,0
13,1,5,10.0,-8.98285e-08,-3.76067e-07,-2.82002e-08,0.238374,0.134762,1.76884,0
14,1,5,10.0,-5.98644e-08,-5.39442e-07,-1.02087e-07,0.23762,0.134737,1.76358,0
15,1,5,10.0,-6.8519e-08,-4.48632e-07,-1.44083e-07,0.237271,0.134728,1.7611,0
16,1,5,10.0,-6.35704e-08,-3.95493e-07,-1.70579e-07,0.237109,0.134726,1.75993,0
17,1,5,10.0,-7.14015e-08,-3.623e-07,-1.94428e-07,0.237034,0.134726,1.75938,0
18,1,5,10.0,-6.34306e-08,-3.68432e-07,-2.24142e-07,0.236999,0.134726,1.75912,0
19,1,5,10.0,-4.84099e-08,-4.06206e-07,-2.64171e-07,0.236983,0.134726,1.759,0
20,1,5,10.0,-3.83775e-08,-4.88163e-07,-3.10969e-07,0.236976,0.134726,1.75894,0
21,1,5,10.0,-3.53004e-08,-6.0586e-07,-3.55155e-07,0.236972,0.134726,1.75891,0
22,1,5,10.0,-2.55903e-08,-7.77495e-07,-3.84535e-07,0.236971,0.134727,1.7589,0
23,1,5,10.0,-1.74174e-08,-1.01862e-06,-3.82351e-07,0.23697,0.134727,1.7589,0
0,2,5,10.0,-4.52578e-09,-3.69557e-07,1.94877e-06,0.238395,0.134765,1.76896,0
1,2,5,10.0,-2.50696e-08,1.33026e-06,1.98598e-06,0.23763,0.134738,1.76364,0
2,2,5,10.0,-2.7665e-08,8.85393e-07,1.91982e-06,0.237275,0.134729,1.76113,0
3,2,5,10.0,-2.89276e-08,5.61302e-07,1.79946e-06,0.237111,0.134726,1.75995,0
4,2,5,10.0,-4.68568e-08,3.2471e-07,1.64535e-06,0.237035,0.134726,1.75939,0
5,2,5,10.0,-3.55436e-08,1.5075e-07,1.47861e-06,0.237,0.134726,1.75913,0
6,2,5,10.0,-4.86557e-08,1.83344e-08,1.30616e-06,0.236984,0.134726,1.759,0
7,2,5,10.0,-4.47911e-08,-7.92399e-08,1.13936e-06,0.236976,0.134726,1.75894,0
8,2,5,10.0,-5.66962e-08,-1.43961e-07,9.81946e-07,0.236973,0.134727,1.75892,0
9,2,5,10.0,-6.32441e-08,-1.93616e-07,8.35889e-07,0.236971,0.134727,1.7589,0
10,2,5,10.0,-7.15636e-08,-2.35795e-07,6.99191e-07,0.23697,0.134727,1.7589,0
11,2,5,10.0,-7.53401e-08,-2.9286e-07,5.66128e-07,0.23697,0.134727,1.75889,0
12,2,5,10.0,-7.19722e-08,-3.48651e-07,4.45249e-07,0.23697,0.134727,1.75889,0
13,2,5,10.0,-4.91323e-08,-3.94578e-07,2.49505e-07,0.238374,0.134762,1.76884,0
14,2,5,10.0,-4.66049e-08,-5.55142e-07,1.73918e-07,0.23762,0.134737,1.76358,0
15,2,5,10.0,-5.808e-08,-4.72824e-07,1.18352e-07,0.237271,0.134729,1.7611,0
16,2,5,10.0,-6.3393e-08,-4.17313e-07,7.30293e-08,0.237109,0.134726,1.75993,0
17,2,5,10.0,-5.71606e-08,-3.87678e-07,2.90292e-08,0.237034,0.134726,1.75938,0
18,2,5,10.0,-4.82921e-08,-3.92623e-07,-1.79154e-08,0.237,0.134726,1.75912,0
19,2,5,10.0,-4.32926e-08,-4.34057e-07,-7.15721e-08,0.236984,0.134726,1.759,0
20,2,5,10.0,-3.96927e-08,-5.10122e-07,-1.31376e-07,0.236976,0.134726,1.75894,0
21,2,5,10.0,-2.78706e-08,-6.25002e-07,-1.89733e-07,0.236973,0.134727,1.75892,0
22,2,5,10.0,-1.95236e-08,-7.90087e-07,-2.36406e-07,0.236971,0.134727,1.7589,0
23,2,5,10.0,-1.19546e-08,-1.02219e-06,-2.57699e-07,0.23697,0.134727,1.7589,0
0,3,5,10.0,6.10627e-09,-3.76556e-07,1.97395e-06,0.238395,0.134765,1.76896,0
1,3,5,10.0,-1.74785e-08,1.29555e-06,2.01484e-06,0.23763,0.134738,1.76364,0
2,3,5,10.0,-1.45298e-08,8.45744e-07,1.95621e-06,0.237275,0.134729,1.76113,0
3,3,5,10.0,-2.2683e-08,5.16028e-07,1.84788e-06,0.237111,0.134726,1.75995,0
4,3,5,10.0,-2.20339e-08,2.77092e-07,1.70931e-06,0.237035,0.134726,1.75939,0
5,3,5,10.0,-3.15506e-08,1.01561e-07,1.56282e-06,0.237,0.134726,1.75913,0
6,3,5,10.0,-3.24445e-08,-3.08957e-08,1.41233e-06,0.236984,0.134726,1.759,0
7,3,5,10.0,-4.38521e-08,-1.29265e-07,1.26699e-06,0.236976,0.134726,1.75894,0
8,3,5,10.0,-4.72369e-08,-1.99536e-07,1.13108e-06,0.236973,0.134727,1.75892,0
9,3,5,10.0,-5.37391e-08,-2.51411e-07,1.00339e-06,0.236971,0.134727,1.7589,0
10,3,5,10.0,-8.62855e-08,-3.01396e-07,8.85489e-07,0.23697,0.134727,1.7589,0
11,3,5,10.0,-7.71777e-08,-3.55845e-07,7.76698e-07,0.23697,0.134727,1.75889,0
12,3,5,10.0,-6.17238e-08,-3.93721e-07,6.79393e-07,0.23697,0.134727,1.75889,0
13,3,5,10.0,-5.66084e-08,-4.2316e-07,5.16457e-07,0.238374,0.134762,1.76884,0
14,3,5,10.0,-4.9729e-08,-5.68571e-07,4.41595e-07,0.23762,0.134737,1.76358,0
15,3,5,10.0,-6.06201e-08,-4.9385e-07,3.76512e-07,0.237271,0.134729,1.76111,0
16,3,5,10.0,-6.36266e-08,-4.38878e-07,3.16745e-07,0.237109,0.134726,1.75993,0
17,3,5,10.0,-5.8139e-08,-4.10934e-07,2.58416e-07,0.237034,0.134726,1.75938,0
18,3,5,10.0,-5.68404e-08,-4.15311e-07,1.96158e-07,0.237,0.134726,1.75912,0
19,3,5,10.0,-5.6712e-08,-4.56792e-07,1.2672e-07,0.236984,0.134726,1.759,0
20,3,5,10.0,-4.43791e-08,-5.29417e-07,5.31568e-08,0.236976,0.134726,1.75894,0
21,3,5,10.0,-3.54583e-08,-6.37592e-07,-1.96432e-08,0.236973,0.134727,1.75892,0
22,3,5,10.0,-2.98914e-08,-7.94436e-07,-8.52426e-08,0.236971,0.134727,1.7589,0
23,3,5,10.0,-1.8826e-08,-1.0138e-06,-1.30419e-07,0.23697,0.134727,1.7589,0
0,4,5,10.0,-3.54899e-09,-3.7276e-07,1.99678e-06,0.238395,0.134765,1.76896,0
1,4,5,10.0,-1.59937e-08,1.27573e-06,2.03668e-06,0.23763,0.134738,1.76364,0
2,4,5,10.0,-1.77831e-08,8.17529e-07,1.98393e-06,0.237275,0.134729,1.76113,0
3,4,5,10.0,-2.4914e-08,4.81768e-07,1.88503e-06,0.237111,0.134726,1.75995,0
4,4,5,10.0,-2.24831e-08,2.40583e-07,1.76405e-06,0.237035,0.134726,1.75939,0
5,4,5,10.0,-2.6929e-08,5.82685e-08,1.63467e-06,0.237,0.134726,1.75913,0
6,4,5,10.0,-3.04474e-08,-7.13514e-08,1.50508e-06,0.236984,0.134726,1.759,0
7,4,5,10.0,-3.08762e-08,-1.71592e-07,1.37813e-06,0.236976,0.134726,1.75894,0
8,4,5,10.0,-4.38261e-08,-2.47428e-07,1.25881e-06,0.236973,0.134727,1.75892,0
9,4,5,10.0,-6.20284e-08,-2.99464e-07,1.14616e-06,0.236971,0.134727,1.7589,0
10,4,5,10.0,-7.07242e-08,-3.69361e-07,1.04177e-06,0.23697,0.134727,1.7589,0
11,4,5,10.0,-7.79651e-08,-4.12186e-07,9.52905e-07,0.23697,0.134727,1.75889,0
12,4,5,10.0,-7.36641e-08,-4.42209e-07,8.74252e-07,0.23697,0.134727,1.75889,0
13,4,5,10.0,-6.79121e-08,-4.52076e-07,7.33651e-07,0.238374,0.134762,1.76884,0
14,4,5,10.0,-6.54074e-08,-5.86371e-07,6.62146e-07,0.23762,0.134737,1.76358,0
15,4,5,10.0,-7.18076e-08,-5.15246e-07,5.92009e-07,0.237271,0.134729,1.7611,0
16,4,5,10.0,-7.03704e-08,-4.60893e-07,5.23675e-07,0.237109,0.134726,1.75993,0
17,4,5,10.0,-6.99921e-08,-4.33043e-07,4.54448e-07,0.237034,0.134726,1.75938,0
18,4,5,10.0,-7.03314e-08,-4.43503e-07,3.78492e-07,0.237,0.134726,1.75912,0
19,4,5,10.0,-6.33004e-08,-4.81971e-07,2.95875e-07,0.236984,0.134726,1.759,0
20,4,5,10.0,-5.60089e-08,-5.48676e-07,2.09897e-07,0.236976,0.134726,1.75894,0
21,4,5,10.0,-4.95919e-08,-6.53597e-07,1.22894e-07,0.236973,0.134727,1.75892,0
22,4,5,10.0,-4.10524e-08,-8.02912e-07,4.08575e-08,0.236971,0.134727,1.7589,0
23,4,5,10.0,-2.90126e-08,-1.01152e-06,-2.38325e-08,0.23697,0.134727,1.7589,0
0,5,5,10.0,-4.3976e-09,-3.89483e-07,2.00345e-06,0.238395,0.134765,1.76896,0
1,5,5,10.0,-1.52852e-08,1.25604e-06,2.06151e-06,0.23763,0.134738,1.76364,0
2,5,5,10.0,-2.46801e-08,7.91731e-07,2.01387e-06,0.237275,0.134729,1.76113,0
3,5,5,10.0,-8.90779e-09,4.60597e-07,1.92986e-06,0.237111,0.134726,1.75995,0
4,5,5,10.0,-1.73111e-08,2.10993e-07,1.82855e-06,0.237035,0.134726,1.75939,0
5,5,5,10.0,-1.63999e-08,3.26098e-08,1.71937e-06,0.237,0.134726,1.75913,0
6,5,5,10.0,-2.76419e-08,-9.99229e-08,1.60802e-06,0.236984,0.134726,1.759,0
7,5,5,10.0,-3.10534e-08,-2.07537e-07,1.49741e-06,0.236976,0.134726,1.75894,0
8,5,5,10.0,-4.52801e-08,-2.70566e-07,1.39103e-06,0.236973,0.134727,1.75892,0
9,5,5,10.0,-5.09203e-08,-3.59641e-07,1.28735e-06,0.236971,0.134727,1.7589,0
10,5,5,10.0,-6.45099e-08,-4.15392e-07,1.19439e-06,0.23697,0.134727,1.7589,0
11,5,5,10.0,-7.70679e-08,-4.63935e-07,1.11166e-06,0.23697,0.134727,1.75889,0
12,5,5,10.0,-6.77595e-08,-4.81865e-07,1.04185e-06,0.23697,0.134727,1.75889,0
13,5,5,10.0,-7.02069e-08,-4.76285e-07,9.06595e-07,0.238374,0.134762,1.76884,0
14,5,5,10.0,-7.32679e-08,-6.0454e-07,8.33467e-07,0.23762,0.134737,1.76358,0
15,5,5,10.0,-7.51187e-08,-5.34206e-07,7.5889e-07,0.237271,0.134729,1.7611,0
16,5,5,10.0,-7.48437e-08,-4.81292e-07,6.837e-07,0.237109,0.134726,1.75993,0
17,5,5,10.0,-7.80547e-08,-4.58092e-07,6.04009e-07,0.237034,0.134726,1.75938,0
18,5,5,10.0,-7.53175e-08,-4.64034e-07,5.18105e-07,0.237,0.134726,1.75912,0
19,5,5,10.0,-6.87248e-08,-5.02875e-07,4.26221e-07,0.236984,0.134726,1.759,0
20,5,5,10.0,-6.4869e-08,-5.72054e-07,3.28669e-07,0.236976,0.134726,1.75894,0
21,5,5,10.0,-6.03378e-08,-6.71713e-07,2.2972e-07,0.236973,0.134727,1.75892,0
22,5,5,10.0,-4.91517e-08,-8.16893e-07,1.36498e-07,0.236971,0.134727,1.7589,0
23,5,5,10.0,-3.8427e-08,-1.01939e-06,5.77434e-08,0.23697,0.134727,1.7589,0
0,6,5,10.0,1.51568e-08,-3.89844e-07,2.05278e-06,0.238395,0.134765,1.76896,0
1,6,5,10.0,-7.38681e-09,1.2426e-06,2.10341e-06,0.23763,0.134738,1.76364,0
2,6,5,10.0,2.32716e-09,7.8575e-07,2.0663e-06,0.237275,0.134729,1.76113,0
3,6,5,10.0,-2.28557e-09,4.49923e-07,2.00054e-06,0.237111,0.134726,1.75995,0
4,6,5,10.0,-1.71386e-09,2.02579e-07,1.91746e-06,0.237035,0.134726,1.75939,0
5,6,5,10.0,-7.64254e-09,2.67505e-08,1.82817e-06,0.237,0.134726,1.75913,0
6,6,5,10.0,-1.68991e-08,-1.12346e-07,1.73097e-06,0.236984,0.134726,1.759,0
7,6,5,10.0,-2.01778e-08,-2.03138e-07,1.63347e-06,0.236976,0.134726,1.75894,0
8,6,5,10.0,-3.64051e-08,-2.95915e-07,1.53415e-06,0.236973,0.134727,1.75892,0
9,6,5,10.0,-4.27355e-08,-3.78888e-07,1.43911e-06,0.236971,0.134727,1.7589,0
10,6,5,10.0,-5.56954e-08,-4.42326e-07,1.35058e-06,0.23697,0.134727,1.7589,0
11,6,5,10.0,-5.6989e-08,-4.90037e-07,1.26832e-06,0.23697,0.134727,1.75889,0
12,6,5,10.0,-7.46074e-08,-5.0856e-07,1.19439e-06,0.23697,0.134727,1.75889,0
13,6,5,10.0,-7.35913e-08,-4.94035e-07,1.0485e-06,0.238374,0.134762,1.76884,0
14,6,5,10.0,-7.8657e-08,-6.22182e-07,9.68337e-07,0.23762,0.134737,1.76358,0
15,6,5,10.0,-7.99473e-08,-5.52781e-07,8.86441e-07,0.237271,0.134729,1.76111,0
16,6,5,10.0,-8.23156e-08,-4.99311e-07,8.0178e-07,0.237109,0.134726,1.75993,0
17,6,5,10.0,-8.11908e-08,-4.75967e-07,7.12624e-07,0.237034,0.134726,1.75938,0
18,6,5,10.0,-8.28837e-08,-4.85541e-07,6.16989e-07,0.237,0.134726,1.75912,0
19,6,5,10.0,-8.43192e-08,-5.23635e-07,5.16512e-07,0.236984,0.134726,1.759,0
20,6,5,10.0,-7.42482e-08,-5.9001e-07,4.11959e-07,0.236976,0.134726,1.75894,0
21,6,5,10.0,-6.3834e-08,-6.91276e-07,3.06487e-07,0.236973,0.134727,1.75892,0
22,6,5,10.0,-5.7925e-08,-8.36374e-07,2.06882e-07,0.236971,0.134727,1.7589,0
23,6,5,10.0,-4.94654e-08,-1.039e-06,1.18823e-07,0.23697,0.134727,1.7589,0
0,7,5,10.0,9.84331e-09,-3.90743e-07,2.11588e-06,0.238395,0.134765,1.76896,0
1,7,5,10.0,-5.95936e-09,1.24989e-06,2.14993e-06,0.23763,0.134738,1.76364,0
2,7,5,10.0,-1.52382e-09,7.92018e-07,2.12333e-06,0.237275,0.134729,1.76113,0
3,7,5,10.0,2.06544e-09,4.48437e-07,2.07457e-06,0.237111,0.134726,1.75995,0
4,7,5,10.0,1.97186e-09,1.94799e-07,2.01329e-06,0.237035,0.134726,1.75939,0
5,7,5,10.0,-2.62148e-09,1.10224e-08,1.94038e-06,0.237,0.134726,1.75913,0
6,7,5,10.0,-1.40987e-08,-1.2076e-07,1.85662e-06,0.236984,0.134726,1.759,0
7,7,5,10.0,-2.7305e-08,-2.19714e-07,1.76383e-06,0.236976,0.134726,1.75894,0
8,7,5,10.0,-4.2057e-08,-3.02092e-07,1.66586e-06,0.236973,0.134727,1.75892,0
9,7,5,10.0,-4.00637e-08,-3.80841e-07,1.57137e-06,0.236971,0.134727,1.7589,0
10,7,5,10.0,-7.76304e-08,-4.55422e-07,1.47624e-06,0.23697,0.134727,1.7589,0
11,7,5,10.0,-8.73834e-08,-5.0904e-07,1.38882e-06,0.23697,0.134727,1.75889,0
12,7,5,10.0,-7.69136e-08,-5.3154e-07,1.30805e-06,0.23697,0.134727,1.75889,0
13,7,5,10.0,-8.51459e-08,-5.09535e-07,1.14854e-06,0.238374,0.134762,1.76884,0
14,7,5,10.0,-9.41041e-08,-6.44179e-07,1.06202e-06,0.23762,0.134737,1.76358,0
15,7,5,10.0,-9.29658e-08,-5.69409e-07,9.71799e-07,0.237271,0.134729,1.76111,0
16,7,5,10.0,-9.32931e-08,-5.15728e-07,8.78099e-07,0.237109,0.134726,1.75993,0
17,7,5,10.0,-9.53818e-08,-4.94128e-07,7.77933e-07,0.237034,0.134726,1.75938,0
18,7,5,10.0,-9.57934e-08,-5.02763e-07,6.74054e-07,0.237,0.134726,1.75912,0
19,7,5,10.0,-9.23407e-08,-5.43465e-07,5.67185e-07,0.236984,0.134726,1.759,0
20,7,5,10.0,-8.4706e-08,-6.11331e-07,4.59992e-07,0.236976,0.134726,1.75894,0
21,7,5,10.0,-7.80607e-08,-7.15001e-07,3.5388e-07,0.236973,0.134727,1.75892,0
22,7,5,10.0,-7.19799e-08,-8.64581e-07,2.51534e-07,0.236971,0.134727,1.7589,0
23,7,5,10.0,-6.89556e-08,-1.07298e-06,1.58329e-07,0.23697,0.134727,1.7589,0
0,8,5,10.0,6.08335e-09,-3.96577e-07,2.14777e-06,0.238395,0.134765,1.76896,0
1,8,5,10.0,6.40251e-09,1.27317e-06,2.1747e-06,0.23763,0.134738,1.76364,0
2,8,5,10.0,8.97706e-09,8.06455e-07,2.15615e-06,0.237275,0.134729,1.76113,0
3,8,5,10.0,8.97803e-09,4.53639e-07,2.12383e-06,0.237111,0.134726,1.75995,0
4,8,5,10.0,5.82947e-09,1.91991e-07,2.08074e-06,0.237035,0.134726,1.75939,0
5,8,5,10.0,-4.75843e-09,2.67816e-09,2.0234e-06,0.237,0.134726,1.75913,0
6,8,5,10.0,-2.19834e-08,-1.31554e-07,1.94584e-06,0.236984,0.134726,1.759,0
7,8,5,10.0,-3.20579e-08,-2.31656e-07,1.85443e-06,0.236976,0.134726,1.75894,0
8,8,5,10.0,-3.31497e-08,-3.1377e-07,1.75146e-06,0.236973,0.134727,1.75892,0
9,8,5,10.0,-7.02999e-08,-4.03382e-07,1.64745e-06,0.236971,0.134727,1.7589,0
10,8,5,10.0,-7.3177e-08,-5.04815e-07,1.5422e-06,0.23697,0.134727,1.7589,0
11,8,5,10.0,-7.6967e-08,-5.70921e-07,1.44615e-06,0.23697,0.134727,1.75889,0
12,8,5,10.0,-9.73939e-08,-5.95963e-07,1.36368e-06,0.23697,0.134727,1.75889,0
13,8,5,10.0,-8.86274e-08,-5.74636e-07,1.20124e-06,0.238374,0.134762,1.76884,0
14,8,5,10.0,-9.68984e-08,-6.76807e-07,1.11121e-06,0.23762,0.134737,1.76358,0
15,8,5,10.0,-9.59561e-08,-5.94149e-07,1.01561e-06,0.237271,0.134729,1.7611,0
16,8,5,10.0,-9.61858e-08,-5.36788e-07,9.11774e-07,0.237109,0.134726,1.75993,0
17,8,5,10.0,-9.70696e-08,-5.12268e-07,8.03663e-07,0.237034,0.134726,1.75938,0
18,8,5,10.0,-9.77788e-08,-5.25506e-07,6.92428e-07,0.237,0.134726,1.75912,0
19,8,5,10.0,-9.43415e-08,-5.65181e-07,5.8325e-07,0.236984,0.134726,1.759,0
20,8,5,10.0,-8.92424e-08,-6.36335e-07,4.76764e-07,0.236976,0.134726,1.75894,0
21,8,5,10.0,-8.48034e-08,-7.44539e-07,3.71466e-07,0.236973,0.134727,1.75892,0
22,8,5,10.0,-8.52065e-08,-9.01067e-07,2.70152e-07,0.236971,0.134727,1.7589,0
23,8,5,10.0,-8.56873e-08,-1.12154e-06,1.74302e-07,0.23697,0.134727,1.7589,0
0,9,5,10.0,4.83275e-09,-4.16036e-07,2.1499e-06,0.238405,0.134766,1.76902,0
1,9,5,10.0,3.43043e-08,1.31917e-06,2.16718e-06,0.23765,0.134741,1.76376,0
2,9,5,10.0,2.78217e-08,8.24637e-07,2.15176e-06,0.237302,0.134732,1.76129,0
3,9,5,10.0,2.67467e-08,4.4898e-07,2.1306e-06,0.237142,0.13473,1.76013,0
4,9,5,10.0,1.4719e-08,1.7014e-07,2.10047e-06,0.237069,0.13473,1.75959,0
5,9,5,10.0,-8.20188e-09,-3.32899e-08,2.04963e-06,0.237035,0.13473,1.75933,0
6,9,5,10.0,-2.13462e-08,-1.78711e-07,1.97675e-06,0.237019,0.13473,1.75921,0
7,9,5,10.0,-3.47453e-08,-2.87001e-07,1.88564e-06,0.237012,0.134731,1.75916,0
8,9,5,10.0,-3.94203e-08,-3.57913e-07,1.78215e-06,0.236998,0.134729,1.75907,0
9,9,5,10.0,-6.59133e-08,-4.76066e-07,1.66357e-06,0.238384,0.134764,1.7689,0
10,9,5,10.0,-6.93165e-08,-1.0574e-06,1.54878e-06,0.23764,0.13474,1.7637,0
11,9,5,10.0,-8.22566e-08,-1.07277e-06,1.45137e-06,0.237298,0.134732,1.76126,0
12,9,5,10.0,-1.00229e-07,-1.0593e-06,1.36506e-06,0.23714,0.13473,1.76012,0
13,9,5,10.0,-9.11293e-08,-9.43677e-07,1.21061e-06,0.238384,0.134764,1.7689,0
14,9,5,10.0,-1.0727e-07,-1.23324e-06,1.11944e-06,0.23764,0.13474,1.7637,0
15,9,5,10.0,-1.07387e-07,-1.05688e-06,1.01564e-06,0.237298,0.134732,1.76126,0
16,9,5,10.0,-1.0479e-07,-9.23359e-07,9.05366e-07,0.23714,0.13473,1.76012,0
17,9,5,10.0,-1.00027e-07,-8.44762e-07,7.89219e-07,0.237068,0.13473,1.75958,0
18,9,5,10.0,-9.8182e-08,-8.04257e-07,6.76063e-07,0.237034,0.13473,1.75933,0
19,9,5,10.0,-9.7131e-08,-8.0867e-07,5.66348e-07,0.237019,0.13473,1.75921,0
20,9,5,10.0,-9.44948e-08,-8.47925e-07,4.61491e-07,0.237012,0.134731,1.75915,0
21,9,5,10.0,-9.33333e-08,-9.32328e-07,3.61103e-07,0.237009,0.134731,1.75913,0
22,9,5,10.0,-9.78098e-08,-1.07471e-06,2.6238e-07,0.237007,0.134731,1.75912,0
23,9,5,10.0,-1.00367e-07,-1.28588e-06,1.69602e-07,0.237007,0.134731,1.75911,0
0,10,5,10.0,-6.21974e-09,-4.42711e-07,2.10186e-06,0.238395,0.134765,1.76896,0
1,10,5,10.0,3.80255e-08,1.41387e-06,2.10885e-06,0.23763,0.134738,1.76364,0
2,10,5,10.0,5.44385e-08,8.90536e-07,2.10315e-06,0.237276,0.134729,1.76113,0
3,10,5,10.0,3.849e-08,4.95467e-07,2.09065e-06,0.237112,0.134726,1.75995,0
4,10,5,10.0,1.05196e-08,1.92762e-07,2.0646e-06,0.237036,0.134726,1.75939,0
5,10,5,10.0,-7.81093e-09,-8.91028e-09,2.02081e-06,0.237,0.134726,1.75913,0
6,10,5,10.0,-2.47693e-08,-1.53483e-07,1.95277e-06,0.236984,0.134726,1.759,0
7,10,5,10.0,-3.9037e-08,-2.64068e-07,1.86546e-06,0.236977,0.134726,1.75895,0
8,10,5,10.0,-5.32004e-08,-3.27314e-07,1.76495e-06,0.236963,0.134725,1.75886,0
9,10,5,10.0,-5.28097e-08,-4.39594e-07,1.64998e-06,0.238374,0.134762,1.76884,0
10,10,5,10.0,-9.55859e-08,-9.83503e-07,1.53603e-06,0.23762,0.134737,1.76359,0
11,10,5,10.0,-9.39448e-08,-1.00895e-06,1.44247e-06,0.237271,0.134729,1.76111,0
12,10,5,10.0,-8.54688e-08,-1.00427e-06,1.36086e-06,0.23711,0.134726,1.75994,0
13,10,5,10.0,-1.00786e-07,-9.18231e-07,1.20353e-06,0.238374,0.134762,1.76884,0
14,10,5,10.0,-1.06549e-07,-1.2972e-06,1.09944e-06,0.23762,0.134737,1.76359,0
15,10,5,10.0,-1.0708e-07,-1.1118e-06,9.82632e-07,0.237271,0.134729,1.76111,0
16,10,5,10.0,-9.65965e-08,-9.78556e-07,8.61373e-07,0.237109,0.134726,1.75994,0
17,10,5,10.0,-9.4569e-08,-8.98269e-07,7.39623e-07,0.237035,0.134726,1.75939,0
18,10,5,10.0,-9.8331e-08,-8.63198e-07,6.2257e-07,0.237,0.134726,1.75913,0
19,10,5,10.0,-9.34189e-08,-8.68021e-07,5.14741e-07,0.236984,0.134726,1.759,0
20,10,5,10.0,-9.44006e-08,-9.17566e-07,4.1445e-07,0.236976,0.134726,1.75894,0
21,10,5,10.0,-1.01293e-07,-1.01439e-06,3.19317e-07,0.236973,0.134727,1.75892,0
22,10,5,10.0,-1.05544e-07,-1.17055e-06,2.29918e-07,0.236972,0.134727,1.75891,0
23,10,5,10.0,-1.14495e-07,-1.40392e-06,1.46405e-07,0.236971,0.134727,1.7589,0
0,11,5,10.0,-7.57054e-09,-4.87716e-07,1.9848e-06,0.238395,0.134765,1.76896,0
1,11,5,10.0,9.70575e-08,1.53363e-06,1.98412e-06,0.23763,0.134738,1.76364,0
2,11,5,10.0,5.80561e-08,9.56329e-07,1.99449e-06,0.237275,0.134729,1.76113,0
3,11,5,10.0,3.85143e-08,5.17217e-07,1.99347e-06,0.237111,0.134726,1.75995,0
4,11,5,10.0,3.84997e-08,1.93886e-07,1.9771e-06,0.237035,0.134726,1.75939,0
5,11,5,10.0,-2.85981e-09,-3.04312e-08,1.94169e-06,0.237,0.134726,1.75913,0
6,11,5,10.0,-3.48487e-08,-1.77235e-07,1.87685e-06,0.236984,0.134726,1.759,0
7,11,5,10.0,-4.07788e-08,-2.76885e-07,1.79775e-06,0.236976,0.134726,1.75894,0
8,11,5,10.0,-5.90387e-08,-3.38671e-07,1.70395e-06,0.236962,0.134725,1.75886,0
9,11,5,10.0,-5.0691e-08,-4.63498e-07,1.59943e-06,0.238374,0.134762,1.76884,0
10,11,5,10.0,-8.41287e-08,-1.03332e-06,1.49143e-06,0.23762,0.134737,1.76358,0
11,11,5,10.0,-1.16388e-07,-1.05799e-06,1.40642e-06,0.237271,0.134729,1.7611,0
12,11,5,10.0,-1.08275e-07,-1.05508e-06,1.32996e-06,0.237109,0.134726,1.75994,0
13,11,5,10.0,-1.23767e-07,-9.66279e-07,1.15768e-06,0.238374,0.134762,1.76884,0
14,11,5,10.0,-1.19603e-07,-1.36737e-06,1.03854e-06,0.23762,0.134737,1.76358,0
15,11,5,10.0,-1.07157e-07,-1.16942e-06,9.0171e-07,0.237271,0.134729,1.76111,0
16,11,5,10.0,-1.03234e-07,-1.02841e-06,7.68196e-07,0.237109,0.134726,1.75993,0
17,11,5,10.0,-9.91744e-08,-9.51166e-07,6.38162e-07,0.237034,0.134726,1.75938,0
18,11,5,10.0,-8.95893e-08,-9.09639e-07,5.20455e-07,0.237,0.134726,1.75912,0
19,11,5,10.0,-9.57357e-08,-9.20023e-07,4.20437e-07,0.236984,0.134726,1.759,0
20,11,5,10.0,-9.8372e-08,-9.73851e-07,3.30014e-07,0.236976,0.134726,1.75894,0
21,11,5,10.0,-9.94859e-08,-1.0832e-06,2.47586e-07,0.236973,0.134727,1.75892,0
22,11,5,10.0,-1.1434e-07,-1.25633e-06,1.72723e-07,0.236971,0.134727,1.7589,0
23,11,5,10.0,-1.27333e-07,-1.50671e-06,1.04946e-07,0.23697,0.134727,1.7589,0
0,12,5,10.0,-7.36309e-09,-5.46413e-07,1.81782e-06,0.238395,0.134765,1.76896,0
1,12,5,10.0,1.57012e-07,1.69451e-06,1.79328e-06,0.23763,0.134738,1.76364,0
2,12,5,10.0,5.93256e-08,1.03943e-06,1.80039e-06,0.237275,0.134729,1.76113,0
3,12,5,10.0,8.02515e-08,5.4829e-07,1.83194e-06,0.237111,0.134726,1.75995,0
4,12,5,10.0,7.66021e-08,1.84424e-07,1.84249e-06,0.237035,0.134726,1.75939,0
5,12,5,10.0,-1.1852e-08,-6.56309e-08,1.79791e-06,0.237,0.134726,1.75913,0
6,12,5,10.0,-2.22445e-08,-1.8494e-07,1.73234e-06,0.236984,0.134726,1.759,0
7,12,5,10.0,-2.74747e-08,-3.00367e-07,1.66241e-06,0.236976,0.134726,1.75894,0
8,12,5,10.0,-5.93871e-08,-3.72767e-07,1.57132e-06,0.236962,0.134725,1.75886,0
9,12,5,10.0,-6.7981e-08,-5.01721e-07,1.4722e-06,0.238374,0.134762,1.76884,0
10,12,5,10.0,-9.44267e-08,-1.13084e-06,1.37687e-06,0.23762,0.134737,1.76358,0
11,12,5,10.0,-1.39941e-07,-1.14822e-06,1.28422e-06,0.237271,0.134729,1.7611,0
12,12,5,10.0,-1.27973e-07,-1.12506e-06,1.213e-06,0.237109,0.134726,1.75994,0
13,12,5,10.0,-1.79538e-07,-1.07327e-06,7.36858e-07,0.238384,0.134764,1.7689,0
14,12,5,10.0,-1.69489e-07,-1.56474e-06,5.88791e-07,0.23764,0.13474,1.7637,0
15,12,5,10.0,-1.70118e-07,-1.32406e-06,3.58497e-07,0.237298,0.134732,1.76126,0
16,12,5,10.0,-1.46835e-07,-1.16859e-06,2.24927e-07,0.23714,0.13473,1.76012,0
17,12,5,10.0,-8.06296e-08,-1.03627e-06,4.44243e-07,0.23702,0.134724,1.7593,0
18,12,5,10.0,-7.38823e-08,-9.99644e-07,3.37592e-07,0.236993,0.134725,1.75908,0
19,12,5,10.0,-9.33276e-08,-9.9958e-07,2.50848e-07,0.236981,0.134726,1.75898,0
20,12,5,10.0,-8.88381e-08,-1.06331e-06,1.85473e-07,0.236975,0.134726,1.75893,0
21,12,5,10.0,-9.19775e-08,-1.18179e-06,1.28404e-07,0.236972,0.134726,1.75891,0
22,12,5,10.0,-1.1728e-07,-1.36561e-06,7.37173e-08,0.236971,0.134727,1.7589,0
23,12,5,10.0,-1.34009e-07,-1.63916e-06,3.04988e-08,0.23697,0.134727,1.7589,0
0,13,5,10.0,-6.39949e-08,-7.01981e-07,1.0481e-06,0.238395,0.134765,1.76896,0
1,13,5,10.0,1.99286e-07,2.09929e-06,1.04286e-06,0.23763,0.134738,1.76364,0
2,13,5,10.0,1.64102e-07,1.28999e-06,1.07809e-06,0.237275,0.134729,1.76113,0
3,13,5,10.0,4.43276e-08,6.60775e-07,1.10015e-06,0.237112,0.134726,1.75995,0
4,13,5,10.0,-3.67699e-08,2.11807e-07,1.07046e-06,0.237035,0.134726,1.75939,0
5,13,5,10.0,-2.93669e-08,-6.92478e-08,1.01293e-06,0.237,0.134726,1.75913,0
6,13,5,10.0,-4.64589e-08,-2.66276e-07,9.52601e-07,0.236984,0.134726,1.759,0
7,13,5,10.0,-8.68169e-08,-4.1294e-07,8.8287e-07,0.236976,0.134726,1.75894,0
8,13,5,10.0,-8.85097e-08,-5.06437e-07,8.09459e-07,0.236973,0.134727,1.75892,0
9,13,5,10.0,-1.10879e-07,-6.33216e-07,7.14283e-07,0.23698,0.134728,1.75896,0
10,13,5,10.0,-1.31166e-07,-7.12969e-07,6.0236e-07,0.236979,0.134728,1.75895,0
11,13,5,10.0,-1.33192e-07,-7.52598e-07,5.17485e-07,0.236976,0.134727,1.75893,0
12,13,5,10.0,-1.767e-07,-7.87116e-07,4.39786e-07,0.236974,0.134727,1.75892,0
13,13,5,10.0,-1.84945e-07,-7.73643e-07,2.54863e-07,0.238374,0.134762,1.76884,0
14,13,5,10.0,-2.09204e-07,-1.01651e-06,1.43019e-07,0.23762,0.134737,1.76359,0
15,13,5,10.0,-2.34974e-07,-8.90422e-07,1.79957e-08,0.237271,0.134729,1.76111,0
16,13,5,10.0,-2.18832e-07,-8.12191e-07,-8.47588e-08,0.237109,0.134726,1.75994,0
17,13,5,10.0,-2.15337e-07,-7.9877e-07,-1.73065e-07,0.237035,0.134726,1.75939,0
18,13,5,10.0,-2.00239e-07,-8.1038e-07,-2.3815e-07,0.237,0.134726,1.75912,0
19,13,5,10.0,-1.82804e-07,-8.75133e-07,-2.69026e-07,0.236984,0.134726,1.759,0
20,13,5,10.0,-1.94502e-07,-1.00282e-06,-2.81183e-07,0.236976,0.134726,1.75894,0
21,13,5,10.0,-2.08508e-07,-1.18048e-06,-2.8359e-07,0.236973,0.134727,1.75892,0
22,13,5,10.0,-2.13728e-07,-1.44014e-06,-2.66751e-07,0.236971,0.134727,1.7589,0
23,13,5,10.0,-2.26684e-07,-1.79258e-06,-2.24373e-07,0.23697,0.134727,1.7589,0
0,14,5,10.0,-6.32438e-08,-7.84011e-07,5.21302e-07,0.238395,0.134765,1.76896,0
1,14,5,10.0,2.98474e-07,2.35932e-06,5.2016e-07,0.23763,0.134738,1.76364,0
2,14,5,10.0,1.61796e-07,1.46995e-06,5.17373e-07,0.237275,0.134729,1.76113,0
3,14,5,10.0,6.56515e-08,7.62149e-07,4.79113e-07,0.237111,0.134726,1.75995,0
4,14,5,10.0,1.67153e-08,2.5919e-07,4.06327e-07,0.237035,0.134726,1.75939,0
5,14,5,10.0,-1.96345e-08,-9.04531e-08,3.28554e-07,0.237,0.134726,1.75913,0
6,14,5,10.0,-5.17448e-08,-3.16851e-07,2.53468e-07,0.236984,0.134726,1.759,0
7,14,5,10.0,-6.04882e-08,-4.95837e-07,1.82689e-07,0.236976,0.134726,1.75894,0
8,14,5,10.0,-1.11171e-07,-6.30012e-07,1.05029e-07,0.236973,0.134727,1.75892,0
9,14,5,10.0,-1.17496e-07,-7.22134e-07,1.21545e-08,0.236971,0.134727,1.7589,0
10,14,5,10.0,-1.28396e-07,-7.78214e-07,-9.04762e-08,0.23697,0.134727,1.7589,0
11,14,5,10.0,-1.6995e-07,-8.18495e-07,-1.7817e-07,0.23697,0.134727,1.7589,0
12,14,5,10.0,-1.63972e-07,-8.39459e-07,-2.57801e-07,0.23697,0.134727,1.75889,0
13,14,5,10.0,-1.90291e-07,-8.1272e-07,-4.06334e-07,0.238374,0.134762,1.76884,0
14,14,5,10.0,-2.03106e-07,-1.0536e-06,-4.81262e-07,0.23762,0.134737,1.76358,0
15,14,5,10.0,-1.88047e-07,-9.17784e-07,-5.50394e-07,0.237271,0.134729,1.76111,0
16,14,5,10.0,-1.86748e-07,-8.43732e-07,-6.07892e-07,0.237109,0.134726,1.75993,0
17,14,5,10.0,-1.80316e-07,-8.22205e-07,-6.49719e-07,0.237034,0.134726,1.75938,0
18,14,5,10.0,-1.53696e-07,-8.49498e-07,-6.7099e-07,0.237,0.134726,1.75912,0
19,14,5,10.0,-1.58235e-07,-9.29352e-07,-6.66525e-07,0.236984,0.134726,1.759,0
20,14,5,10.0,-1.71327e-07,-1.06598e-06,-6.45606e-07,0.236976,0.134726,1.75894,0
21,14,5,10.0,-1.80474e-07,-1.26667e-06,-6.0508e-07,0.236973,0.134727,1.75892,0
22,14,5,10.0,-1.96462e-07,-1.54896e-06,-5.34905e-07,0.236971,0.134727,1.7589,0
23,14,5,10.0,-2.2058e-07,-1.94584e-06,-4.28681e-07,0.23697,0.134727,1.7589,0
0,15,5,10.0,-8.48534e-08,-8.83968e-07,-1.20115e-07,0.238395,0.134765,1.76896,0
1,15,5,10.0,2.92786e-07,2.64411e-06,-9.45286e-08,0.23763,0.134738,1.76364,0
2,15,5,10.0,1.56446e-07,1.63266e-06,-1.44708e-07,0.237275,0.134729,1.76113,0
3,15,5,10.0,8.03207e-08,8.62217e-07,-2.3533e-07,0.237111,0.134726,1.75995,0
4,15,5,10.0,2.80452e-08,3.02815e-07,-3.64003e-07,0.237035,0.134726,1.75939,0
5,15,5,10.0,-2.69318e-08,-9.72829e-08,-4.93282e-07,0.237,0.134726,1.75913,0
6,15,5,10.0,-8.83675e-08,-3.84418e-07,-6.10228e-07,0.236984,0.134726,1.759,0
7,15,5,10.0,-1.19977e-07,-5.98177e-07,-7.04456e-07,0.236976,0.134726,1.75894,0
8,15,5,10.0,-1.15326e-07,-7.44717e-07,-7.97166e-07,0.236973,0.134727,1.75892,0
9,15,5,10.0,-1.68104e-07,-8.19183e-07,-9.00118e-07,0.236971,0.134727,1.7589,0
10,15,5,10.0,-1.96147e-07,-8.64677e-07,-1.00332e-06,0.23697,0.134727,1.7589,0
11,15,5,10.0,-1.71775e-07,-8.84858e-07,-1.08202e-06,0.23697,0.134727,1.75889,0
12,15,5,10.0,-1.98664e-07,-8.90353e-07,-1.13726e-06,0.23697,0.134727,1.75889,0
13,15,5,10.0,-1.93329e-07,-8.66955e-07,-1.2219e-06,0.238374,0.134762,1.76884,0
14,15,5,10.0,-2.19157e-07,-1.13256e-06,-1.25469e-06,0.23762,0.134737,1.76358,0
15,15,5,10.0,-2.21167e-07,-9.9225e-07,-1.27494e-06,0.237271,0.134729,1.7611,0
16,15,5,10.0,-2.00194e-07,-9.04943e-07,-1.27756e-06,0.237109,0.134726,1.75993,0
17,15,5,10.0,-1.88098e-07,-8.93856e-07,-1.26564e-06,0.237034,0.134726,1.75938,0
18,15,5,10.0,-1.73093e-07,-9.27714e-07,-1.23166e-06,0.237,0.134726,1.75912,0
19,15,5,10.0,-1.70572e-07,-1.02369e-06,-1.17867e-06,0.236984,0.134726,1.759,0
20,15,5,10.0,-1.85294e-07,-1.17161e-06,-1.10741e-06,0.236976,0.134726,1.75894,0
21,15,5,10.0,-1.87093e-07,-1.3903e-06,-1.00963e-06,0.236973,0.134727,1.75892,0
22,15,5,10.0,-2.06452e-07,-1.69976e-06,-8.75553e-07,0.236971,0.134727,1.7589,0
23,15,5,10.0,-2.33576e-07,-2.13359e-06,-6.95359e-07,0.23697,0.134727,1.7589,0
0,16,5,10.0,-7.33517e-08,-9.88582e-07,-8.32157e-07,0.238395,0.134765,1.76896,0
1,16,5,10.0,2.9888e-07,2.95507e-06,-7.7922e-07,0.23763,0.134738,1.76364,0
2,16,5,10.0,2.46688e-07,1.78044e-06,-8.58989e-07,0.237275,0.134729,1.76113,0
3,16,5,10.0,9.43335e-08,9.77622e-07,-1.01419e-06,0.237111,0.134726,1.75995,0
4,16,5,10.0,2.98791e-08,3.15977e-07,-1.21561e-06,0.237035,0.134726,1.75939,0
5,16,5,10.0,-4.1224e-08,-1.40316e-07,-1.41894e-06,0.237,0.134726,1.75913,0
6,16,5,10.0,-3.32567e-08,-4.79131e-07,-1.59501e-06,0.236984,0.134726,1.759,0
7,16,5,10.0,-7.8189e-08,-7.16452e-07,-1.74059e-06,0.236976,0.134726,1.75894,0
8,16,5,10.0,-1.65712e-07,-8.70193e-07,-1.86822e-06,0.236973,0.134727,1.75892,0
9,16,5,10.0,-2.02481e-07,-9.46874e-07,-2.00257e-06,0.236971,0.134727,1.7589,0
10,16,5,10.0,-1.3128e-07,-9.32681e-07,-2.09267e-06,0.23697,0.134727,1.7589,0
11,16,5,10.0,-1.7211e-07,-9.63466e-07,-2.14443e-06,0.23697,0.134727,1.75889,0
12,16,5,10.0,-1.93218e-07,-9.67217e-07,-2.17467e-06,0.23697,0.134727,1.75889,0
13,16,5,10.0,-1.9899e-07,-9.30133e-07,-2.16335e-06,0.238374,0.134762,1.76884,0
14,16,5,10.0,-2.1377e-07,-1.20883e-06,-2.14789e-06,0.23762,0.134737,1.76358,0
15,16,5,10.0,-1.99443e-07,-1.06094e-06,-2.11608e-06,0.237271,0.134729,1.7611,0
16,16,5,10.0,-1.93655e-07,-9.76018e-07,-2.06039e-06,0.237109,0.134726,1.75993,0
17,16,5,10.0,-1.70069e-07,-9.58418e-07,-1.97828e-06,0.237034,0.134726,1.75938,0
18,16,5,10.0,-1.79782e-07,-9.88726e-07,-1.8917e-06,0.237,0.134726,1.75912,0
19,16,5,10.0,-2.00223e-07,-1.08478e-06,-1.7737e-06,0.236984,0.134726,1.759,0
20,16,5,10.0,-1.85335e-07,-1.24035e-06,-1.63787e-06,0.236976,0.134726,1.75894,0
21,16,5,10.0,-2.08755e-07,-1.46785e-06,-1.47379e-06,0.236973,0.134727,1.75892,0
22,16,5,10.0,-2.22698e-07,-1.79779e-06,-1.26869e-06,0.236971,0.134727,1.7589,0
23,16,5,10.0,-2.40188e-07,-2.26175e-06,-1.00497e-06,0.23697,0.134727,1.7589,0
0,17,5,10.0,-1.00757e-07,-1.12923e-06,-1.6126e-06,0.238405,0.134766,1.76902,0
1,17,5,10.0,3.24514e-07,3.21473e-06,-1.50668e-06,0.23765,0.134741,1.76376,0
2,17,5,10.0,1.72188e-07,1.95315e-06,-1.60928e-06,0.237302,0.134732,1.76129,0
3,17,5,10.0,1.10221e-07,9.67322e-07,-1.8309e-06,0.237142,0.13473,1.76013,0
4,17,5,10.0,2.61895e-08,2.51974e-07,-2.1107e-06,0.237069,0.13473,1.75959,0
5,17,5,10.0,-4.23494e-09,-2.61127e-07,-2.40178e-06,0.237035,0.13473,1.75933,0
6,17,5,10.0,-6.85701e-08,-6.20399e-07,-2.65645e-06,0.237019,0.13473,1.75921,0
7,17,5,10.0,-1.45367e-07,-9.03142e-07,-2.87129e-06,0.237012,0.134731,1.75916,0
8,17,5,10.0,-2.17884e-07,-1.09336e-06,-3.06743e-06,0.237009,0.134731,1.75913,0
9,17,5,10.0,-1.40805e-07,-1.12965e-06,-3.21294e-06,0.237007,0.134731,1.75912,0
10,17,5,10.0,-1.92039e-07,-1.13542e-06,-3.29219e-06,0.237007,0.134731,1.75911,0
11,17,5,10.0,-2.42801e-07,-1.10685e-06,-3.326e-06,0.237006,0.134731,1.75911,0
12,17,5,10.0,-1.68749e-07,-1.10815e-06,-3.31271e-06,0.237006,0.134731,1.75911,0
13,17,5,10.0,-2.09661e-07,-1.08173e-06,-3.20076e-06,0.238384,0.134764,1.7689,0
14,17,5,10.0,-2.31519e-07,-1.41246e-06,-3.12395e-06,0.23764,0.13474,1.7637,0
15,17,5,10.0,-1.97571e-07,-1.23743e-06,-3.03034e-06,0.237298,0.134732,1.76126,0
16,17,5,10.0,-1.97597e-07,-1.09614e-06,-2.91429e-06,0.23713,0.134729,1.76006,0
17,17,5,10.0,-2.19824e-07,-1.0899e-06,-2.75454e-06,0.238384,0.134764,1.7689,0
18,17,5,10.0,-1.19835e-07,-3.42062e-07,-2.55585e-06,0.23764,0.13474,1.7637,0
19,17,5,10.0,-1.34707e-07,-5.33127e-07,-2.3669e-06,0.237298,0.134732,1.76126,0
20,17,5,10.0,-1.6177e-07,-7.67881e-07,-2.16098e-06,0.23714,0.13473,1.76012,0
21,17,5,10.0,-1.66443e-07,-1.07128e-06,-1.93282e-06,0.237068,0.13473,1.75958,0
22,17,5,10.0,-1.72083e-07,-1.46387e-06,-1.65245e-06,0.237034,0.13473,1.75933,0
23,17,5,10.0,-1.98741e-07,-2.00691e-06,-1.30244e-06,0.237019,0.13473,1.75921,0
0,18,5,10.0,-5.75044e-08,-1.20811e-06,-2.35511e-06,0.238395,0.134765,1.76896,0
1,18,5,10.0,2.8349e-07,3.50796e-06,-2.24793e-06,0.23763,0.134738,1.76364,0
2,18,5,10.0,1.8e-07,2.05584e-06,-2.38413e-06,0.237276,0.134729,1.76113,0
3,18,5,10.0,6.27275e-08,1.04719e-06,-2.65773e-06,0.237112,0.134726,1.75995,0
4,18,5,10.0,2.9908e-08,3.18107e-07,-3.00833e-06,0.237036,0.134726,1.75939,0
5,18,5,10.0,-1.97428e-08,-2.12012e-07,-3.37838e-06,0.237,0.134726,1.75913,0
6,18,5,10.0,-9.63631e-08,-6.02251e-07,-3.71821e-06,0.236984,0.134726,1.759,0
7,18,5,10.0,-1.74558e-07,-8.66143e-07,-4.02071e-06,0.236977,0.134726,1.75895,0
8,18,5,10.0,-1.66751e-07,-1.02266e-06,-4.26219e-06,0.236973,0.134727,1.75892,0
9,18,5,10.0,-1.76963e-07,-1.04402e-06,-4.41159e-06,0.236971,0.134727,1.75891,0
10,18,5,10.0,-2.74182e-07,-1.06457e-06,-4.50251e-06,0.236971,0.134727,1.7589,0
11,18,5,10.0,-1.59405e-07,-9.87668e-07,-4.50844e-06,0.23697,0.134727,1.7589,0
12,18,5,10.0,-1.94375e-07,-9.92366e-07,-4.44647e-06,0.23697,0.134727,1.7589,0
13,18,5,10.0,-1.90179e-07,-9.84666e-07,-4.24654e-06,0.238374,0.134762,1.76884,0
14,18,5,10.0,-2.43857e-07,-1.32442e-06,-4.12299e-06,0.23762,0.134737,1.76359,0
15,18,5,10.0,-2.42889e-07,-1.20686e-06,-3.97636e-06,0.237271,0.134729,1.76111,0
16,18,5,10.0,-2.25807e-07,-1.04878e-06,-3.79815e-06,0.237099,0.134725,1.75988,0
17,18,5,10.0,-2.34679e-07,-1.1129e-06,-3.57025e-06,0.238374,0.134762,1.76884,0
18,18,5,10.0,-1.4795e-07,-4.05847e-07,-3.2594e-06,0.23762,0.134737,1.76359,0
19,18,5,10.0,-1.4974e-07,-6.36433e-07,-2.99061e-06,0.237271,0.134729,1.76111,0
20,18,5,10.0,-1.63819e-07,-8.91894e-07,-2.72308e-06,0.237109,0.134726,1.75994,0
21,18,5,10.0,-1.52749e-07,-1.19336e-06,-2.41969e-06,0.237035,0.134726,1.75939,0
22,18,5,10.0,-1.61029e-07,-1.61423e-06,-2.05745e-06,0.237,0.134726,1.75913,0
23,18,5,10.0,-1.86696e-07,-2.17031e-06,-1.61628e-06,0.236984,0.134726,1.759,0
0,19,5,10.0,-9.3322e-08,-1.32443e-06,-3.08082e-06,0.238395,0.134765,1.76896,0
1,19,5,10.0,2.71842e-07,3.6894e-06,-2.95834e-06,0.23763,0.134738,1.76364,0
2,19,5,10.0,1.21973e-07,2.18084e-06,-3.11919e-06,0.237275,0.134729,1.76113,0
3,19,5,10.0,4.34741e-08,1.08826e-06,-3.43976e-06,0.237111,0.134726,1.75995,0
4,19,5,10.0,1.02411e-08,3.02908e-07,-3.84125e-06,0.237035,0.134726,1.75939,0
5,19,5,10.0,-2.73864e-08,-2.17488e-07,-4.25316e-06,0.237,0.134726,1.75913,0
6,19,5,10.0,-8.96608e-08,-6.28473e-07,-4.65095e-06,0.236984,0.134726,1.759,0
7,19,5,10.0,-1.24419e-07,-8.9464e-07,-4.99275e-06,0.236976,0.134726,1.75894,0
8,19,5,10.0,-1.07764e-07,-1.04168e-06,-5.25813e-06,0.236973,0.134727,1.75892,0
9,19,5,10.0,-2.30695e-07,-1.0865e-06,-5.42864e-06,0.236971,0.134727,1.7589,0
10,19,5,10.0,-1.19694e-07,-1.02322e-06,-5.50372e-06,0.23697,0.134727,1.7589,0
11,19,5,10.0,-1.60976e-07,-9.98887e-07,-5.4846e-06,0.23697,0.134727,1.75889,0
12,19,5,10.0,-1.47692e-07,-9.79761e-07,-5.41498e-06,0.23697,0.134727,1.75889,0
13,19,5,10.0,-1.74886e-07,-9.78927e-07,-5.1694e-06,0.238374,0.134762,1.76884,0
14,19,5,10.0,-2.09225e-07,-1.33251e-06,-5.01715e-06,0.23762,0.134737,1.76358,0
15,19,5,10.0,-1.92852e-07,-1.20002e-06,-4.83392e-06,0.237271,0.134729,1.76111,0
16,19,5,10.0,-1.88387e-07,-1.06688e-06,-4.60943e-06,0.237099,0.134725,1.75987,0
17,19,5,10.0,-1.45074e-07,-1.13834e-06,-4.32185e-06,0.238374,0.134762,1.76884,0
18,19,5,10.0,-1.59349e-07,-4.45762e-07,-3.95122e-06,0.23762,0.134737,1.76358,0
19,19,5,10.0,-1.78995e-07,-6.84806e-07,-3.62729e-06,0.237271,0.134729,1.76111,0
20,19,5,10.0,-1.56578e-07,-9.49411e-07,-3.2939e-06,0.237109,0.134726,1.75993,0
21,19,5,10.0,-1.59298e-07,-1.26969e-06,-2.9188e-06,0.237034,0.134726,1.75938,0
22,19,5,10.0,-1.70409e-07,-1.69427e-06,-2.47596e-06,0.237,0.134726,1.75912,0
23,19,5,10.0,-1.66681e-07,-2.26922e-06,-1.93966e-06,0.236984,0.134726,1.759,0
0,20,5,10.0,-9.3577e-08,-1.38689e-06,-3.85507e-06,0.238395,0.134765,1.76896,0
1,20,5,10.0,1.90126e-07,3.84791e-06,-3.57206e-06,0.23763,0.134738,1.76364,0
2,20,5,10.0,3.78414e-08,2.28074e-06,-3.75623e-06,0.237275,0.134729,1.76113,0
3,20,5,10.0,3.5254e-08,1.11285e-06,-4.09698e-06,0.237111,0.134726,1.75995,0
4,20,5,10.0,-1.45122e-08,3.12296e-07,-4.50634e-06,0.237035,0.134726,1.75939,0
5,20,5,10.0,-3.8548e-08,-2.79882e-07,-4.91553e-06,0.237,0.134726,1.75913,0
6,20,5,10.0,-7.4459e-08,-6.88637e-07,-5.30798e-06,0.236984,0.134726,1.759,0
7,20,5,10.0,-6.88267e-08,-9.17203e-07,-5.6451e-06,0.236976,0.134726,1.75894,0
8,20,5,10.0,-1.06499e-07,-1.05283e-06,-5.8986e-06,0.236973,0.134727,1.75892,0
9,20,5,10.0,-9.43788e-08,-1.05353e-06,-6.07616e-06,0.236971,0.134727,1.7589,0
10,20,5,10.0,-1.33702e-07,-9.89422e-07,-6.13544e-06,0.23697,0.134727,1.7589,0
11,20,5,10.0,-1.30317e-07,-9.87217e-07,-6.14253e-06,0.23697,0.134727,1.75889,0
12,20,5,10.0,-1.32558e-07,-9.41429e-07,-6.08461e-06,0.23697,0.134727,1.75889,0
13,20,5,10.0,-1.35168e-07,-9.85926e-07,-5.85778e-06,0.238374,0.134762,1.76884,0
14,20,5,10.0,-2.02194e-07,-1.33652e-06,-5.70276e-06,0.23762,0.134737,1.76358,0
15,20,5,10.0,-1.71266e-07,-1.20154e-06,-5.50235e-06,0.237271,0.134729,1.7611,0
16,20,5,10.0,-1.6045e-07,-1.08307e-06,-5.25788e-06,0.237099,0.134725,1.75987,0
17,20,5,10.0,-1.6503e-07,-1.16324e-06,-4.9446e-06,0.238374,0.134762,1.76884,0
18,20,5,10.0,-1.58058e-07,-4.81488e-07,-4.5533e-06,0.23762,0.134737,1.76358,0
19,20,5,10.0,-1.32936e-07,-7.34371e-07,-4.19173e-06,0.237271,0.134729,1.7611,0
20,20,5,10.0,-1.35249e-07,-9.97224e-07,-3.80517e-06,0.237109,0.134726,1.75993,0
21,20,5,10.0,-1.22937e-07,-1.32515e-06,-3.36633e-06,0.237034,0.134726,1.75938,0
22,20,5,10.0,-1.20324e-07,-1.75228e-06,-2.85112e-06,0.237,0.134726,1.75912,0
23,20,5,10.0,-1.32698e-07,-2.33116e-06,-2.22987e-06,0.236984,0.134726,1.759,0
0,21,5,10.0,8.38619e-08,-1.32918e-06,-4.18169e-06,0.238395,0.134765,1.76896,0
1,21,5,10.0,7.06482e-08,3.88823e-06,-3.99138e-06,0.23763,0.134738,1.76364,0
2,21,5,10.0,9.91047e-08,2.30019e-06,-4.17377e-06,0.237275,0.134729,1.76113,0
3,21,5,10.0,3.71871e-08,1.14439e-06,-4.5085e-06,0.237111,0.134726,1.75995,0
4,21,5,10.0,9.64953e-10,2.79177e-07,-4.88114e-06,0.237035,0.134726,1.75939,0
5,21,5,10.0,-2.3876e-08,-2.69226e-07,-5.24387e-06,0.237,0.134726,1.75913,0
6,21,5,10.0,1.52558e-08,-6.14574e-07,-5.58144e-06,0.236984,0.134726,1.759,0
7,21,5,10.0,3.38086e-09,-8.43063e-07,-5.87583e-06,0.236976,0.134726,1.75894,0
8,21,5,10.0,-4.63312e-08,-9.54565e-07,-6.1166e-06,0.236973,0.134727,1.75892,0
9,21,5,10.0,7.33106e-09,-9.24114e-07,-6.2748e-06,0.236971,0.134727,1.7589,0
10,21,5,10.0,-5.16073e-08,-8.9127e-07,-6.36668e-06,0.23697,0.134727,1.7589,0
11,21,5,10.0,-2.99567e-08,-8.37351e-07,-6.39816e-06,0.23697,0.134727,1.75889,0
12,21,5,10.0,-6.94282e-08,-8.4584e-07,-6.38633e-06,0.23697,0.134727,1.75889,0
13,21,5,10.0,-9.11509e-08,-9.24977e-07,-6.24688e-06,0.238374,0.134762,1.76884,0
14,21,5,10.0,-1.51252e-07,-1.28667e-06,-6.12904e-06,0.23762,0.134737,1.76358,0
15,21,5,10.0,-1.4086e-07,-1.1897e-06,-5.94013e-06,0.237271,0.134729,1.76111,0
16,21,5,10.0,-1.21989e-07,-1.03745e-06,-5.70157e-06,0.237099,0.134725,1.75987,0
17,21,5,10.0,-1.09543e-07,-1.14542e-06,-5.39772e-06,0.238374,0.134762,1.76884,0
18,21,5,10.0,-1.57943e-07,-5.36512e-07,-5.01456e-06,0.23762,0.134737,1.76358,0
19,21,5,10.0,-1.09154e-07,-7.58167e-07,-4.62383e-06,0.237271,0.134729,1.76111,0
20,21,5,10.0,-8.27768e-08,-1.01673e-06,-4.1945e-06,0.237109,0.134726,1.75993,0
21,21,5,10.0,-7.70696e-08,-1.33637e-06,-3.70188e-06,0.237034,0.134726,1.75938,0
22,21,5,10.0,-7.5749e-08,-1.76845e-06,-3.12589e-06,0.237,0.134726,1.75912,0
23,21,5,10.0,-9.34533e-08,-2.34832e-06,-2.44403e-06,0.236984,0.134726,1.759,0
0,22,5,10.0,7.05334e-09,-1.3185e-06,-4.2922e-06,0.238395,0.134765,1.76896,0
1,22,5,10.0,8.44393e-08,3.83899e-06,-4.19561e-06,0.23763,0.134738,1.76364,0
2,22,5,10.0,4.70948e-08,2.29374e-06,-4.3529e-06,0.237275,0.134729,1.76113,0
3,22,5,10.0,3.60561e-08,1.1707e-06,-4.63113e-06,0.237111,0.134726,1.75995,0
4,22,5,10.0,6.48313e-08,3.88184e-07,-4.93952e-06,0.237035,0.134726,1.75939,0
5,22,5,10.0,7.18102e-08,-1.32368e-07,-5.23649e-06,0.237,0.134726,1.75913,0
6,22,5,10.0,3.23638e-08,-4.70262e-07,-5.50966e-06,0.236984,0.134726,1.759,0
7,22,5,10.0,2.42909e-08,-6.79178e-07,-5.75885e-06,0.236976,0.134726,1.75894,0
8,22,5,10.0,5.86284e-08,-7.55911e-07,-5.96999e-06,0.236973,0.134727,1.75892,0
9,22,5,10.0,5.6149e-08,-7.38683e-07,-6.12647e-06,0.236971,0.134727,1.7589,0
10,22,5,10.0,2.67907e-08,-6.92885e-07,-6.25183e-06,0.23697,0.134727,1.7589,0
11,22,5,10.0,-2.43228e-08,-6.97399e-07,-6.33615e-06,0.23697,0.134727,1.75889,0
12,22,5,10.0,-4.42317e-09,-6.88347e-07,-6.38172e-06,0.23697,0.134727,1.75889,0
13,22,5,10.0,-4.48892e-08,-8.48145e-07,-6.37441e-06,0.238374,0.134762,1.76884,0
14,22,5,10.0,-6.86409e-08,-1.20146e-06,-6.29598e-06,0.23762,0.134737,1.76358,0
15,22,5,10.0,-7.02349e-08,-1.09378e-06,-6.13937e-06,0.237271,0.134729,1.76111,0
16,22,5,10.0,-4.98564e-08,-9.71977e-07,-5.92255e-06,0.237099,0.134725,1.75987,0
17,22,5,10.0,-3.11615e-08,-1.06482e-06,-5.64459e-06,0.238374,0.134762,1.76884,0
18,22,5,10.0,-9.80613e-08,-5.64145e-07,-5.30086e-06,0.23762,0.134737,1.76358,0
19,22,5,10.0,-7.11178e-08,-7.64544e-07,-4.89867e-06,0.237271,0.134729,1.76111,0
20,22,5,10.0,-5.19536e-08,-1.00998e-06,-4.43667e-06,0.237109,0.134726,1.75993,0
21,22,5,10.0,-4.87854e-08,-1.32883e-06,-3.9045e-06,0.237034,0.134726,1.75938,0
22,22,5,10.0,-5.56876e-08,-1.75378e-06,-3.28743e-06,0.237,0.134726,1.75912,0
23,22,5,10.0,-5.55999e-08,-2.32011e-06,-2.56253e-06,0.236984,0.134726,1.759,0
0,23,5,10.0,3.47054e-08,-1.23214e-06,-4.34968e-06,0.238395,0.134765,1.76896,0
1,23,5,10.0,4.0164e-08,3.81387e-06,-4.22738e-06,0.23763,0.134738,1.76364,0
2,23,5,10.0,7.05008e-08,2.33986e-06,-4.34897e-06,0.237275,0.134729,1.76113,0
3,23,5,10.0,8.98369e-08,1.2673e-06,-4.56044e-06,0.237111,0.134726,1.75995,0
4,23,5,10.0,8.5805e-08,5.1532e-07,-4.80052e-06,0.237035,0.134726,1.75939,0
5,23,5,10.0,6.65115e-08,1.61816e-08,-5.04156e-06,0.237,0.134726,1.75913,0
6,23,5,10.0,6.03535e-08,-3.03978e-07,-5.27259e-06,0.236984,0.134726,1.759,0
7,23,5,10.0,6.68953e-08,-4.89282e-07,-5.48334e-06,0.236976,0.134726,1.75894,0
8,23,5,10.0,8.54462e-08,-5.54486e-07,-5.67175e-06,0.236973,0.134727,1.75892,0
9,23,5,10.0,5.29677e-08,-5.22135e-07,-5.84266e-06,0.236971,0.134727,1.7589,0
10,23,5,10.0,4.37147e-08,-5.43201e-07,-6.00896e-06,0.23697,0.134727,1.7589,0
11,23,5,10.0,4.59514e-08,-5.20654e-07,-6.14335e-06,0.23697,0.134727,1.75889,0
12,23,5,10.0,2.50448e-08,-5.45695e-07,-6.24046e-06,0.23697,0.134727,1.75889,0
13,23,5,10.0,5.43614e-09,-7.23652e-07,-6.34351e-06,0.238374,0.134762,1.76884,0
14,23,5,10.0,-1.21659e-08,-1.08315e-06,-6.30658e-06,0.23762,0.134737,1.76358,0
15,23,5,10.0,-1.00109e-08,-9.87881e-07,-6.18291e-06,0.237271,0.134729,1.7611,0
16,23,5,10.0,-5.37491e-09,-8.85642e-07,-5.99016e-06,0.237099,0.134725,1.75987,0
17,23,5,10.0,7.27411e-09,-9.6468e-07,-5.73747e-06,0.238374,0.134762,1.76884,0
18,23,5,10.0,-3.91349e-08,-5.2758e-07,-5.4256e-06,0.23762,0.134737,1.76358,0
19,23,5,10.0,-1.78555e-08,-7.16005e-07,-5.02578e-06,0.237271,0.134729,1.7611,0
20,23,5,10.0,-1.18618e-08,-9.56402e-07,-4.5477e-06,0.237109,0.134726,1.75993,0
21,23,5,10.0,-1.36093e-08,-1.27449e-06,-3.99251e-06,0.237034,0.134726,1.75938,0
22,23,5,10.0,-1.61097e-08,-1.69337e-06,-3.34897e-06,0.237,0.134726,1.75912,0
23,23,5,10.0,-1.82178e-08,-2.25218e-06,-2.59655e-06,0.236984,0.134726,1.759,0
0,0,6,10.0,-4.28621e-09,-4.53042e-07,-1.19113e-06,0.238381,0.134752,1.76904,0
1,0,6,10.0,-3.22508e-08,4.7108e-07,-1.06825e-06,0.237604,0.134718,1.76371,0
2,0,6,10.0,-3.58309e-08,-1.29105e-08,-1.24384e-06,0.237241,0.134706,1.76117,0
3,0,6,10.0,-4.02058e-08,-3.74642e-07,-1.56663e-06,0.237071,0.134702,1.75997,0
4,0,6,10.0,-4.71494e-08,-6.52043e-07,-1.97413e-06,0.236992,0.134701,1.75939,0
5,0,6,10.0,-4.82984e-08,-8.66094e-07,-2.43088e-06,0.236955,0.134701,1.75912,0
6,0,6,10.0,-5.25329e-08,-1.03228e-06,-2.89841e-06,0.236938,0.134701,1.75899,0
7,0,6,10.0,-5.30873e-08,-1.1574e-06,-3.35338e-06,0.23693,0.134701,1.75893,0
8,0,6,10.0,-5.3334e-08,-1.24618e-06,-3.77477e-06,0.236926,0.134701,1.7589,0
9,0,6,10.0,-6.30537e-08,-1.3021e-06,-4.15593e-06,0.236924,0.134702,1.75889,0
10,0,6,10.0,-6.0165e-08,-1.36142e-06,-4.50505e-06,0.236924,0.134702,1.75888,0
11,0,6,10.0,-3.74767e-08,-1.43361e-06,-4.83376e-06,0.236923,0.134702,1.75888,0
12,0,6,10.0,-6.88504e-08,-1.46363e-06,-5.11164e-06,0.236923,0.134702,1.75887,0
13,0,6,10.0,-5.20504e-08,-1.48315e-06,-5.4512e-06,0.23836,0.134748,1.76893,0
14,0,6,10.0,-4.54593e-08,-1.53058e-06,-5.48749e-06,0.237594,0.134717,1.76366,0
15,0,6,10.0,-5.30971e-08,-1.37714e-06,-5.39873e-06,0.237236,0.134705,1.76115,0
16,0,6,10.0,-5.18026e-08,-1.27572e-06,-5.22743e-06,0.237069,0.134702,1.75996,0
17,0,6,10.0,-3.52035e-08,-1.16468e-06,-5.00184e-06,0.236991,0.134701,1.75939,0
18,0,6,10.0,-2.95658e-08,-1.08871e-06,-4.7315e-06,0.236955,0.134701,1.75912,0
19,0,6,10.0,-3.40551e-08,-1.021e-06,-4.42391e-06,0.236938,0.134701,1.75899,0
20,0,6,10.0,-3.04065e-08,-9.98304e-07,-4.07304e-06,0.23693,0.134701,1.75893,0
21,0,6,10.0,-1.7181e-08,-9.96638e-07,-3.66302e-06,0.236926,0.134701,1.7589,0
22,0,6,10.0,-1.30094e-08,-1.03371e-06,-3.16501e-06,0.236925,0.134702,1.75889,0
23,0,6,10.0,-1.29061e-08,-1.11846e-06,-2.54777e-06,0.236924,0.134702,1.75888,0
0,1,6,10.0,-7.75105e-09,-3.27774e-07,-1.04274e-06,0.238391,0.134753,1.76909,0
1,1,6,10.0,-8.02475e-08,1.23813e-06,-9.55357e-07,0.237623,0.134721,1.76382,0
2,1,6,10.0,-8.80205e-08,8.33511e-07,-1.11455e-06,0.237267,0.13471,1.76132,0
3,1,6,10.0,-1.01734e-07,5.39422e-07,-1.40836e-06,0.237102,0.134707,1.76014,0
4,1,6,10.0,-1.16674e-07,3.25593e-07,-1.78383e-06,0.237025,0.134706,1.75958,0
5,1,6,10.0,-1.27487e-07,1.6748e-07,-2.20277e-06,0.23699,0.134706,1.75931,0
6,1,6,10.0,-1.35058e-07,4.71573e-08,-2.63624e-06,0.236973,0.134706,1.75919,0
7,1,6,10.0,-1.42448e-07,-3.82126e-08,-3.05556e-06,0.236966,0.134706,1.75913,0
8,1,6,10.0,-1.52669e-07,-9.94385e-08,-3.44689e-06,0.236962,0.134707,1.7591,0
9,1,6,10.0,-1.61381e-07,-1.34171e-07,-3.80115e-06,0.23696,0.134707,1.75908,0
10,1,6,10.0,-1.8172e-07,-1.80929e-07,-4.12529e-06,0.23696,0.134707,1.75908,0
11,1,6,10.0,-1.69349e-07,-2.34309e-07,-4.42285e-06,0.236959,0.134707,1.75908,0
12,1,6,10.0,-1.7412e-07,-2.90145e-07,-4.68297e-06,0.236959,0.134707,1.75907,0
13,1,6,10.0,-1.39932e-07,-3.41771e-07,-4.99605e-06,0.23837,0.13475,1.76898,0
14,1,6,10.0,-1.29407e-07,-4.91644e-07,-5.03905e-06,0.237614,0.13472,1.76376,0
15,1,6,10.0,-1.3825e-07,-4.25838e-07,-4.97375e-06,0.237263,0.134709,1.76129,0
16,1,6,10.0,-1.35949e-07,-3.66796e-07,-4.83187e-06,0.2371,0.134706,1.76012,0
17,1,6,10.0,-1.1736e-07,-3.45556e-07,-4.63177e-06,0.237024,0.134706,1.75957,0
18,1,6,10.0,-1.06564e-07,-3.46712e-07,-4.38906e-06,0.236989,0.134706,1.75931,0
19,1,6,10.0,-1.0043e-07,-3.89452e-07,-4.10984e-06,0.236973,0.134706,1.75918,0
20,1,6,10.0,-8.67025e-08,-4.54846e-07,-3.78511e-06,0.236965,0.134706,1.75913,0
21,1,6,10.0,-6.44724e-08,-5.6486e-07,-3.39887e-06,0.236962,0.134707,1.7591,0
22,1,6,10.0,-4.89411e-08,-7.18188e-07,-2.9323e-06,0.23696,0.134707,1.75908,0
23,1,6,10.0,-3.28154e-08,-9.34436e-07,-2.35384e-06,0.23696,0.134707,1.75908,0
0,2,6,10.0,-3.4758e-09,-3.31207e-07,-9.51375e-07,0.238391,0.134753,1.76909,0
1,2,6,10.0,-5.67647e-08,1.211e-06,-8.76659e-07,0.237624,0.134721,1.76382,0
2,2,6,10.0,-5.75539e-08,8.05708e-07,-1.02481e-06,0.237268,0.13471,1.76132,0
3,2,6,10.0,-6.90882e-08,5.0963e-07,-1.29899e-06,0.237102,0.134707,1.76014,0
4,2,6,10.0,-7.80562e-08,2.96964e-07,-1.64852e-06,0.237026,0.134706,1.75958,0
5,2,6,10.0,-9.25621e-08,1.35128e-07,-2.03563e-06,0.23699,0.134706,1.75931,0
6,2,6,10.0,-8.21064e-08,1.64577e-08,-2.4318e-06,0.236974,0.134706,1.75919,0
7,2,6,10.0,-1.01105e-07,-7.09031e-08,-2.81609e-06,0.236966,0.134707,1.75913,0
8,2,6,10.0,-9.84755e-08,-1.33125e-07,-3.17337e-06,0.236963,0.134707,1.7591,0
9,2,6,10.0,-1.28091e-07,-1.72116e-07,-3.49543e-06,0.236961,0.134707,1.75909,0
10,2,6,10.0,-1.42908e-07,-2.23296e-07,-3.78794e-06,0.23696,0.134707,1.75908,0
11,2,6,10.0,-1.3349e-07,-2.76342e-07,-4.04673e-06,0.23696,0.134707,1.75908,0
12,2,6,10.0,-1.08515e-07,-3.14891e-07,-4.26536e-06,0.23696,0.134707,1.75908,0
13,2,6,10.0,-8.76883e-08,-3.63754e-07,-4.52309e-06,0.23837,0.13475,1.76898,0
14,2,6,10.0,-6.09798e-08,-5.0562e-07,-4.55717e-06,0.237614,0.13472,1.76376,0
15,2,6,10.0,-7.87233e-08,-4.40396e-07,-4.50396e-06,0.237263,0.13471,1.7613,0
16,2,6,10.0,-8.12124e-08,-3.89702e-07,-4.3839e-06,0.2371,0.134706,1.76013,0
17,2,6,10.0,-8.079e-08,-3.67084e-07,-4.21015e-06,0.237025,0.134706,1.75957,0
18,2,6,10.0,-7.9591e-08,-3.71898e-07,-3.99506e-06,0.23699,0.134706,1.75931,0
19,2,6,10.0,-7.11136e-08,-4.09656e-07,-3.74191e-06,0.236974,0.134706,1.75919,0
20,2,6,10.0,-5.41979e-08,-4.78736e-07,-3.44238e-06,0.236966,0.134707,1.75913,0
21,2,6,10.0,-4.15988e-08,-5.82949e-07,-3.08555e-06,0.236963,0.134707,1.7591,0
22,2,6,10.0,-2.81863e-08,-7.32049e-07,-2.65532e-06,0.236961,0.134707,1.75909,0
23,2,6,10.0,-8.66659e-09,-9.40238e-07,-2.12301e-06,0.23696,0.134707,1.75908,0
0,3,6,10.0,-1.55133e-08,-3.34609e-07,-9.08514e-07,0.238391,0.134753,1.76909,0
1,3,6,10.0,-4.39049e-08,1.1871e-06,-8.25606e-07,0.237624,0.134721,1.76382,0
2,3,6,10.0,-5.47547e-08,7.7757e-07,-9.65799e-07,0.237268,0.13471,1.76132,0
3,3,6,10.0,-5.6646e-08,4.72913e-07,-1.22295e-06,0.237102,0.134707,1.76014,0
4,3,6,10.0,-6.78807e-08,2.56787e-07,-1.55286e-06,0.237026,0.134706,1.75958,0
5,3,6,10.0,-7.01411e-08,9.21592e-08,-1.91228e-06,0.23699,0.134706,1.75931,0
6,3,6,10.0,-8.17232e-08,-2.74589e-08,-2.27861e-06,0.236974,0.134706,1.75919,0
7,3,6,10.0,-8.73653e-08,-1.16344e-07,-2.63103e-06,0.236966,0.134707,1.75913,0
8,3,6,10.0,-1.00111e-07,-1.81272e-07,-2.95781e-06,0.236963,0.134707,1.7591,0
9,3,6,10.0,-1.31062e-07,-2.32088e-07,-3.25098e-06,0.236961,0.134707,1.75909,0
10,3,6,10.0,-1.28236e-07,-2.77571e-07,-3.50461e-06,0.23696,0.134707,1.75908,0
11,3,6,10.0,-1.30904e-07,-3.23208e-07,-3.71872e-06,0.23696,0.134707,1.75908,0
12,3,6,10.0,-1.15809e-07,-3.61968e-07,-3.88846e-06,0.23696,0.134707,1.75908,0
13,3,6,10.0,-8.52412e-08,-3.9113e-07,-4.07573e-06,0.23837,0.13475,1.76898,0
14,3,6,10.0,-6.71341e-08,-5.25564e-07,-4.09201e-06,0.237614,0.13472,1.76376,0
15,3,6,10.0,-8.19985e-08,-4.59528e-07,-4.04271e-06,0.237263,0.13471,1.7613,0
16,3,6,10.0,-8.5092e-08,-4.11398e-07,-3.93745e-06,0.2371,0.134706,1.76013,0
17,3,6,10.0,-8.62002e-08,-3.87533e-07,-3.78639e-06,0.237025,0.134706,1.75957,0
18,3,6,10.0,-8.11735e-08,-3.96255e-07,-3.5964e-06,0.23699,0.134706,1.75931,0
19,3,6,10.0,-7.15254e-08,-4.31109e-07,-3.36749e-06,0.236974,0.134706,1.75919,0
20,3,6,10.0,-6.5576e-08,-4.9558e-07,-3.09447e-06,0.236966,0.134707,1.75913,0
21,3,6,10.0,-5.36184e-08,-5.96024e-07,-2.76925e-06,0.236963,0.134707,1.7591,0
22,3,6,10.0,-3.70378e-08,-7.38139e-07,-2.37594e-06,0.236961,0.134707,1.75909,0
23,3,6,10.0,-1.65682e-08,-9.36483e-07,-1.89e-06,0.23696,0.134707,1.75908,0
0,4,6,10.0,-5.39784e-09,-3.4851e-07,-9.08552e-07,0.238391,0.134753,1.76909,0
1,4,6,10.0,-4.35472e-08,1.16306e-06,-7.99945e-07,0.237624,0.134721,1.76382,0
2,4,6,10.0,-4.8811e-08,7.46899e-07,-9.30878e-07,0.237268,0.13471,1.76132,0
3,4,6,10.0,-5.53621e-08,4.41051e-07,-1.17521e-06,0.237102,0.134707,1.76014,0
4,4,6,10.0,-5.70379e-08,2.14613e-07,-1.48415e-06,0.237026,0.134706,1.75958,0
5,4,6,10.0,-5.74659e-08,6.13111e-08,-1.82103e-06,0.23699,0.134706,1.75931,0
6,4,6,10.0,-6.07645e-08,-7.22197e-08,-2.16235e-06,0.236974,0.134706,1.75919,0
7,4,6,10.0,-7.07759e-08,-1.52005e-07,-2.49028e-06,0.236966,0.134707,1.75913,0
8,4,6,10.0,-8.37229e-08,-2.33317e-07,-2.79604e-06,0.236963,0.134707,1.7591,0
9,4,6,10.0,-9.99796e-08,-2.82326e-07,-3.06546e-06,0.236961,0.134707,1.75909,0
10,4,6,10.0,-1.2694e-07,-3.3664e-07,-3.29021e-06,0.23696,0.134707,1.75908,0
11,4,6,10.0,-1.26064e-07,-3.86541e-07,-3.47084e-06,0.23696,0.134707,1.75908,0
12,4,6,10.0,-1.11662e-07,-4.09356e-07,-3.60084e-06,0.23696,0.134707,1.75908,0
13,4,6,10.0,-9.14195e-08,-4.21565e-07,-3.72731e-06,0.23837,0.13475,1.76898,0
14,4,6,10.0,-8.08815e-08,-5.46901e-07,-3.72817e-06,0.237614,0.13472,1.76376,0
15,4,6,10.0,-8.86031e-08,-4.82006e-07,-3.67834e-06,0.237263,0.13471,1.7613,0
16,4,6,10.0,-9.23674e-08,-4.3417e-07,-3.58174e-06,0.2371,0.134706,1.76013,0
17,4,6,10.0,-9.01919e-08,-4.14284e-07,-3.4456e-06,0.237025,0.134706,1.75957,0
18,4,6,10.0,-8.62524e-08,-4.16551e-07,-3.27367e-06,0.23699,0.134706,1.75931,0
19,4,6,10.0,-8.54608e-08,-4.53057e-07,-3.06519e-06,0.236974,0.134706,1.75919,0
20,4,6,10.0,-7.87963e-08,-5.19739e-07,-2.81701e-06,0.236966,0.134707,1.75913,0
21,4,6,10.0,-6.60619e-08,-6.12928e-07,-2.51759e-06,0.236963,0.134707,1.7591,0
22,4,6,10.0,-5.20909e-08,-7.49283e-07,-2.1535e-06,0.236961,0.134707,1.75909,0
23,4,6,10.0,-3.31772e-08,-9.38999e-07,-1.70431e-06,0.23696,0.134707,1.75908,0
0,5,6,10.0,8.72418e-09,-3.33676e-07,-8.62437e-07,0.238391,0.134753,1.76909,0
1,5,6,10.0,-2.32259e-08,1.15425e-06,-7.66088e-07,0.237624,0.134721,1.76382,0
2,5,6,10.0,-1.16131e-08,7.43455e-07,-8.89853e-07,0.237268,0.13471,1.76132,0
3,5,6,10.0,-2.80837e-08,4.16864e-07,-1.11952e-06,0.237102,0.134707,1.76014,0
4,5,6,10.0,-2.09175e-08,2.04045e-07,-1.40492e-06,0.237026,0.134706,1.75958,0
5,5,6,10.0,-2.9036e-08,1.97827e-08,-1.71822e-06,0.23699,0.134706,1.75931,0
6,5,6,10.0,-3.93568e-08,-9.05117e-08,-2.03716e-06,0.236974,0.134706,1.75919,0
7,5,6,10.0,-5.34903e-08,-1.95413e-07,-2.34852e-06,0.236966,0.134707,1.75913,0
8,5,6,10.0,-5.81168e-08,-2.65094e-07,-2.6375e-06,0.236963,0.134707,1.7591,0
9,5,6,10.0,-6.88567e-08,-3.27193e-07,-2.89516e-06,0.236961,0.134707,1.75909,0
10,5,6,10.0,-9.55855e-08,-3.83978e-07,-3.10924e-06,0.23696,0.134707,1.75908,0
11,5,6,10.0,-9.41218e-08,-4.21892e-07,-3.27192e-06,0.23696,0.134707,1.75908,0
12,5,6,10.0,-1.01016e-07,-4.46132e-07,-3.38619e-06,0.23696,0.134707,1.75908,0
13,5,6,10.0,-8.88757e-08,-4.45212e-07,-3.48859e-06,0.23837,0.13475,1.76898,0
14,5,6,10.0,-8.81683e-08,-5.65125e-07,-3.48473e-06,0.237614,0.13472,1.76376,0
15,5,6,10.0,-9.12546e-08,-5.01631e-07,-3.43685e-06,0.237263,0.13471,1.7613,0
16,5,6,10.0,-9.32699e-08,-4.55622e-07,-3.34815e-06,0.2371,0.134706,1.76013,0
17,5,6,10.0,-9.10728e-08,-4.29768e-07,-3.22233e-06,0.237025,0.134706,1.75957,0
18,5,6,10.0,-9.35512e-08,-4.41034e-07,-3.06368e-06,0.23699,0.134706,1.75931,0
19,5,6,10.0,-9.48567e-08,-4.77342e-07,-2.87124e-06,0.236974,0.134706,1.75919,0
20,5,6,10.0,-8.28363e-08,-5.36513e-07,-2.63791e-06,0.236966,0.134707,1.75913,0
21,5,6,10.0,-7.2334e-08,-6.31076e-07,-2.35437e-06,0.236962,0.134707,1.7591,0
22,5,6,10.0,-6.42619e-08,-7.62816e-07,-2.00839e-06,0.236961,0.134707,1.75909,0
23,5,6,10.0,-5.11569e-08,-9.49512e-07,-1.58184e-06,0.23696,0.134707,1.75908,0
0,6,6,10.0,4.31526e-09,-3.49721e-07,-7.93685e-07,0.238391,0.134753,1.76909,0
1,6,6,10.0,-6.93335e-09,1.15167e-06,-7.15026e-07,0.237624,0.134721,1.76382,0
2,6,6,10.0,-1.10799e-08,7.27999e-07,-8.27606e-07,0.237268,0.13471,1.76132,0
3,6,6,10.0,-2.44632e-09,4.12991e-07,-1.03667e-06,0.237102,0.134707,1.76014,0
4,6,6,10.0,-8.27795e-09,1.86778e-07,-1.29791e-06,0.237026,0.134706,1.75958,0
5,6,6,10.0,-1.85246e-08,7.0449e-09,-1.59001e-06,0.23699,0.134706,1.75931,0
6,6,6,10.0,-2.09108e-08,-1.02207e-07,-1.893e-06,0.236974,0.134706,1.75919,0
7,6,6,10.0,-4.02407e-08,-2.10051e-07,-2.19304e-06,0.236966,0.134707,1.75913,0
8,6,6,10.0,-3.35705e-08,-2.74763e-07,-2.47522e-06,0.236963,0.134707,1.7591,0
9,6,6,10.0,-5.42679e-08,-3.48868e-07,-2.72873e-06,0.236961,0.134707,1.75909,0
10,6,6,10.0,-7.10693e-08,-4.07963e-07,-2.94597e-06,0.23696,0.134707,1.75908,0
11,6,6,10.0,-9.0822e-08,-4.52517e-07,-3.11555e-06,0.23696,0.134707,1.75908,0
12,6,6,10.0,-8.79368e-08,-4.74022e-07,-3.23816e-06,0.23696,0.134707,1.75908,0
13,6,6,10.0,-8.86532e-08,-4.65202e-07,-3.35879e-06,0.23837,0.13475,1.76898,0
14,6,6,10.0,-9.74026e-08,-5.85221e-07,-3.36342e-06,0.237614,0.13472,1.76376,0
15,6,6,10.0,-9.60987e-08,-5.20919e-07,-3.32417e-06,0.237263,0.13471,1.7613,0
16,6,6,10.0,-9.48136e-08,-4.71591e-07,-3.24446e-06,0.2371,0.134706,1.76013,0
17,6,6,10.0,-9.92157e-08,-4.52464e-07,-3.12885e-06,0.237025,0.134706,1.75957,0
18,6,6,10.0,-1.0127e-07,-4.57871e-07,-2.97908e-06,0.23699,0.134706,1.75931,0
19,6,6,10.0,-9.551e-08,-4.9412e-07,-2.79273e-06,0.236974,0.134706,1.75919,0
20,6,6,10.0,-9.10873e-08,-5.57457e-07,-2.56343e-06,0.236966,0.134707,1.75913,0
21,6,6,10.0,-8.53897e-08,-6.49108e-07,-2.28416e-06,0.236963,0.134707,1.7591,0
22,6,6,10.0,-7.93852e-08,-7.83722e-07,-1.94301e-06,0.236961,0.134707,1.75909,0
23,6,6,10.0,-7.57995e-08,-9.70345e-07,-1.52418e-06,0.23696,0.134707,1.75908,0
0,7,6,10.0,7.0832e-09,-3.55117e-07,-7.40553e-07,0.238391,0.134753,1.76909,0
1,7,6,10.0,1.3487e-08,1.16216e-06,-6.80703e-07,0.237624,0.134721,1.76382,0
2,7,6,10.0,1.66967e-08,7.37882e-07,-7.83003e-07,0.237268,0.13471,1.76132,0
3,7,6,10.0,1.36826e-08,4.16689e-07,-9.68735e-07,0.237102,0.134707,1.76014,0
4,7,6,10.0,8.64259e-09,1.74898e-07,-1.20817e-06,0.237026,0.134706,1.75958,0
5,7,6,10.0,6.99153e-10,1.71269e-09,-1.48178e-06,0.23699,0.134706,1.75931,0
6,7,6,10.0,-8.66749e-09,-1.21748e-07,-1.77372e-06,0.236974,0.134706,1.75919,0
7,7,6,10.0,-1.89482e-08,-2.11679e-07,-2.07232e-06,0.236966,0.134707,1.75913,0
8,7,6,10.0,-3.17441e-08,-2.8835e-07,-2.36219e-06,0.236963,0.134707,1.7591,0
9,7,6,10.0,-6.52207e-08,-3.59737e-07,-2.63323e-06,0.236961,0.134707,1.75909,0
10,7,6,10.0,-6.95424e-08,-4.25609e-07,-2.86793e-06,0.23696,0.134707,1.75908,0
11,7,6,10.0,-8.76755e-08,-4.72975e-07,-3.06317e-06,0.23696,0.134707,1.75908,0
12,7,6,10.0,-1.11462e-07,-4.9532e-07,-3.21179e-06,0.23696,0.134707,1.75908,0
13,7,6,10.0,-9.59285e-08,-4.83685e-07,-3.36935e-06,0.23837,0.13475,1.76898,0
14,7,6,10.0,-1.12321e-07,-6.11595e-07,-3.38848e-06,0.237614,0.13472,1.76376,0
15,7,6,10.0,-1.05862e-07,-5.39748e-07,-3.35873e-06,0.237263,0.13471,1.7613,0
16,7,6,10.0,-1.03463e-07,-4.92892e-07,-3.28664e-06,0.2371,0.134706,1.76013,0
17,7,6,10.0,-1.04085e-07,-4.66502e-07,-3.1768e-06,0.237025,0.134706,1.75957,0
18,7,6,10.0,-1.06976e-07,-4.77856e-07,-3.02888e-06,0.23699,0.134706,1.75931,0
19,7,6,10.0,-1.06533e-07,-5.14225e-07,-2.83893e-06,0.236974,0.134706,1.75919,0
20,7,6,10.0,-1.01957e-07,-5.76679e-07,-2.60264e-06,0.236966,0.134707,1.75913,0
21,7,6,10.0,-9.87898e-08,-6.73903e-07,-2.3144e-06,0.236963,0.134707,1.7591,0
22,7,6,10.0,-1.01134e-07,-8.10891e-07,-1.9641e-06,0.236961,0.134707,1.75909,0
23,7,6,10.0,-1.04743e-07,-1.00613e-06,-1.5366e-06,0.23696,0.134707,1.75908,0
0,8,6,10.0,-4.86586e-09,-3.64296e-07,-7.6084e-07,0.238391,0.134753,1.76909,0
1,8,6,10.0,5.03575e-08,1.19183e-06,-7.15297e-07,0.237624,0.134721,1.76382,0
2,8,6,10.0,3.81519e-08,7.53451e-07,-8.08418e-07,0.237268,0.13471,1.76132,0
3,8,6,10.0,2.53336e-08,4.19609e-07,-9.77817e-07,0.237102,0.134707,1.76014,0
4,8,6,10.0,1.00451e-08,1.69003e-07,-1.20067e-06,0.237026,0.134706,1.75958,0
5,8,6,10.0,-6.29068e-09,-1.21815e-08,-1.46331e-06,0.23699,0.134706,1.75931,0
6,8,6,10.0,-1.88374e-08,-1.35563e-07,-1.75495e-06,0.236974,0.134706,1.75919,0
7,8,6,10.0,-3.28008e-08,-2.29385e-07,-2.0633e-06,0.236966,0.134707,1.75913,0
8,8,6,10.0,-4.94877e-08,-3.00488e-07,-2.37752e-06,0.236963,0.134707,1.7591,0
9,8,6,10.0,-5.16415e-08,-3.86551e-07,-2.68366e-06,0.236961,0.134707,1.75909,0
10,8,6,10.0,-8.51553e-08,-4.65326e-07,-2.95024e-06,0.23696,0.134707,1.75908,0
11,8,6,10.0,-1.07599e-07,-5.29631e-07,-3.18116e-06,0.23696,0.134707,1.75908,0
12,8,6,10.0,-1.01366e-07,-5.64853e-07,-3.36071e-06,0.23696,0.134707,1.75908,0
13,8,6,10.0,-9.80827e-08,-5.49523e-07,-3.54962e-06,0.23837,0.13475,1.76898,0
14,8,6,10.0,-1.07313e-07,-6.44016e-07,-3.57711e-06,0.237614,0.13472,1.76376,0
15,8,6,10.0,-1.02313e-07,-5.67433e-07,-3.55259e-06,0.237263,0.13471,1.7613,0
16,8,6,10.0,-9.98138e-08,-5.07514e-07,-3.48211e-06,0.2371,0.134706,1.76013,0
17,8,6,10.0,-1.02087e-07,-4.89918e-07,-3.3697e-06,0.237025,0.134706,1.75957,0
18,8,6,10.0,-1.0537e-07,-4.93698e-07,-3.21427e-06,0.23699,0.134706,1.75931,0
19,8,6,10.0,-1.07076e-07,-5.33522e-07,-3.011e-06,0.236974,0.134706,1.75919,0
20,8,6,10.0,-1.07668e-07,-6.01647e-07,-2.75631e-06,0.236966,0.134707,1.75913,0
21,8,6,10.0,-1.11723e-07,-7.00673e-07,-2.44668e-06,0.236963,0.134707,1.7591,0
22,8,6,10.0,-1.20531e-07,-8.4771e-07,-2.07313e-06,0.236961,0.134707,1.75909,0
23,8,6,10.0,-1.37022e-07,-1.05149e-06,-1.62178e-06,0.23696,0.134707,1.75908,0
0,9,6,10.0,-2.2759e-08,-3.85316e-07,-8.90332e-07,0.238401,0.134755,1.76915,0
1,9,6,10.0,9.42649e-08,1.2382e-06,-8.56351e-07,0.237643,0.134724,1.76392,0
2,9,6,10.0,6.88413e-08,7.74446e-07,-9.45386e-07,0.237294,0.134714,1.76146,0
3,9,6,10.0,3.47308e-08,4.15143e-07,-1.10993e-06,0.237133,0.134711,1.7603,0
4,9,6,10.0,1.77474e-09,1.41397e-07,-1.33002e-06,0.237059,0.134711,1.75976,0
5,9,6,10.0,-2.40837e-08,-4.57467e-08,-1.59437e-06,0.237024,0.134711,1.7595,0
6,9,6,10.0,-4.00749e-08,-1.82827e-07,-1.8941e-06,0.237009,0.134711,1.75938,0
7,9,6,10.0,-5.92467e-08,-2.80661e-07,-2.21668e-06,0.237001,0.134712,1.75932,0
8,9,6,10.0,-6.34944e-08,-3.5357e-07,-2.5509e-06,0.236988,0.13471,1.75924,0
9,9,6,10.0,-6.66606e-08,-4.37706e-07,-2.8901e-06,0.238381,0.134752,1.76904,0
10,9,6,10.0,-1.38153e-07,-9.81696e-07,-3.21788e-06,0.237634,0.134723,1.76387,0
11,9,6,10.0,-1.3852e-07,-9.96289e-07,-3.48318e-06,0.23729,0.134713,1.76144,0
12,9,6,10.0,-1.27935e-07,-9.80515e-07,-3.67924e-06,0.237131,0.134711,1.76029,0
13,9,6,10.0,-1.30435e-07,-8.91924e-07,-3.89648e-06,0.238381,0.134752,1.76904,0
14,9,6,10.0,-1.63787e-07,-1.17177e-06,-3.93914e-06,0.237634,0.134723,1.76387,0
15,9,6,10.0,-1.48387e-07,-9.99474e-07,-3.91555e-06,0.23729,0.134713,1.76144,0
16,9,6,10.0,-1.37585e-07,-8.80239e-07,-3.83636e-06,0.237131,0.134711,1.76029,0
17,9,6,10.0,-1.33256e-07,-7.95265e-07,-3.71005e-06,0.237058,0.134711,1.75975,0
18,9,6,10.0,-1.32372e-07,-7.63767e-07,-3.53424e-06,0.237024,0.134711,1.7595,0
19,9,6,10.0,-1.30288e-07,-7.64554e-07,-3.3056e-06,0.237008,0.134711,1.75938,0
20,9,6,10.0,-1.3333e-07,-8.01406e-07,-3.02092e-06,0.237001,0.134712,1.75932,0
21,9,6,10.0,-1.41891e-07,-8.83842e-07,-2.67713e-06,0.236998,0.134712,1.7593,0
22,9,6,10.0,-1.54528e-07,-1.01245e-06,-2.26621e-06,0.236996,0.134712,1.75928,0
23,9,6,10.0,-1.76295e-07,-1.21343e-06,-1.7737e-06,0.236996,0.134712,1.75928,0
0,10,6,10.0,-3.58934e-08,-4.15415e-07,-1.15653e-06,0.238391,0.134753,1.76909,0
1,10,6,10.0,1.70021e-07,1.3256e-06,-1.12579e-06,0.237624,0.134721,1.76382,0
2,10,6,10.0,9.59768e-08,8.31943e-07,-1.21922e-06,0.237268,0.13471,1.76132,0
3,10,6,10.0,4.99056e-08,4.47715e-07,-1.38588e-06,0.237103,0.134707,1.76014,0
4,10,6,10.0,1.3866e-08,1.61151e-07,-1.61213e-06,0.237026,0.134706,1.75958,0
5,10,6,10.0,-3.50444e-08,-3.62219e-08,-1.88495e-06,0.236991,0.134706,1.75931,0
6,10,6,10.0,-4.76703e-08,-1.60776e-07,-2.19172e-06,0.236974,0.134706,1.75919,0
7,10,6,10.0,-5.60416e-08,-2.62023e-07,-2.52115e-06,0.236967,0.134707,1.75913,0
8,10,6,10.0,-6.64751e-08,-3.17598e-07,-2.86673e-06,0.236953,0.134705,1.75905,0
9,10,6,10.0,-9.0247e-08,-4.20206e-07,-3.22361e-06,0.23837,0.13475,1.76898,0
10,10,6,10.0,-1.26767e-07,-9.18119e-07,-3.58249e-06,0.237614,0.13472,1.76377,0
11,10,6,10.0,-1.40835e-07,-9.41857e-07,-3.87102e-06,0.237263,0.13471,1.7613,0
12,10,6,10.0,-1.52203e-07,-9.442e-07,-4.08531e-06,0.237101,0.134707,1.76013,0
13,10,6,10.0,-1.49393e-07,-8.79363e-07,-4.33536e-06,0.238371,0.13475,1.76898,0
14,10,6,10.0,-1.79125e-07,-1.23894e-06,-4.39536e-06,0.237614,0.13472,1.76377,0
15,10,6,10.0,-1.60953e-07,-1.06261e-06,-4.37567e-06,0.237264,0.13471,1.7613,0
16,10,6,10.0,-1.53187e-07,-9.33954e-07,-4.29019e-06,0.237101,0.134707,1.76013,0
17,10,6,10.0,-1.42252e-07,-8.56147e-07,-4.14608e-06,0.237025,0.134706,1.75957,0
18,10,6,10.0,-1.34373e-07,-8.21145e-07,-3.94505e-06,0.23699,0.134706,1.75931,0
19,10,6,10.0,-1.40842e-07,-8.25947e-07,-3.68568e-06,0.236974,0.134706,1.75919,0
20,10,6,10.0,-1.45661e-07,-8.72354e-07,-3.3648e-06,0.236966,0.134707,1.75913,0
21,10,6,10.0,-1.57091e-07,-9.6386e-07,-2.97848e-06,0.236963,0.134707,1.7591,0
22,10,6,10.0,-1.81361e-07,-1.11051e-06,-2.51813e-06,0.236961,0.134707,1.75909,0
23,10,6,10.0,-2.03636e-07,-1.32555e-06,-1.96768e-06,0.236961,0.134707,1.75908,0
0,11,6,10.0,-6.37707e-08,-4.58518e-07,-1.58896e-06,0.238391,0.134753,1.76909,0
1,11,6,10.0,2.02923e-07,1.4516e-06,-1.55816e-06,0.237624,0.134721,1.76382,0
2,11,6,10.0,1.51047e-07,9.07118e-07,-1.65538e-06,0.237268,0.13471,1.76132,0
3,11,6,10.0,7.67073e-08,4.71508e-07,-1.82882e-06,0.237102,0.134707,1.76014,0
4,11,6,10.0,4.78346e-09,1.5451e-07,-2.06262e-06,0.237026,0.134706,1.75958,0
5,11,6,10.0,-3.25662e-08,-4.34568e-08,-2.34345e-06,0.23699,0.134706,1.75931,0
6,11,6,10.0,-3.53821e-08,-1.64536e-07,-2.64768e-06,0.236974,0.134706,1.75919,0
7,11,6,10.0,-5.22952e-08,-2.79407e-07,-2.97364e-06,0.236966,0.134707,1.75913,0
8,11,6,10.0,-6.68482e-08,-3.40557e-07,-3.33097e-06,0.236952,0.134705,1.75905,0
9,11,6,10.0,-1.13936e-07,-4.39257e-07,-3.70847e-06,0.23837,0.13475,1.76898,0
10,11,6,10.0,-1.84305e-07,-9.70123e-07,-4.0815e-06,0.237614,0.13472,1.76376,0
11,11,6,10.0,-1.7455e-07,-9.9244e-07,-4.39169e-06,0.237263,0.13471,1.7613,0
12,11,6,10.0,-1.92422e-07,-9.94988e-07,-4.62606e-06,0.2371,0.134707,1.76013,0
13,11,6,10.0,-1.90166e-07,-9.25022e-07,-4.90146e-06,0.23837,0.13475,1.76898,0
14,11,6,10.0,-2.32796e-07,-1.31379e-06,-4.97105e-06,0.237614,0.13472,1.76376,0
15,11,6,10.0,-2.07031e-07,-1.1251e-06,-4.95325e-06,0.237263,0.13471,1.7613,0
16,11,6,10.0,-1.81998e-07,-9.94186e-07,-4.85746e-06,0.2371,0.134706,1.76013,0
17,11,6,10.0,-1.60945e-07,-9.10287e-07,-4.69382e-06,0.237025,0.134706,1.75957,0
18,11,6,10.0,-1.62394e-07,-8.73948e-07,-4.463e-06,0.23699,0.134706,1.75931,0
19,11,6,10.0,-1.59309e-07,-8.8042e-07,-4.16545e-06,0.236974,0.134706,1.75919,0
20,11,6,10.0,-1.64389e-07,-9.34467e-07,-3.79683e-06,0.236966,0.134707,1.75913,0
21,11,6,10.0,-1.84126e-07,-1.03716e-06,-3.35537e-06,0.236963,0.134707,1.7591,0
22,11,6,10.0,-2.07995e-07,-1.19325e-06,-2.83127e-06,0.236961,0.134707,1.75909,0
23,11,6,10.0,-2.39661e-07,-1.43084e-06,-2.20527e-06,0.23696,0.134707,1.75908,0
0,12,6,10.0,-9.55638e-08,-5.23078e-07,-2.24828e-06,0.238391,0.134753,1.76909,0
1,12,6,10.0,2.58375e-07,1.59195e-06,-2.18569e-06,0.237624,0.134721,1.76382,0
2,12,6,10.0,1.98503e-07,9.90286e-07,-2.2746e-06,0.237268,0.13471,1.76132,0
3,12,6,10.0,9.53084e-08,4.94021e-07,-2.4544e-06,0.237102,0.134707,1.76014,0
4,12,6,10.0,1.09175e-08,1.38208e-07,-2.70539e-06,0.237026,0.134706,1.75958,0
5,12,6,10.0,-1.37993e-08,-5.78452e-08,-2.99273e-06,0.23699,0.134706,1.75931,0
6,12,6,10.0,-3.89237e-08,-1.90143e-07,-3.29006e-06,0.236974,0.134706,1.75919,0
7,12,6,10.0,-8.54579e-08,-3.20677e-07,-3.62435e-06,0.236966,0.134707,1.75913,0
8,12,6,10.0,-8.94951e-08,-3.79368e-07,-3.99428e-06,0.236952,0.134705,1.75905,0
9,12,6,10.0,-1.17326e-07,-4.93103e-07,-4.40344e-06,0.23837,0.13475,1.76898,0
10,12,6,10.0,-2.23263e-07,-1.07119e-06,-4.8112e-06,0.237614,0.13472,1.76376,0
11,12,6,10.0,-2.06573e-07,-1.07655e-06,-5.13845e-06,0.237263,0.13471,1.7613,0
12,12,6,10.0,-2.14673e-07,-1.08563e-06,-5.38791e-06,0.2371,0.134707,1.76013,0
13,12,6,10.0,-2.32649e-07,-1.01206e-06,-5.67585e-06,0.23837,0.13475,1.76898,0
14,12,6,10.0,-3.12958e-07,-1.50642e-06,-6.73779e-06,0.238376,0.134751,1.76901,0
15,12,6,10.0,-1.68499e-07,-5.29643e-07,-6.65389e-06,0.237629,0.134722,1.76384,0
16,12,6,10.0,-1.78437e-07,-5.39321e-07,-6.50036e-06,0.237286,0.134713,1.76142,0
17,12,6,10.0,-1.70797e-07,-1.00261e-06,-5.41806e-06,0.237013,0.134704,1.7595,0
18,12,6,10.0,-1.71413e-07,-9.56136e-07,-5.15029e-06,0.236984,0.134705,1.75928,0
19,12,6,10.0,-1.61899e-07,-9.53436e-07,-4.79378e-06,0.236971,0.134706,1.75917,0
20,12,6,10.0,-1.77338e-07,-1.01911e-06,-4.35922e-06,0.236965,0.134706,1.75912,0
21,12,6,10.0,-2.0239e-07,-1.12912e-06,-3.84496e-06,0.236962,0.134707,1.7591,0
22,12,6,10.0,-2.31207e-07,-1.30095e-06,-3.23794e-06,0.236961,0.134707,1.75909,0
23,12,6,10.0,-2.71e-07,-1.55344e-06,-2.51647e-06,0.23696,0.134707,1.75908,0
0,13,6,10.0,-1.04808e-07,-6.36934e-07,-3.99168e-06,0.238391,0.134753,1.76909,0
1,13,6,10.0,4.56015e-07,1.99918e-06,-3.91984e-06,0.237624,0.134721,1.76382,0
2,13,6,10.0,2.79442e-07,1.20238e-06,-4.0559e-06,0.237268,0.13471,1.76132,0
3,13,6,10.0,1.57231e-07,5.98964e-07,-4.32043e-06,0.237102,0.134707,1.76014,0
4,13,6,10.0,5.66623e-08,1.86603e-07,-4.65871e-06,0.237026,0.134706,1.75958,0
5,13,6,10.0,-2.73827e-08,-7.57134e-08,-5.03799e-06,0.23699,0.134706,1.75931,0
6,13,6,10.0,-9.58363e-08,-2.69506e-07,-5.43012e-06,0.236974,0.134706,1.75919,0
7,13,6,10.0,-1.31195e-07,-4.06091e-07,-5.82576e-06,0.236966,0.134707,1.75913,0
8,13,6,10.0,-1.85221e-07,-5.37109e-07,-6.25734e-06,0.236962,0.134707,1.7591,0
9,13,6,10.0,-2.07398e-07,-6.28324e-07,-6.70744e-06,0.23697,0.134708,1.75914,0
10,13,6,10.0,-2.08071e-07,-6.71886e-07,-7.14243e-06,0.236968,0.134708,1.75913,0
11,13,6,10.0,-2.15799e-07,-7.25565e-07,-7.48415e-06,0.236966,0.134708,1.75911,0
12,13,6,10.0,-2.23594e-07,-7.57705e-07,-7.72808e-06,0.236963,0.134707,1.7591,0
13,13,6,10.0,-2.44684e-07,-7.44848e-07,-7.9593e-06,0.238381,0.134752,1.76904,0
14,13,6,10.0,-2.76425e-07,-9.54324e-07,-7.94674e-06,0.237624,0.134721,1.76382,0
15,13,6,10.0,-2.69205e-07,-8.22844e-07,-7.79669e-06,0.23727,0.13471,1.76133,0
16,13,6,10.0,-2.64297e-07,-7.75584e-07,-7.57372e-06,0.237104,0.134707,1.76015,0
17,13,6,10.0,-2.62187e-07,-7.51205e-07,-7.26725e-06,0.237027,0.134706,1.75959,0
18,13,6,10.0,-2.53536e-07,-7.68452e-07,-6.85804e-06,0.236991,0.134706,1.75932,0
19,13,6,10.0,-2.60829e-07,-8.37067e-07,-6.35749e-06,0.236974,0.134706,1.75919,0
20,13,6,10.0,-2.71071e-07,-9.48156e-07,-5.76505e-06,0.236966,0.134707,1.75913,0
21,13,6,10.0,-2.9262e-07,-1.11579e-06,-5.07058e-06,0.236963,0.134707,1.7591,0
22,13,6,10.0,-3.25445e-07,-1.35022e-06,-4.25841e-06,0.236961,0.134707,1.75909,0
23,13,6,10.0,-3.7497e-07,-1.68936e-06,-3.29661e-06,0.23696,0.134707,1.75908,0
0,14,6,10.0,-1.5902e-07,-7.38969e-07,-5.11797e-06,0.238391,0.134753,1.76909,0
1,14,6,10.0,4.83001e-07,2.22198e-06,-5.04393e-06,0.237624,0.134721,1.76382,0
2,14,6,10.0,3.12661e-07,1.35557e-06,-5.22156e-06,0.237268,0.13471,1.76132,0
3,14,6,10.0,1.83094e-07,7.02117e-07,-5.56018e-06,0.237102,0.134707,1.76014,0
4,14,6,10.0,4.60706e-08,2.43955e-07,-6.00052e-06,0.237026,0.134706,1.75958,0
5,14,6,10.0,-4.3582e-08,-6.70708e-08,-6.48008e-06,0.23699,0.134706,1.75931,0
6,14,6,10.0,-1.05108e-07,-3.04133e-07,-6.96566e-06,0.236974,0.134706,1.75919,0
7,14,6,10.0,-1.90305e-07,-4.92051e-07,-7.44443e-06,0.236966,0.134707,1.75913,0
8,14,6,10.0,-2.07927e-07,-6.1406e-07,-7.91982e-06,0.236963,0.134707,1.7591,0
9,14,6,10.0,-2.36582e-07,-7.01125e-07,-8.37986e-06,0.236961,0.134707,1.75909,0
10,14,6,10.0,-2.4152e-07,-7.41074e-07,-8.77704e-06,0.23696,0.134707,1.75908,0
11,14,6,10.0,-2.22048e-07,-7.74244e-07,-9.08856e-06,0.23696,0.134707,1.75908,0
12,14,6,10.0,-2.51651e-07,-7.92057e-07,-9.30929e-06,0.23696,0.134707,1.75908,0
13,14,6,10.0,-2.51697e-07,-7.69326e-07,-9.46165e-06,0.238371,0.13475,1.76898,0
14,14,6,10.0,-2.84665e-07,-9.95233e-07,-9.38943e-06,0.237614,0.13472,1.76377,0
15,14,6,10.0,-2.73805e-07,-8.70201e-07,-9.18657e-06,0.237263,0.13471,1.7613,0
16,14,6,10.0,-2.51551e-07,-7.92456e-07,-8.87399e-06,0.2371,0.134707,1.76013,0
17,14,6,10.0,-2.35151e-07,-7.84273e-07,-8.46351e-06,0.237025,0.134706,1.75957,0
18,14,6,10.0,-2.39896e-07,-8.07155e-07,-7.95924e-06,0.23699,0.134706,1.75931,0
19,14,6,10.0,-2.4459e-07,-8.85552e-07,-7.36219e-06,0.236974,0.134706,1.75919,0
20,14,6,10.0,-2.61977e-07,-1.0116e-06,-6.66983e-06,0.236966,0.134707,1.75913,0
21,14,6,10.0,-2.93271e-07,-1.19832e-06,-5.86623e-06,0.236963,0.134707,1.7591,0
22,14,6,10.0,-3.32647e-07,-1.46166e-06,-4.92604e-06,0.236961,0.134707,1.75909,0
23,14,6,10.0,-3.87882e-07,-1.83774e-06,-3.81564e-06,0.23696,0.134707,1.75908,0
0,15,6,10.0,-1.74154e-07,-8.35012e-07,-6.45604e-06,0.238391,0.134753,1.76909,0
1,15,6,10.0,5.63185e-07,2.47532e-06,-6.33624e-06,0.237624,0.134721,1.76382,0
2,15,6,10.0,3.73732e-07,1.49838e-06,-6.55802e-06,0.237268,0.13471,1.76132,0
3,15,6,10.0,1.86577e-07,8.10651e-07,-6.99391e-06,0.237102,0.134707,1.76014,0
4,15,6,10.0,5.14444e-08,2.79687e-07,-7.561e-06,0.237026,0.134706,1.75958,0
5,15,6,10.0,-3.89204e-08,-8.45758e-08,-8.16777e-06,0.23699,0.134706,1.75931,0
6,15,6,10.0,-9.66521e-08,-3.63309e-07,-8.76942e-06,0.236974,0.134706,1.75919,0
7,15,6,10.0,-1.68766e-07,-5.76361e-07,-9.35022e-06,0.236966,0.134707,1.75913,0
8,15,6,10.0,-2.47254e-07,-7.17042e-07,-9.88642e-06,0.236963,0.134707,1.7591,0
9,15,6,10.0,-2.29951e-07,-7.90449e-07,-1.0362e-05,0.236961,0.134707,1.75909,0
10,15,6,10.0,-2.01486e-07,-7.91309e-07,-1.07395e-05,0.23696,0.134707,1.75908,0
11,15,6,10.0,-2.34471e-07,-8.32713e-07,-1.10222e-05,0.23696,0.134707,1.75908,0
12,15,6,10.0,-2.27416e-07,-8.60126e-07,-1.12042e-05,0.23696,0.134707,1.75908,0
13,15,6,10.0,-2.42806e-07,-8.21457e-07,-1.12355e-05,0.23837,0.13475,1.76898,0
14,15,6,10.0,-2.78571e-07,-1.07015e-06,-1.10864e-05,0.237614,0.13472,1.76376,0
15,15,6,10.0,-2.53045e-07,-9.29046e-07,-1.07956e-05,0.237263,0.13471,1.7613,0
16,15,6,10.0,-2.47038e-07,-8.60261e-07,-1.03842e-05,0.2371,0.134706,1.76013,0
17,15,6,10.0,-2.35751e-07,-8.378e-07,-9.86308e-06,0.237025,0.134706,1.75957,0
18,15,6,10.0,-2.31309e-07,-8.83438e-07,-9.25097e-06,0.23699,0.134706,1.75931,0
19,15,6,10.0,-2.51286e-07,-9.64302e-07,-8.54141e-06,0.236974,0.134706,1.75919,0
20,15,6,10.0,-2.69903e-07,-1.10706e-06,-7.72926e-06,0.236966,0.134707,1.75913,0
21,15,6,10.0,-3.05628e-07,-1.30679e-06,-6.80068e-06,0.236963,0.134707,1.7591,0
22,15,6,10.0,-3.43329e-07,-1.59775e-06,-5.71692e-06,0.236961,0.134707,1.75909,0
23,15,6,10.0,-4.0079e-07,-2.00501e-06,-4.43746e-06,0.23696,0.134707,1.75908,0
0,16,6,10.0,-2.03854e-07,-9.34146e-07,-7.95031e-06,0.238391,0.134753,1.76909,0
1,16,6,10.0,5.96916e-07,2.74494e-06,-7.74997e-06,0.237624,0.134721,1.76382,0
2,16,6,10.0,3.16145e-07,1.70552e-06,-8.03812e-06,0.237268,0.13471,1.76132,0
3,16,6,10.0,1.58036e-07,8.7846e-07,-8.58934e-06,0.237102,0.134707,1.76014,0
4,16,6,10.0,5.37408e-08,3.28745e-07,-9.29368e-06,0.237026,0.134706,1.75958,0
5,16,6,10.0,-3.47236e-08,-1.04002e-07,-1.00485e-05,0.23699,0.134706,1.75931,0
6,16,6,10.0,-1.63076e-07,-4.08603e-07,-1.07945e-05,0.236974,0.134706,1.75919,0
7,16,6,10.0,-2.32378e-07,-6.46692e-07,-1.14907e-05,0.236966,0.134707,1.75913,0
8,16,6,10.0,-2.46036e-07,-8.12491e-07,-1.21078e-05,0.236963,0.134707,1.7591,0
9,16,6,10.0,-2.34146e-07,-8.26217e-07,-1.26069e-05,0.236961,0.134707,1.75909,0
10,16,6,10.0,-2.97413e-07,-8.79382e-07,-1.29827e-05,0.23696,0.134707,1.75908,0
11,16,6,10.0,-2.4316e-07,-8.67666e-07,-1.3227e-05,0.23696,0.134707,1.75908,0
12,16,6,10.0,-2.29081e-07,-8.8886e-07,-1.3345e-05,0.23696,0.134707,1.75908,0
13,16,6,10.0,-2.44513e-07,-8.73391e-07,-1.32266e-05,0.23837,0.13475,1.76898,0
14,16,6,10.0,-2.96712e-07,-1.12079e-06,-1.29897e-05,0.237614,0.13472,1.76376,0
15,16,6,10.0,-2.88696e-07,-9.8482e-07,-1.25947e-05,0.237263,0.13471,1.7613,0
16,16,6,10.0,-2.79884e-07,-9.03267e-07,-1.20719e-05,0.2371,0.134706,1.76013,0
17,16,6,10.0,-3.02761e-07,-8.96263e-07,-1.14275e-05,0.237025,0.134706,1.75957,0
18,16,6,10.0,-3.24096e-07,-9.16538e-07,-1.06983e-05,0.23699,0.134706,1.75931,0
19,16,6,10.0,-3.34124e-07,-1.01094e-06,-9.85471e-06,0.236974,0.134706,1.75919,0
20,16,6,10.0,-3.68021e-07,-1.15229e-06,-8.90827e-06,0.236966,0.134707,1.75913,0
21,16,6,10.0,-3.69083e-07,-1.36753e-06,-7.8352e-06,0.236962,0.134707,1.7591,0
22,16,6,10.0,-3.97451e-07,-1.67353e-06,-6.59457e-06,0.236961,0.134707,1.75909,0
23,16,6,10.0,-4.5448e-07,-2.11572e-06,-5.13448e-06,0.23696,0.134707,1.75908,0
0,17,6,10.0,-1.5829e-07,-1.02284e-06,-9.48251e-06,0.238401,0.134755,1.76915,0
1,17,6,10.0,5.40719e-07,3.01367e-06,-9.22679e-06,0.237643,0.134724,1.76392,0
2,17,6,10.0,3.2221e-07,1.73133e-06,-9.58497e-06,0.237294,0.134714,1.76146,0
3,17,6,10.0,1.45761e-07,9.28294e-07,-1.02528e-05,0.237133,0.134711,1.7603,0
4,17,6,10.0,3.1296e-08,2.53268e-07,-1.1096e-05,0.237059,0.134711,1.75976,0
5,17,6,10.0,-1.00414e-07,-2.14106e-07,-1.20146e-05,0.237024,0.134711,1.7595,0
6,17,6,10.0,-1.78881e-07,-5.86591e-07,-1.29153e-05,0.237009,0.134711,1.75938,0
7,17,6,10.0,-2.34132e-07,-8.45024e-07,-1.37342e-05,0.237001,0.134712,1.75932,0
8,17,6,10.0,-2.58238e-07,-9.87871e-07,-1.44231e-05,0.236998,0.134712,1.7593,0
9,17,6,10.0,-3.10431e-07,-1.05703e-06,-1.49633e-05,0.236996,0.134712,1.75928,0
10,17,6,10.0,-2.57657e-07,-1.0074e-06,-1.53281e-05,0.236996,0.134712,1.75928,0
11,17,6,10.0,-2.20796e-07,-1.04536e-06,-1.55131e-05,0.236995,0.134712,1.75928,0
12,17,6,10.0,-2.74875e-07,-1.05227e-06,-1.55718e-05,0.236995,0.134712,1.75927,0
13,17,6,10.0,-2.58483e-07,-1.01839e-06,-1.52784e-05,0.238381,0.134752,1.76904,0
14,17,6,10.0,-2.91838e-07,-1.33063e-06,-1.49469e-05,0.237634,0.134723,1.76387,0
15,17,6,10.0,-3.01662e-07,-1.19221e-06,-1.44453e-05,0.23729,0.134713,1.76144,0
16,17,6,10.0,-2.78323e-07,-1.01389e-06,-1.37921e-05,0.237121,0.134709,1.76024,0
17,17,6,10.0,-2.87508e-07,-1.03666e-06,-1.30012e-05,0.238381,0.134752,1.76904,0
18,17,6,10.0,-1.83179e-07,-3.59753e-07,-1.20767e-05,0.237634,0.134723,1.76387,0
19,17,6,10.0,-2.42221e-07,-5.35612e-07,-1.1085e-05,0.23729,0.134713,1.76144,0
20,17,6,10.0,-2.58025e-07,-7.52618e-07,-1.00054e-05,0.237131,0.134711,1.76029,0
21,17,6,10.0,-2.77911e-07,-1.01326e-06,-8.79258e-06,0.237058,0.134711,1.75975,0
22,17,6,10.0,-3.14337e-07,-1.39431e-06,-7.40183e-06,0.237024,0.134711,1.7595,0
23,17,6,10.0,-3.54778e-07,-1.89021e-06,-5.7687e-06,0.237008,0.134711,1.75938,0
0,18,6,10.0,-1.99031e-07,-1.13195e-06,-1.09317e-05,0.238391,0.134753,1.76909,0
1,18,6,10.0,4.997e-07,3.23313e-06,-1.0648e-05,0.237624,0.134721,1.76382,0
2,18,6,10.0,2.9297e-07,1.97394e-06,-1.10589e-05,0.237268,0.13471,1.76132,0
3,18,6,10.0,1.41584e-07,1.00901e-06,-1.18232e-05,0.237103,0.134707,1.76014,0
4,18,6,10.0,5.69108e-09,3.31925e-07,-1.27999e-05,0.237026,0.134706,1.75958,0
5,18,6,10.0,-7.20113e-08,-1.61606e-07,-1.38561e-05,0.236991,0.134706,1.75931,0
6,18,6,10.0,-1.21128e-07,-4.98511e-07,-1.48793e-05,0.236974,0.134706,1.75919,0
7,18,6,10.0,-1.63818e-07,-7.41595e-07,-1.57829e-05,0.236967,0.134707,1.75913,0
8,18,6,10.0,-2.2998e-07,-8.99369e-07,-1.65351e-05,0.236963,0.134707,1.7591,0
9,18,6,10.0,-2.26106e-07,-9.6443e-07,-1.71011e-05,0.236961,0.134707,1.75909,0
10,18,6,10.0,-1.32469e-07,-8.47862e-07,-1.7428e-05,0.236961,0.134707,1.75908,0
11,18,6,10.0,-2.20384e-07,-9.10113e-07,-1.75722e-05,0.23696,0.134707,1.75908,0
12,18,6,10.0,-1.67504e-07,-9.00893e-07,-1.75675e-05,0.23696,0.134707,1.75908,0
13,18,6,10.0,-2.21322e-07,-9.16875e-07,-1.71208e-05,0.238371,0.13475,1.76898,0
14,18,6,10.0,-2.41553e-07,-1.24286e-06,-1.66997e-05,0.237614,0.13472,1.76377,0
15,18,6,10.0,-2.2025e-07,-1.09576e-06,-1.61018e-05,0.237264,0.13471,1.7613,0
16,18,6,10.0,-2.2037e-07,-9.77254e-07,-1.53326e-05,0.23709,0.134705,1.76007,0
17,18,6,10.0,-2.37708e-07,-1.00593e-06,-1.44069e-05,0.238371,0.13475,1.76898,0
18,18,6,10.0,-1.7567e-07,-4.14293e-07,-1.32981e-05,0.237614,0.13472,1.76377,0
19,18,6,10.0,-2.30773e-07,-6.02665e-07,-1.21817e-05,0.237264,0.13471,1.7613,0
20,18,6,10.0,-2.43609e-07,-8.27238e-07,-1.09805e-05,0.237101,0.134707,1.76013,0
21,18,6,10.0,-2.66874e-07,-1.12511e-06,-9.64513e-06,0.237025,0.134706,1.75957,0
22,18,6,10.0,-2.78304e-07,-1.49944e-06,-8.11504e-06,0.23699,0.134706,1.75931,0
23,18,6,10.0,-3.00196e-07,-2.02701e-06,-6.31751e-06,0.236974,0.134706,1.75919,0
0,19,6,10.0,-1.50888e-07,-1.22811e-06,-1.23322e-05,0.238391,0.134753,1.76909,0
1,19,6,10.0,3.9108e-07,3.41172e-06,-1.18942e-05,0.237624,0.134721,1.76382,0
2,19,6,10.0,2.1596e-07,1.99248e-06,-1.23414e-05,0.237268,0.13471,1.76132,0
3,19,6,10.0,6.93864e-08,1.0351e-06,-1.31865e-05,0.237102,0.134707,1.76014,0
4,19,6,10.0,-3.96472e-08,3.17834e-07,-1.42531e-05,0.237026,0.134706,1.75958,0
5,19,6,10.0,-7.51986e-08,-1.85301e-07,-1.53808e-05,0.23699,0.134706,1.75931,0
6,19,6,10.0,-9.45245e-08,-5.57376e-07,-1.64603e-05,0.236974,0.134706,1.75919,0
7,19,6,10.0,-1.39803e-07,-7.79037e-07,-1.74044e-05,0.236966,0.134707,1.75913,0
8,19,6,10.0,-1.96228e-07,-9.25079e-07,-1.81757e-05,0.236963,0.134707,1.7591,0
9,19,6,10.0,-8.23194e-08,-9.12945e-07,-1.87148e-05,0.236961,0.134707,1.75909,0
10,19,6,10.0,-1.75193e-07,-9.27641e-07,-1.90158e-05,0.23696,0.134707,1.75908,0
11,19,6,10.0,-1.53825e-07,-9.17034e-07,-1.91356e-05,0.23696,0.134707,1.75908,0
12,19,6,10.0,-1.36679e-07,-8.92041e-07,-1.90775e-05,0.23696,0.134707,1.75908,0
13,19,6,10.0,-1.64293e-07,-9.1555e-07,-1.85373e-05,0.23837,0.13475,1.76898,0
14,19,6,10.0,-2.27929e-07,-1.2215e-06,-1.80619e-05,0.237614,0.13472,1.76376,0
15,19,6,10.0,-1.97608e-07,-1.10633e-06,-1.73921e-05,0.237263,0.13471,1.7613,0
16,19,6,10.0,-2.0573e-07,-9.75538e-07,-1.65521e-05,0.23709,0.134705,1.76007,0
17,19,6,10.0,-2.04658e-07,-1.04733e-06,-1.55361e-05,0.23837,0.13475,1.76898,0
18,19,6,10.0,-1.80605e-07,-4.26894e-07,-1.4317e-05,0.237614,0.13472,1.76376,0
19,19,6,10.0,-1.77573e-07,-6.54285e-07,-1.31058e-05,0.237263,0.13471,1.7613,0
20,19,6,10.0,-1.96936e-07,-8.97028e-07,-1.18117e-05,0.2371,0.134706,1.76013,0
21,19,6,10.0,-1.92252e-07,-1.18905e-06,-1.03679e-05,0.237025,0.134706,1.75957,0
22,19,6,10.0,-1.95424e-07,-1.58248e-06,-8.71335e-06,0.23699,0.134706,1.75931,0
23,19,6,10.0,-2.29216e-07,-2.11633e-06,-6.77776e-06,0.236974,0.134706,1.75919,0
0,20,6,10.0,-5.24076e-08,-1.18862e-06,-1.32768e-05,0.238391,0.134753,1.76909,0
1,20,6,10.0,2.83024e-07,3.51005e-06,-1.28079e-05,0.237624,0.134721,1.76382,0
2,20,6,10.0,1.93983e-07,2.17333e-06,-1.32755e-05,0.237268,0.13471,1.76132,0
3,20,6,10.0,1.38546e-08,1.03326e-06,-1.41838e-05,0.237102,0.134707,1.76014,0
4,20,6,10.0,1.08957e-08,3.3981e-07,-1.52746e-05,0.237026,0.134706,1.75958,0
5,20,6,10.0,-1.87955e-08,-2.48667e-07,-1.6405e-05,0.23699,0.134706,1.75931,0
6,20,6,10.0,-1.38446e-08,-5.124e-07,-1.74517e-05,0.236974,0.134706,1.75919,0
7,20,6,10.0,-6.94358e-08,-8.13063e-07,-1.83733e-05,0.236966,0.134707,1.75913,0
8,20,6,10.0,-4.27046e-08,-9.1612e-07,-1.91077e-05,0.236963,0.134707,1.7591,0
9,20,6,10.0,-2.90328e-08,-9.35775e-07,-1.95976e-05,0.236961,0.134707,1.75909,0
10,20,6,10.0,-3.71396e-08,-9.3855e-07,-1.98931e-05,0.23696,0.134707,1.75908,0
11,20,6,10.0,-2.82465e-08,-8.21078e-07,-1.99908e-05,0.23696,0.134707,1.75908,0
12,20,6,10.0,-5.89045e-08,-8.64388e-07,-1.99302e-05,0.23696,0.134707,1.75908,0
13,20,6,10.0,-1.17807e-07,-9.01569e-07,-1.93913e-05,0.23837,0.13475,1.76898,0
14,20,6,10.0,-1.59639e-07,-1.22976e-06,-1.89164e-05,0.237614,0.13472,1.76376,0
15,20,6,10.0,-1.72236e-07,-1.14256e-06,-1.82316e-05,0.237263,0.13471,1.7613,0
16,20,6,10.0,-1.49019e-07,-9.83549e-07,-1.73668e-05,0.23709,0.134705,1.76007,0
17,20,6,10.0,-1.41929e-07,-1.07679e-06,-1.63178e-05,0.23837,0.13475,1.76898,0
18,20,6,10.0,-2.04561e-07,-4.91023e-07,-1.50627e-05,0.237614,0.13472,1.76376,0
19,20,6,10.0,-1.79743e-07,-6.92223e-07,-1.37918e-05,0.237263,0.13471,1.7613,0
20,20,6,10.0,-1.48775e-07,-9.38204e-07,-1.24236e-05,0.2371,0.134706,1.76013,0
21,20,6,10.0,-1.46071e-07,-1.22864e-06,-1.08933e-05,0.237025,0.134706,1.75957,0
22,20,6,10.0,-1.53512e-07,-1.62843e-06,-9.14505e-06,0.23699,0.134706,1.75931,0
23,20,6,10.0,-1.67294e-07,-2.17154e-06,-7.11151e-06,0.236974,0.134706,1.75919,0
0,21,6,10.0,-1.69132e-08,-1.24799e-06,-1.37069e-05,0.238391,0.134753,1.76909,0
1,21,6,10.0,1.8764e-07,3.63953e-06,-1.32771e-05,0.237624,0.134721,1.76382,0
2,21,6,10.0,6.33417e-08,2.10388e-06,-1.37624e-05,0.237268,0.13471,1.76132,0
3,21,6,10.0,9.50278e-08,1.11698e-06,-1.46411e-05,0.237102,0.134707,1.76014,0
4,21,6,10.0,8.07765e-08,3.06247e-07,-1.56711e-05,0.237026,0.134706,1.75958,0
5,21,6,10.0,9.78629e-08,-1.94217e-07,-1.67069e-05,0.23699,0.134706,1.75931,0
6,21,6,10.0,5.27654e-08,-5.49888e-07,-1.7673e-05,0.236974,0.134706,1.75919,0
7,21,6,10.0,7.10348e-08,-7.58544e-07,-1.85148e-05,0.236966,0.134707,1.75913,0
8,21,6,10.0,1.39042e-07,-8.41402e-07,-1.91712e-05,0.236963,0.134707,1.7591,0
9,21,6,10.0,1.00105e-07,-8.48646e-07,-1.96307e-05,0.236961,0.134707,1.75909,0
10,21,6,10.0,1.16336e-07,-7.82916e-07,-1.99122e-05,0.23696,0.134707,1.75908,0
11,21,6,10.0,5.19654e-08,-7.94728e-07,-2.0035e-05,0.23696,0.134707,1.75908,0
12,21,6,10.0,3.36158e-08,-7.59478e-07,-2.00242e-05,0.23696,0.134707,1.75908,0
13,21,6,10.0,-3.41303e-08,-8.47541e-07,-1.96124e-05,0.23837,0.13475,1.76898,0
14,21,6,10.0,-6.15214e-08,-1.18734e-06,-1.91836e-05,0.237614,0.13472,1.76376,0
15,21,6,10.0,-6.35701e-08,-1.07519e-06,-1.85384e-05,0.237263,0.13471,1.7613,0
16,21,6,10.0,-5.63674e-08,-9.60081e-07,-1.76971e-05,0.23709,0.134705,1.76007,0
17,21,6,10.0,-4.91049e-08,-1.04057e-06,-1.66773e-05,0.23837,0.13475,1.76898,0
18,21,6,10.0,-1.56357e-07,-5.04533e-07,-1.54572e-05,0.237614,0.13472,1.76376,0
19,21,6,10.0,-1.16563e-07,-7.11129e-07,-1.41654e-05,0.237263,0.13471,1.7613,0
20,21,6,10.0,-9.34355e-08,-9.40696e-07,-1.27478e-05,0.2371,0.134706,1.76013,0
21,21,6,10.0,-8.45841e-08,-1.24448e-06,-1.11625e-05,0.237025,0.134706,1.75957,0
22,21,6,10.0,-8.84005e-08,-1.64172e-06,-9.35932e-06,0.23699,0.134706,1.75931,0
23,21,6,10.0,-8.52805e-08,-2.17321e-06,-7.26764e-06,0.236974,0.134706,1.75919,0
0,22,6,10.0,7.40189e-08,-1.19408e-06,-1.37589e-05,0.238391,0.134753,1.76909,0
1,22,6,10.0,2.43925e-08,3.57815e-06,-1.33473e-05,0.237624,0.134721,1.76382,0
2,22,6,10.0,1.06274e-07,2.15954e-06,-1.37793e-05,0.237268,0.13471,1.76132,0
3,22,6,10.0,1.5629e-07,1.12149e-06,-1.45445e-05,0.237102,0.134707,1.76014,0
4,22,6,10.0,1.57184e-07,3.84814e-07,-1.54496e-05,0.237026,0.134706,1.75958,0
5,22,6,10.0,1.36423e-07,-1.0948e-07,-1.63593e-05,0.23699,0.134706,1.75931,0
6,22,6,10.0,1.67566e-07,-4.30268e-07,-1.72095e-05,0.236974,0.134706,1.75919,0
7,22,6,10.0,2.08478e-07,-6.24761e-07,-1.7946e-05,0.236966,0.134707,1.75913,0
8,22,6,10.0,2.07408e-07,-7.0745e-07,-1.85325e-05,0.236963,0.134707,1.7591,0
9,22,6,10.0,1.87059e-07,-6.80928e-07,-1.89787e-05,0.236961,0.134707,1.75909,0
10,22,6,10.0,1.67303e-07,-6.71695e-07,-1.92809e-05,0.23696,0.134707,1.75908,0
11,22,6,10.0,1.48271e-07,-6.24267e-07,-1.94644e-05,0.23696,0.134707,1.75908,0
12,22,6,10.0,8.88967e-08,-6.49425e-07,-1.95303e-05,0.23696,0.134707,1.75908,0
13,22,6,10.0,5.81164e-08,-7.54093e-07,-1.93034e-05,0.23837,0.13475,1.76898,0
14,22,6,10.0,1.40814e-08,-1.10001e-06,-1.895e-05,0.237614,0.13472,1.76376,0
15,22,6,10.0,1.40049e-08,-1.01811e-06,-1.8368e-05,0.237263,0.13471,1.7613,0
16,22,6,10.0,1.342e-08,-8.98308e-07,-1.75862e-05,0.23709,0.134705,1.76007,0
17,22,6,10.0,2.31707e-08,-9.85364e-07,-1.66276e-05,0.23837,0.13475,1.76898,0
18,22,6,10.0,-8.59722e-08,-4.93255e-07,-1.54805e-05,0.237614,0.13472,1.76376,0
19,22,6,10.0,-3.14866e-08,-6.8682e-07,-1.41999e-05,0.237263,0.13471,1.7613,0
20,22,6,10.0,-1.39859e-08,-9.16977e-07,-1.27688e-05,0.2371,0.134706,1.76013,0
21,22,6,10.0,-9.92504e-09,-1.21638e-06,-1.11608e-05,0.237025,0.134706,1.75957,0
22,22,6,10.0,-4.50153e-09,-1.6104e-06,-9.33522e-06,0.23699,0.134706,1.75931,0
23,22,6,10.0,-4.19472e-09,-2.13811e-06,-7.22646e-06,0.236974,0.134706,1.75919,0
0,23,6,10.0,1.11234e-07,-1.12442e-06,-1.34157e-05,0.238391,0.134753,1.76909,0
1,23,6,10.0,3.76268e-08,3.55569e-06,-1.31206e-05,0.237624,0.134721,1.76382,0
2,23,6,10.0,1.16194e-07,2.19373e-06,-1.34773e-05,0.237268,0.13471,1.76132,0
3,23,6,10.0,1.69328e-07,1.19816e-06,-1.41226e-05,0.237102,0.134707,1.76014,0
4,23,6,10.0,1.96497e-07,4.92049e-07,-1.48983e-05,0.237026,0.134706,1.75958,0
5,23,6,10.0,2.00977e-07,1.67297e-08,-1.56928e-05,0.23699,0.134706,1.75931,0
6,23,6,10.0,2.04175e-07,-2.89871e-07,-1.64351e-05,0.236974,0.134706,1.75919,0
7,23,6,10.0,2.27735e-07,-4.6819e-07,-1.70877e-05,0.236966,0.134707,1.75913,0
8,23,6,10.0,2.26906e-07,-5.27802e-07,-1.76372e-05,0.236963,0.134707,1.7591,0
9,23,6,10.0,2.40444e-07,-5.43677e-07,-1.80852e-05,0.236961,0.134707,1.75909,0
10,23,6,10.0,1.91332e-07,-4.54841e-07,-1.84321e-05,0.23696,0.134707,1.75908,0
11,23,6,10.0,1.54141e-07,-5.13557e-07,-1.8685e-05,0.23696,0.134707,1.75908,0
12,23,6,10.0,1.33809e-07,-5.41321e-07,-1.884e-05,0.23696,0.134707,1.75908,0
13,23,6,10.0,1.08366e-07,-6.57192e-07,-1.87676e-05,0.23837,0.13475,1.76898,0
14,23,6,10.0,8.46146e-08,-9.93828e-07,-1.84854e-05,0.237614,0.13472,1.76376,0
15,23,6,10.0,7.62758e-08,-9.22092e-07,-1.79667e-05,0.237263,0.13471,1.7613,0
16,23,6,10.0,7.5102e-08,-8.24657e-07,-1.72451e-05,0.23709,0.134705,1.76007,0
17,23,6,10.0,8.65514e-08,-8.9979e-07,-1.63446e-05,0.23837,0.13475,1.76898,0
18,23,6,10.0,-1.92692e-08,-4.66791e-07,-1.52661e-05,0.237614,0.13472,1.76376,0
19,23,6,10.0,1.56825e-08,-6.47494e-07,-1.40122e-05,0.237263,0.13471,1.7613,0
20,23,6,10.0,2.83208e-08,-8.7712e-07,-1.25893e-05,0.2371,0.134706,1.76013,0
21,23,6,10.0,2.8432e-08,-1.17282e-06,-1.09827e-05,0.237025,0.134706,1.75957,0
22,23,6,10.0,2.92627e-08,-1.56282e-06,-9.15696e-06,0.23699,0.134706,1.75931,0
23,23,6,10.0,3.6238e-08,-2.08087e-06,-7.05827e-06,0.236974,0.134706,1.75919,0
0,0,7,10.0,-6.82434e-09,-3.70013e-07,-3.82494e-06,0.238373,0.134724,1.76935,0
1,0,7,10.0,-4.66511e-08,3.92175e-07,-3.63217e-06,0.237592,0.134677,1.76416,0
2,0,7,10.0,-5.03955e-08,-5.98251e-09,-3.87522e-06,0.237226,0.134659,1.76168,0
3,0,7,10.0,-5.85071e-08,-3.0485e-07,-4.32773e-06,0.237055,0.134653,1.76049,0
4,0,7,10.0,-6.51354e-08,-5.31664e-07,-4.90552e-06,0.236975,0.134651,1.75992,0
5,0,7,10.0,-7.05314e-08,-7.05578e-07,-5.54981e-06,0.236937,0.134651,1.75964,0
6,0,7,10.0,-7.31522e-08,-8.37882e-07,-6.21579e-06,0.23692,0.134651,1.75951,0
7,0,7,10.0,-7.36707e-08,-9.3584e-07,-6.86392e-06,0.236911,0.134651,1.75945,0
8,0,7,10.0,-7.60268e-08,-1.00101e-06,-7.46283e-06,0.236908,0.134651,1.75942,0
9,0,7,10.0,-7.52924e-08,-1.06238e-06,-8.0075e-06,0.236906,0.134651,1.7594,0
10,0,7,10.0,-8.17387e-08,-1.11044e-06,-8.50843e-06,0.236905,0.134651,1.7594,0
11,0,7,10.0,-9.68281e-08,-1.14674e-06,-8.96202e-06,0.236904,0.134651,1.75939,0
12,0,7,10.0,-6.53513e-08,-1.20035e-06,-9.35371e-06,0.236904,0.134651,1.75939,0
13,0,7,10.0,-6.78454e-08,-1.20515e-06,-9.79401e-06,0.238354,0.134719,1.76927,0
14,0,7,10.0,-4.72698e-08,-1.25337e-06,-9.82053e-06,0.237583,0.134675,1.76412,0
15,0,7,10.0,-4.49708e-08,-1.16544e-06,-9.65298e-06,0.237222,0.134658,1.76166,0
16,0,7,10.0,-4.82491e-08,-1.05068e-06,-9.34602e-06,0.237053,0.134653,1.76048,0
17,0,7,10.0,-5.32066e-08,-9.75623e-07,-8.92823e-06,0.236974,0.134651,1.75991,0
18,0,7,10.0,-5.02308e-08,-9.08082e-07,-8.42499e-06,0.236937,0.134651,1.75964,0
19,0,7,10.0,-3.83116e-08,-8.66202e-07,-7.83805e-06,0.236919,0.134651,1.75951,0
20,0,7,10.0,-3.23204e-08,-8.31611e-07,-7.15891e-06,0.236911,0.134651,1.75945,0
21,0,7,10.0,-3.00664e-08,-8.34672e-07,-6.36495e-06,0.236907,0.134651,1.75942,0
22,0,7,10.0,-2.25802e-08,-8.68206e-07,-5.42859e-06,0.236906,0.134651,1.7594,0
23,0,7,10.0,-1.2886e-08,-9.27273e-07,-4.29663e-06,0.236905,0.134651,1.7594,0
0,1,7,10.0,-1.20099e-08,-2.67549e-07,-3.6098e-06,0.238383,0.134726,1.7694,0
1,1,7,10.0,-1.09655e-07,1.03053e-06,-3.47612e-06,0.237611,0.134681,1.76425,0
2,1,7,10.0,-1.20237e-07,6.92386e-07,-3.69881e-06,0.237251,0.134665,1.76179,0
3,1,7,10.0,-1.39839e-07,4.46618e-07,-4.11838e-06,0.237084,0.134659,1.76062,0
4,1,7,10.0,-1.58213e-07,2.68392e-07,-4.65651e-06,0.237006,0.134658,1.76006,0
5,1,7,10.0,-1.73468e-07,1.3691e-07,-5.25978e-06,0.23697,0.134658,1.75979,0
6,1,7,10.0,-1.80985e-07,4.07287e-08,-5.88177e-06,0.236953,0.134658,1.75967,0
7,1,7,10.0,-1.86073e-07,-3.07975e-08,-6.48788e-06,0.236945,0.134658,1.75961,0
8,1,7,10.0,-2.00553e-07,-7.45145e-08,-7.04961e-06,0.236942,0.134658,1.75958,0
9,1,7,10.0,-2.25459e-07,-1.1427e-07,-7.56118e-06,0.23694,0.134658,1.75956,0
10,1,7,10.0,-2.28903e-07,-1.57057e-07,-8.0295e-06,0.236939,0.134658,1.75956,0
11,1,7,10.0,-2.43894e-07,-2.00728e-07,-8.45252e-06,0.236939,0.134658,1.75955,0
12,1,7,10.0,-2.24429e-07,-2.29625e-07,-8.80507e-06,0.236938,0.134658,1.75955,0
13,1,7,10.0,-2.03584e-07,-2.87076e-07,-9.20638e-06,0.238364,0.134721,1.76931,0
14,1,7,10.0,-1.65649e-07,-4.11386e-07,-9.22717e-06,0.237602,0.134679,1.76421,0
15,1,7,10.0,-1.70293e-07,-3.45924e-07,-9.08069e-06,0.237247,0.134664,1.76177,0
16,1,7,10.0,-1.67354e-07,-3.12824e-07,-8.80544e-06,0.237082,0.134659,1.76061,0
17,1,7,10.0,-1.64598e-07,-2.91929e-07,-8.42638e-06,0.237005,0.134658,1.76006,0
18,1,7,10.0,-1.50769e-07,-3.0276e-07,-7.95805e-06,0.236969,0.134658,1.75979,0
19,1,7,10.0,-1.32829e-07,-3.2528e-07,-7.40531e-06,0.236953,0.134658,1.75967,0
20,1,7,10.0,-1.10651e-07,-3.87218e-07,-6.76029e-06,0.236945,0.134658,1.7596,0
21,1,7,10.0,-9.28839e-08,-4.77129e-07,-6.0056e-06,0.236941,0.134658,1.75958,0
22,1,7,10.0,-6.90275e-08,-6.06545e-07,-5.11168e-06,0.23694,0.134658,1.75956,0
23,1,7,10.0,-4.06008e-08,-7.79846e-07,-4.03448e-06,0.236939,0.134658,1.75956,0
0,2,7,10.0,-1.44655e-08,-2.71431e-07,-3.49412e-06,0.238383,0.134726,1.7694,0
1,2,7,10.0,-8.30178e-08,1.01495e-06,-3.37169e-06,0.237611,0.134681,1.76425,0
2,2,7,10.0,-1.00077e-07,6.71141e-07,-3.584e-06,0.237252,0.134665,1.76179,0
3,2,7,10.0,-1.04093e-07,4.25756e-07,-3.97974e-06,0.237084,0.134659,1.76062,0
4,2,7,10.0,-1.25564e-07,2.42837e-07,-4.48937e-06,0.237006,0.134658,1.76006,0
5,2,7,10.0,-1.20896e-07,1.14489e-07,-5.05412e-06,0.23697,0.134658,1.75979,0
6,2,7,10.0,-1.3576e-07,1.34767e-08,-5.63539e-06,0.236953,0.134658,1.75967,0
7,2,7,10.0,-1.2658e-07,-5.62252e-08,-6.19787e-06,0.236946,0.134658,1.75961,0
8,2,7,10.0,-1.57218e-07,-1.04072e-07,-6.72138e-06,0.236942,0.134658,1.75958,0
9,2,7,10.0,-1.77914e-07,-1.51062e-07,-7.19469e-06,0.23694,0.134658,1.75956,0
10,2,7,10.0,-1.88522e-07,-1.85698e-07,-7.61495e-06,0.236939,0.134659,1.75956,0
11,2,7,10.0,-1.85258e-07,-2.25872e-07,-7.9863e-06,0.236939,0.134659,1.75955,0
12,2,7,10.0,-1.65142e-07,-2.66331e-07,-8.28657e-06,0.236939,0.134659,1.75955,0
13,2,7,10.0,-1.18669e-07,-3.0465e-07,-8.60401e-06,0.238364,0.134721,1.76931,0
14,2,7,10.0,-8.91919e-08,-4.27394e-07,-8.6044e-06,0.237602,0.134679,1.76421,0
15,2,7,10.0,-1.07904e-07,-3.7042e-07,-8.46484e-06,0.237247,0.134664,1.76177,0
16,2,7,10.0,-1.14051e-07,-3.32824e-07,-8.2111e-06,0.237082,0.134659,1.76061,0
17,2,7,10.0,-1.08899e-07,-3.14841e-07,-7.8615e-06,0.237005,0.134658,1.76006,0
18,2,7,10.0,-1.00764e-07,-3.21695e-07,-7.42519e-06,0.23697,0.134658,1.75979,0
19,2,7,10.0,-8.99883e-08,-3.50326e-07,-6.90648e-06,0.236953,0.134658,1.75967,0
20,2,7,10.0,-7.88351e-08,-4.06506e-07,-6.29764e-06,0.236945,0.134658,1.75961,0
21,2,7,10.0,-5.8702e-08,-4.95017e-07,-5.58402e-06,0.236942,0.134658,1.75958,0
22,2,7,10.0,-3.65711e-08,-6.19219e-07,-4.73995e-06,0.23694,0.134658,1.75956,0
23,2,7,10.0,-9.73183e-09,-7.89034e-07,-3.72709e-06,0.236939,0.134659,1.75956,0
0,3,7,10.0,-1.09843e-08,-2.80118e-07,-3.43778e-06,0.238383,0.134726,1.7694,0
1,3,7,10.0,-6.15022e-08,9.91831e-07,-3.31108e-06,0.237611,0.134681,1.76425,0
2,3,7,10.0,-6.92263e-08,6.56944e-07,-3.51367e-06,0.237252,0.134665,1.76179,0
3,3,7,10.0,-9.37093e-08,3.93799e-07,-3.89579e-06,0.237084,0.134659,1.76062,0
4,3,7,10.0,-9.162e-08,2.19109e-07,-4.38204e-06,0.237006,0.134658,1.76006,0
5,3,7,10.0,-1.13921e-07,7.1795e-08,-4.91883e-06,0.23697,0.134658,1.75979,0
6,3,7,10.0,-1.11909e-07,-1.71106e-08,-5.46561e-06,0.236953,0.134658,1.75967,0
7,3,7,10.0,-1.26673e-07,-1.02471e-07,-5.9941e-06,0.236946,0.134658,1.75961,0
8,3,7,10.0,-1.44416e-07,-1.53743e-07,-6.48341e-06,0.236942,0.134658,1.75958,0
9,3,7,10.0,-1.65422e-07,-1.96398e-07,-6.91558e-06,0.23694,0.134658,1.75956,0
10,3,7,10.0,-1.9556e-07,-2.43538e-07,-7.28747e-06,0.236939,0.134659,1.75956,0
11,3,7,10.0,-1.83064e-07,-2.88089e-07,-7.59627e-06,0.236939,0.134659,1.75955,0
12,3,7,10.0,-1.49682e-07,-3.10902e-07,-7.83038e-06,0.236939,0.134659,1.75955,0
13,3,7,10.0,-1.13256e-07,-3.35439e-07,-8.0403e-06,0.238364,0.134721,1.76931,0
14,3,7,10.0,-8.56032e-08,-4.46989e-07,-8.0108e-06,0.237602,0.134679,1.76421,0
15,3,7,10.0,-1.02538e-07,-3.95504e-07,-7.86844e-06,0.237247,0.134664,1.76177,0
16,3,7,10.0,-1.0713e-07,-3.5765e-07,-7.62789e-06,0.237082,0.134659,1.76061,0
17,3,7,10.0,-1.02692e-07,-3.39435e-07,-7.29974e-06,0.237005,0.134658,1.76006,0
18,3,7,10.0,-1.01124e-07,-3.41682e-07,-6.89302e-06,0.23697,0.134658,1.75979,0
19,3,7,10.0,-9.83306e-08,-3.70195e-07,-6.40683e-06,0.236953,0.134658,1.75967,0
20,3,7,10.0,-8.35964e-08,-4.28639e-07,-5.83558e-06,0.236945,0.134658,1.75961,0
21,3,7,10.0,-6.68781e-08,-5.10213e-07,-5.16343e-06,0.236942,0.134658,1.75958,0
22,3,7,10.0,-4.74724e-08,-6.28703e-07,-4.36961e-06,0.23694,0.134658,1.75956,0
23,3,7,10.0,-1.86375e-08,-7.92073e-07,-3.42048e-06,0.236939,0.134659,1.75956,0
0,4,7,10.0,-1.3437e-08,-2.60693e-07,-3.4199e-06,0.238383,0.134726,1.7694,0
1,4,7,10.0,-4.95306e-08,9.83646e-07,-3.2816e-06,0.237611,0.134681,1.76425,0
2,4,7,10.0,-6.9543e-08,6.31053e-07,-3.47835e-06,0.237252,0.134665,1.76179,0
3,4,7,10.0,-7.78766e-08,3.69353e-07,-3.8503e-06,0.237084,0.134659,1.76062,0
4,4,7,10.0,-8.2583e-08,1.86055e-07,-4.31748e-06,0.237006,0.134658,1.76006,0
5,4,7,10.0,-9.12288e-08,3.90983e-08,-4.8321e-06,0.23697,0.134658,1.75979,0
6,4,7,10.0,-9.52094e-08,-4.67292e-08,-5.35413e-06,0.236953,0.134658,1.75967,0
7,4,7,10.0,-1.02061e-07,-1.40534e-07,-5.85784e-06,0.236946,0.134658,1.75961,0
8,4,7,10.0,-1.203e-07,-1.82006e-07,-6.32246e-06,0.236942,0.134658,1.75958,0
9,4,7,10.0,-1.53774e-07,-2.49632e-07,-6.72578e-06,0.23694,0.134658,1.75956,0
10,4,7,10.0,-1.69712e-07,-2.99467e-07,-7.06302e-06,0.236939,0.134659,1.75956,0
11,4,7,10.0,-1.70034e-07,-3.2914e-07,-7.3202e-06,0.236939,0.134659,1.75955,0
12,4,7,10.0,-1.52348e-07,-3.54873e-07,-7.49769e-06,0.236939,0.134659,1.75955,0
13,4,7,10.0,-1.18246e-07,-3.6623e-07,-7.61547e-06,0.238364,0.134721,1.76931,0
14,4,7,10.0,-1.00806e-07,-4.71009e-07,-7.55834e-06,0.237602,0.134679,1.76421,0
15,4,7,10.0,-1.1029e-07,-4.18876e-07,-7.40888e-06,0.237247,0.134664,1.76177,0
16,4,7,10.0,-1.11028e-07,-3.80287e-07,-7.17379e-06,0.237082,0.134659,1.76061,0
17,4,7,10.0,-1.10516e-07,-3.58307e-07,-6.86085e-06,0.237005,0.134658,1.76006,0
18,4,7,10.0,-1.11174e-07,-3.66311e-07,-6.47589e-06,0.23697,0.134658,1.75979,0
19,4,7,10.0,-1.05752e-07,-3.96847e-07,-6.01739e-06,0.236953,0.134658,1.75967,0
20,4,7,10.0,-9.579e-08,-4.44545e-07,-5.47531e-06,0.236945,0.134658,1.75961,0
21,4,7,10.0,-8.29415e-08,-5.27704e-07,-4.83683e-06,0.236942,0.134658,1.75958,0
22,4,7,10.0,-6.56605e-08,-6.39997e-07,-4.08226e-06,0.23694,0.134658,1.75956,0
23,4,7,10.0,-4.12448e-08,-7.97957e-07,-3.18166e-06,0.236939,0.134659,1.75956,0
0,5,7,10.0,-7.88637e-09,-2.94389e-07,-3.39937e-06,0.238383,0.134726,1.7694,0
1,5,7,10.0,-2.91431e-08,9.79201e-07,-3.25155e-06,0.237611,0.134681,1.76425,0
2,5,7,10.0,-4.43407e-08,6.18199e-07,-3.44145e-06,0.237252,0.134665,1.76179,0
3,5,7,10.0,-3.66141e-08,3.64358e-07,-3.79778e-06,0.237084,0.134659,1.76062,0
4,5,7,10.0,-5.15489e-08,1.55465e-07,-4.24464e-06,0.237006,0.134658,1.76006,0
5,5,7,10.0,-5.64051e-08,2.7555e-08,-4.73838e-06,0.23697,0.134658,1.75979,0
6,5,7,10.0,-6.37584e-08,-9.29286e-08,-5.23789e-06,0.236953,0.134658,1.75967,0
7,5,7,10.0,-7.96122e-08,-1.58929e-07,-5.72643e-06,0.236946,0.134658,1.75961,0
8,5,7,10.0,-8.22014e-08,-2.32921e-07,-6.17492e-06,0.236942,0.134658,1.75958,0
9,5,7,10.0,-1.0879e-07,-2.81195e-07,-6.56623e-06,0.23694,0.134658,1.75956,0
10,5,7,10.0,-1.26164e-07,-3.30661e-07,-6.88327e-06,0.236939,0.134659,1.75956,0
11,5,7,10.0,-1.42047e-07,-3.73677e-07,-7.12047e-06,0.236939,0.134659,1.75955,0
12,5,7,10.0,-1.31191e-07,-3.88079e-07,-7.27376e-06,0.236939,0.134659,1.75955,0
13,5,7,10.0,-1.13091e-07,-3.90259e-07,-7.35108e-06,0.238364,0.134721,1.76931,0
14,5,7,10.0,-1.10467e-07,-4.90992e-07,-7.28256e-06,0.237602,0.134679,1.76421,0
15,5,7,10.0,-1.12146e-07,-4.38551e-07,-7.13149e-06,0.237247,0.134664,1.76177,0
16,5,7,10.0,-1.11524e-07,-3.96725e-07,-6.9016e-06,0.237082,0.134659,1.76061,0
17,5,7,10.0,-1.14376e-07,-3.82348e-07,-6.59994e-06,0.237005,0.134658,1.76006,0
18,5,7,10.0,-1.13572e-07,-3.83458e-07,-6.22943e-06,0.23697,0.134658,1.75979,0
19,5,7,10.0,-1.08603e-07,-4.11396e-07,-5.78609e-06,0.236953,0.134658,1.75967,0
20,5,7,10.0,-1.04684e-07,-4.66092e-07,-5.26184e-06,0.236945,0.134658,1.75961,0
21,5,7,10.0,-9.44662e-08,-5.43219e-07,-4.64271e-06,0.236942,0.134658,1.75958,0
22,5,7,10.0,-8.18167e-08,-6.53663e-07,-3.90903e-06,0.23694,0.134658,1.75956,0
23,5,7,10.0,-6.81412e-08,-8.09954e-07,-3.03599e-06,0.236939,0.134659,1.75956,0
0,6,7,10.0,9.18216e-09,-2.9697e-07,-3.32697e-06,0.238383,0.134726,1.7694,0
1,6,7,10.0,-5.96226e-09,9.79832e-07,-3.20457e-06,0.237611,0.134681,1.76425,0
2,6,7,10.0,1.30184e-09,6.18536e-07,-3.38511e-06,0.237252,0.134665,1.76179,0
3,6,7,10.0,-8.70747e-09,3.48975e-07,-3.71842e-06,0.237084,0.134659,1.76062,0
4,6,7,10.0,-1.89638e-08,1.42974e-07,-4.14305e-06,0.237006,0.134658,1.76006,0
5,6,7,10.0,-2.35215e-08,2.56503e-09,-4.61517e-06,0.23697,0.134658,1.75979,0
6,6,7,10.0,-4.3309e-08,-1.11152e-07,-5.10045e-06,0.236953,0.134658,1.75967,0
7,6,7,10.0,-3.80775e-08,-1.81861e-07,-5.5784e-06,0.236946,0.134658,1.75961,0
8,6,7,10.0,-5.52267e-08,-2.49592e-07,-6.02224e-06,0.236942,0.134658,1.75958,0
9,6,7,10.0,-7.04386e-08,-3.07541e-07,-6.41569e-06,0.23694,0.134658,1.75956,0
10,6,7,10.0,-9.19929e-08,-3.6011e-07,-6.73966e-06,0.236939,0.134659,1.75956,0
11,6,7,10.0,-1.05264e-07,-3.93926e-07,-6.98873e-06,0.236939,0.134659,1.75955,0
12,6,7,10.0,-1.21199e-07,-4.10388e-07,-7.15709e-06,0.236939,0.134659,1.75955,0
13,6,7,10.0,-1.10163e-07,-4.10125e-07,-7.25722e-06,0.238364,0.134721,1.76931,0
14,6,7,10.0,-1.23005e-07,-5.12335e-07,-7.19836e-06,0.237602,0.134679,1.76421,0
15,6,7,10.0,-1.17801e-07,-4.56953e-07,-7.05526e-06,0.237247,0.134664,1.76177,0
16,6,7,10.0,-1.16749e-07,-4.17391e-07,-6.83367e-06,0.237082,0.134659,1.76061,0
17,6,7,10.0,-1.15958e-07,-3.95024e-07,-6.53941e-06,0.237005,0.134658,1.76006,0
18,6,7,10.0,-1.18032e-07,-4.0176e-07,-6.17418e-06,0.23697,0.134658,1.75979,0
19,6,7,10.0,-1.19958e-07,-4.31112e-07,-5.73405e-06,0.236953,0.134658,1.75967,0
20,6,7,10.0,-1.12256e-07,-4.82767e-07,-5.21095e-06,0.236945,0.134658,1.75961,0
21,6,7,10.0,-1.05002e-07,-5.60274e-07,-4.59167e-06,0.236942,0.134658,1.75958,0
22,6,7,10.0,-1.03464e-07,-6.72577e-07,-3.85949e-06,0.23694,0.134658,1.75956,0
23,6,7,10.0,-1.02104e-07,-8.30661e-07,-2.98983e-06,0.236939,0.134659,1.75956,0
0,7,7,10.0,-9.35158e-10,-3.04484e-07,-3.28432e-06,0.238383,0.134726,1.7694,0
1,7,7,10.0,3.16672e-08,9.89918e-07,-3.19137e-06,0.237611,0.134681,1.76425,0
2,7,7,10.0,2.35673e-08,6.22674e-07,-3.35979e-06,0.237252,0.134665,1.76179,0
3,7,7,10.0,1.2732e-08,3.43473e-07,-3.67206e-06,0.237084,0.134659,1.76062,0
4,7,7,10.0,-1.77426e-09,1.31911e-07,-4.0754e-06,0.237006,0.134658,1.76006,0
5,7,7,10.0,-1.44726e-08,-1.89638e-08,-4.52982e-06,0.23697,0.134658,1.75979,0
6,7,7,10.0,-2.46329e-08,-1.2535e-07,-5.00883e-06,0.236953,0.134658,1.75967,0
7,7,7,10.0,-3.91013e-08,-2.04791e-07,-5.48781e-06,0.236946,0.134658,1.75961,0
8,7,7,10.0,-5.05288e-08,-2.66485e-07,-5.95206e-06,0.236942,0.134658,1.75958,0
9,7,7,10.0,-6.331e-08,-3.22244e-07,-6.36748e-06,0.23694,0.134658,1.75956,0
10,7,7,10.0,-1.07812e-07,-3.71621e-07,-6.72802e-06,0.236939,0.134659,1.75956,0
11,7,7,10.0,-1.28638e-07,-4.18831e-07,-7.01931e-06,0.236939,0.134659,1.75955,0
12,7,7,10.0,-1.26323e-07,-4.39966e-07,-7.22797e-06,0.236939,0.134659,1.75955,0
13,7,7,10.0,-1.23843e-07,-4.32815e-07,-7.388e-06,0.238364,0.134721,1.76931,0
14,7,7,10.0,-1.46085e-07,-5.40302e-07,-7.34952e-06,0.237602,0.134679,1.76421,0
15,7,7,10.0,-1.34005e-07,-4.78371e-07,-7.21622e-06,0.237247,0.134664,1.76177,0
16,7,7,10.0,-1.27131e-07,-4.34187e-07,-6.9992e-06,0.237082,0.134659,1.76061,0
17,7,7,10.0,-1.27667e-07,-4.14941e-07,-6.70409e-06,0.237005,0.134658,1.76006,0
18,7,7,10.0,-1.29982e-07,-4.17138e-07,-6.33242e-06,0.23697,0.134658,1.75979,0
19,7,7,10.0,-1.29092e-07,-4.47276e-07,-5.87999e-06,0.236953,0.134658,1.75967,0
20,7,7,10.0,-1.27205e-07,-5.0297e-07,-5.33909e-06,0.236945,0.134658,1.75961,0
21,7,7,10.0,-1.28116e-07,-5.83835e-07,-4.70046e-06,0.236942,0.134658,1.75958,0
22,7,7,10.0,-1.33413e-07,-6.96085e-07,-3.94592e-06,0.23694,0.134658,1.75956,0
23,7,7,10.0,-1.4742e-07,-8.62779e-07,-3.05467e-06,0.236939,0.134659,1.75956,0
0,8,7,10.0,-2.02114e-08,-3.02722e-07,-3.34635e-06,0.238383,0.134726,1.7694,0
1,8,7,10.0,8.12068e-08,1.01402e-06,-3.28915e-06,0.237611,0.134681,1.76425,0
2,8,7,10.0,5.28845e-08,6.36357e-07,-3.45215e-06,0.237252,0.134665,1.76179,0
3,8,7,10.0,2.19045e-08,3.42018e-07,-3.7522e-06,0.237084,0.134659,1.76062,0
4,8,7,10.0,-6.4057e-09,1.2133e-07,-4.14377e-06,0.237006,0.134658,1.76006,0
5,8,7,10.0,-2.93062e-08,-3.63887e-08,-4.59402e-06,0.23697,0.134658,1.75979,0
6,8,7,10.0,-4.76176e-08,-1.47831e-07,-5.07884e-06,0.236953,0.134658,1.75967,0
7,8,7,10.0,-6.7286e-08,-2.24894e-07,-5.57963e-06,0.236946,0.134658,1.75961,0
8,8,7,10.0,-5.37839e-08,-2.82594e-07,-6.07709e-06,0.236942,0.134658,1.75958,0
9,8,7,10.0,-1.10527e-07,-3.24779e-07,-6.5446e-06,0.23694,0.134658,1.75956,0
10,8,7,10.0,-1.10135e-07,-4.23185e-07,-6.96235e-06,0.236939,0.134659,1.75956,0
11,8,7,10.0,-1.22569e-07,-4.69935e-07,-7.31424e-06,0.236939,0.134659,1.75955,0
12,8,7,10.0,-1.45448e-07,-4.89191e-07,-7.57196e-06,0.236939,0.134659,1.75955,0
13,8,7,10.0,-1.31565e-07,-4.90854e-07,-7.79651e-06,0.238364,0.134721,1.76931,0
14,8,7,10.0,-1.5099e-07,-5.7135e-07,-7.77027e-06,0.237602,0.134679,1.76421,0
15,8,7,10.0,-1.32203e-07,-5.03263e-07,-7.64052e-06,0.237247,0.134664,1.76177,0
16,8,7,10.0,-1.2377e-07,-4.5448e-07,-7.41585e-06,0.237082,0.134659,1.76061,0
17,8,7,10.0,-1.24256e-07,-4.28929e-07,-7.10655e-06,0.237005,0.134658,1.76006,0
18,8,7,10.0,-1.28635e-07,-4.33029e-07,-6.71209e-06,0.23697,0.134658,1.75979,0
19,8,7,10.0,-1.32849e-07,-4.6593e-07,-6.23006e-06,0.236953,0.134658,1.75967,0
20,8,7,10.0,-1.36922e-07,-5.23387e-07,-5.65389e-06,0.236945,0.134658,1.75961,0
21,8,7,10.0,-1.46154e-07,-6.05923e-07,-4.97406e-06,0.236942,0.134658,1.75958,0
22,8,7,10.0,-1.65438e-07,-7.30133e-07,-4.17598e-06,0.23694,0.134658,1.75956,0
23,8,7,10.0,-1.92633e-07,-9.0538e-07,-3.23597e-06,0.236939,0.134659,1.75956,0
0,9,7,10.0,-4.45866e-08,-3.34506e-07,-3.6108e-06,0.238393,0.134728,1.76944,0
1,9,7,10.0,1.61658e-07,1.05533e-06,-3.55634e-06,0.237629,0.134685,1.76433,0
2,9,7,10.0,9.89293e-08,6.49006e-07,-3.72155e-06,0.237276,0.13467,1.76191,0
3,9,7,10.0,5.0079e-08,3.37038e-07,-4.02149e-06,0.237113,0.134666,1.76075,0
4,9,7,10.0,4.47872e-09,9.69889e-08,-4.41836e-06,0.237038,0.134665,1.76021,0
5,9,7,10.0,-3.51198e-08,-6.55301e-08,-4.88092e-06,0.237002,0.134665,1.75994,0
6,9,7,10.0,-6.03294e-08,-1.89004e-07,-5.38481e-06,0.236986,0.134665,1.75982,0
7,9,7,10.0,-7.1497e-08,-2.77423e-07,-5.91224e-06,0.236979,0.134665,1.75976,0
8,9,7,10.0,-5.87625e-08,-3.29514e-07,-6.44466e-06,0.236966,0.134663,1.75969,0
9,9,7,10.0,-9.6613e-08,-3.97599e-07,-6.97673e-06,0.238373,0.134724,1.76935,0
10,9,7,10.0,-1.57235e-07,-8.41115e-07,-7.48109e-06,0.237621,0.134683,1.76429,0
11,9,7,10.0,-1.59532e-07,-8.53229e-07,-7.89205e-06,0.237272,0.134669,1.76189,0
12,9,7,10.0,-1.73089e-07,-8.53133e-07,-8.19759e-06,0.237111,0.134665,1.76074,0
13,9,7,10.0,-1.58289e-07,-7.82283e-07,-8.47974e-06,0.238373,0.134724,1.76935,0
14,9,7,10.0,-2.15044e-07,-1.01473e-06,-8.48288e-06,0.237621,0.134683,1.76429,0
15,9,7,10.0,-1.84514e-07,-8.69085e-07,-8.34471e-06,0.237272,0.134669,1.76189,0
16,9,7,10.0,-1.67928e-07,-7.62414e-07,-8.09667e-06,0.237111,0.134665,1.76074,0
17,9,7,10.0,-1.58033e-07,-6.92521e-07,-7.75062e-06,0.237037,0.134665,1.7602,0
18,9,7,10.0,-1.55896e-07,-6.5865e-07,-7.31348e-06,0.237002,0.134665,1.75994,0
19,9,7,10.0,-1.58619e-07,-6.58358e-07,-6.78147e-06,0.236986,0.134665,1.75982,0
20,9,7,10.0,-1.64214e-07,-6.94487e-07,-6.14839e-06,0.236979,0.134665,1.75976,0
21,9,7,10.0,-1.79021e-07,-7.63035e-07,-5.40715e-06,0.236975,0.134665,1.75973,0
22,9,7,10.0,-2.06399e-07,-8.72729e-07,-4.54029e-06,0.236974,0.134666,1.75972,0
23,9,7,10.0,-2.40584e-07,-1.04146e-06,-3.5226e-06,0.236973,0.134666,1.75972,0
0,10,7,10.0,-7.62105e-08,-3.57744e-07,-4.09095e-06,0.238383,0.134726,1.7694,0
1,10,7,10.0,2.41766e-07,1.13432e-06,-4.03301e-06,0.237611,0.134681,1.76425,0
2,10,7,10.0,1.64865e-07,7.03574e-07,-4.20076e-06,0.237252,0.134665,1.76179,0
3,10,7,10.0,8.3542e-08,3.69775e-07,-4.51309e-06,0.237085,0.13466,1.76062,0
4,10,7,10.0,3.49182e-09,1.21873e-07,-4.93155e-06,0.237007,0.134658,1.76006,0
5,10,7,10.0,-2.55732e-08,-4.30608e-08,-5.41445e-06,0.23697,0.134658,1.75979,0
6,10,7,10.0,-5.02691e-08,-1.70516e-07,-5.93682e-06,0.236954,0.134658,1.75967,0
7,10,7,10.0,-7.02683e-08,-2.63925e-07,-6.48705e-06,0.236946,0.134658,1.75961,0
8,10,7,10.0,-7.72055e-08,-3.09e-07,-7.05012e-06,0.236933,0.134656,1.75954,0
9,10,7,10.0,-8.9839e-08,-3.83551e-07,-7.62816e-06,0.238364,0.134721,1.76931,0
10,10,7,10.0,-1.84805e-07,-7.91672e-07,-8.19258e-06,0.237602,0.134679,1.76421,0
11,10,7,10.0,-1.74842e-07,-8.10338e-07,-8.64881e-06,0.237248,0.134664,1.76177,0
12,10,7,10.0,-1.70231e-07,-8.13175e-07,-8.99247e-06,0.237083,0.134659,1.76061,0
13,10,7,10.0,-1.75947e-07,-7.66842e-07,-9.33329e-06,0.238364,0.134721,1.76931,0
14,10,7,10.0,-2.16837e-07,-1.07439e-06,-9.35846e-06,0.237602,0.134679,1.76421,0
15,10,7,10.0,-1.94287e-07,-9.20708e-07,-9.21389e-06,0.237248,0.134664,1.76177,0
16,10,7,10.0,-1.72189e-07,-8.08062e-07,-8.93673e-06,0.237082,0.134659,1.76061,0
17,10,7,10.0,-1.65946e-07,-7.42498e-07,-8.54861e-06,0.237006,0.134658,1.76006,0
18,10,7,10.0,-1.67461e-07,-7.06935e-07,-8.05891e-06,0.23697,0.134658,1.75979,0
19,10,7,10.0,-1.65093e-07,-7.11067e-07,-7.46614e-06,0.236954,0.134658,1.75967,0
20,10,7,10.0,-1.79108e-07,-7.52718e-07,-6.76558e-06,0.236946,0.134658,1.75961,0
21,10,7,10.0,-2.0595e-07,-8.30293e-07,-5.94827e-06,0.236942,0.134658,1.75958,0
22,10,7,10.0,-2.36307e-07,-9.53248e-07,-4.99413e-06,0.236941,0.134659,1.75956,0
23,10,7,10.0,-2.81473e-07,-1.13987e-06,-3.87358e-06,0.23694,0.134659,1.75956,0
0,11,7,10.0,-1.10553e-07,-4.00615e-07,-4.84689e-06,0.238383,0.134726,1.7694,0
1,11,7,10.0,3.51435e-07,1.23019e-06,-4.75758e-06,0.237611,0.134681,1.76425,0
2,11,7,10.0,2.05743e-07,7.61078e-07,-4.93098e-06,0.237252,0.134665,1.76179,0
3,11,7,10.0,8.21837e-08,3.91286e-07,-5.27524e-06,0.237084,0.134659,1.76062,0
4,11,7,10.0,1.48935e-08,1.2323e-07,-5.72474e-06,0.237006,0.134658,1.76006,0
5,11,7,10.0,-3.9073e-08,-5.56197e-08,-6.22599e-06,0.23697,0.134658,1.75979,0
6,11,7,10.0,-7.89185e-08,-1.92084e-07,-6.76572e-06,0.236953,0.134658,1.75967,0
7,11,7,10.0,-9.3382e-08,-2.99721e-07,-7.33721e-06,0.236946,0.134658,1.75961,0
8,11,7,10.0,-1.17231e-07,-3.37497e-07,-7.93412e-06,0.236932,0.134656,1.75953,0
9,11,7,10.0,-1.23237e-07,-4.25508e-07,-8.54858e-06,0.238364,0.134721,1.76931,0
10,11,7,10.0,-2.36197e-07,-8.59598e-07,-9.16159e-06,0.237602,0.134679,1.76421,0
11,11,7,10.0,-2.51179e-07,-8.67104e-07,-9.6592e-06,0.237247,0.134664,1.76177,0
12,11,7,10.0,-2.4955e-07,-8.74965e-07,-1.00363e-05,0.237082,0.134659,1.76061,0
13,11,7,10.0,-2.5447e-07,-8.18296e-07,-1.04115e-05,0.238364,0.134721,1.76931,0
14,11,7,10.0,-3.00764e-07,-1.15294e-06,-1.04292e-05,0.237602,0.134679,1.76421,0
15,11,7,10.0,-2.67375e-07,-9.81959e-07,-1.02601e-05,0.237247,0.134664,1.76177,0
16,11,7,10.0,-2.43557e-07,-8.6557e-07,-9.9444e-06,0.237082,0.134659,1.76061,0
17,11,7,10.0,-2.29773e-07,-8.04587e-07,-9.51045e-06,0.237005,0.134658,1.76006,0
18,11,7,10.0,-2.20908e-07,-7.66449e-07,-8.96189e-06,0.23697,0.134658,1.75979,0
19,11,7,10.0,-2.24671e-07,-7.6871e-07,-8.29691e-06,0.236953,0.134658,1.75967,0
20,11,7,10.0,-2.40279e-07,-8.15428e-07,-7.51604e-06,0.236945,0.134658,1.75961,0
21,11,7,10.0,-2.62626e-07,-9.00161e-07,-6.60572e-06,0.236942,0.134658,1.75958,0
22,11,7,10.0,-3.01618e-07,-1.0366e-06,-5.54167e-06,0.23694,0.134658,1.75956,0
23,11,7,10.0,-3.51495e-07,-1.23868e-06,-4.29295e-06,0.236939,0.134659,1.75956,0
0,12,7,10.0,-1.28183e-07,-4.33235e-07,-5.86049e-06,0.238383,0.134726,1.7694,0
1,12,7,10.0,4.64128e-07,1.36875e-06,-5.73819e-06,0.237611,0.134681,1.76425,0
2,12,7,10.0,2.46833e-07,8.31292e-07,-5.94143e-06,0.237252,0.134665,1.76179,0
3,12,7,10.0,1.33708e-07,4.22717e-07,-6.33171e-06,0.237084,0.134659,1.76062,0
4,12,7,10.0,3.76767e-08,1.22533e-07,-6.82052e-06,0.237006,0.134658,1.76006,0
5,12,7,10.0,-5.94925e-08,-7.5821e-08,-7.35569e-06,0.23697,0.134658,1.75979,0
6,12,7,10.0,-8.07752e-08,-2.21714e-07,-7.91978e-06,0.236953,0.134658,1.75967,0
7,12,7,10.0,-1.00124e-07,-3.60015e-07,-8.51447e-06,0.236946,0.134658,1.75961,0
8,12,7,10.0,-1.39218e-07,-3.96799e-07,-9.14945e-06,0.236932,0.134656,1.75953,0
9,12,7,10.0,-1.71315e-07,-4.77847e-07,-9.8173e-06,0.238364,0.134721,1.76931,0
10,12,7,10.0,-2.93152e-07,-9.61957e-07,-1.04898e-05,0.237602,0.134679,1.76421,0
11,12,7,10.0,-3.14403e-07,-9.66669e-07,-1.10366e-05,0.237247,0.134664,1.76177,0
12,12,7,10.0,-3.13546e-07,-9.5284e-07,-1.14398e-05,0.237082,0.134659,1.76061,0
13,12,7,10.0,-3.14273e-07,-8.93849e-07,-1.18063e-05,0.238364,0.134721,1.76931,0
14,12,7,10.0,-3.59339e-07,-1.22956e-06,-1.1779e-05,0.237602,0.134679,1.76421,0
15,12,7,10.0,-3.4706e-07,-1.07109e-06,-1.15452e-05,0.237247,0.134664,1.76177,0
16,12,7,10.0,-3.80789e-07,-1.01068e-06,-1.25912e-05,0.238366,0.134722,1.76931,0
17,12,7,10.0,-3.25836e-07,-8.8368e-07,-1.06999e-05,0.237001,0.134657,1.76004,0
18,12,7,10.0,-3.04391e-07,-8.42363e-07,-1.00758e-05,0.236968,0.134657,1.75978,0
19,12,7,10.0,-3.10037e-07,-8.4478e-07,-9.32257e-06,0.236952,0.134658,1.75966,0
20,12,7,10.0,-3.13622e-07,-8.83828e-07,-8.44055e-06,0.236945,0.134658,1.7596,0
21,12,7,10.0,-3.32707e-07,-9.7634e-07,-7.41174e-06,0.236942,0.134658,1.75958,0
22,12,7,10.0,-3.7366e-07,-1.11837e-06,-6.21331e-06,0.23694,0.134658,1.75956,0
23,12,7,10.0,-4.2699e-07,-1.33859e-06,-4.8068e-06,0.236939,0.134659,1.75956,0
0,13,7,10.0,-2.07266e-07,-5.74634e-07,-8.55096e-06,0.238383,0.134726,1.7694,0
1,13,7,10.0,6.27452e-07,1.69468e-06,-8.41252e-06,0.237611,0.134681,1.76425,0
2,13,7,10.0,4.08019e-07,1.03066e-06,-8.68756e-06,0.237252,0.134665,1.76179,0
3,13,7,10.0,2.21855e-07,5.26412e-07,-9.20687e-06,0.237084,0.134659,1.76062,0
4,13,7,10.0,7.58617e-08,1.62e-07,-9.86245e-06,0.237006,0.134658,1.76006,0
5,13,7,10.0,-1.83598e-08,-7.23622e-08,-1.05687e-05,0.23697,0.134658,1.75979,0
6,13,7,10.0,-1.21048e-07,-2.66163e-07,-1.1294e-05,0.236953,0.134658,1.75967,0
7,13,7,10.0,-2.23791e-07,-4.44528e-07,-1.20474e-05,0.236946,0.134658,1.75961,0
8,13,7,10.0,-2.94586e-07,-5.32087e-07,-1.28206e-05,0.236942,0.134658,1.75958,0
9,13,7,10.0,-3.02433e-07,-5.78491e-07,-1.35851e-05,0.236949,0.13466,1.7596,0
10,13,7,10.0,-2.9471e-07,-6.22908e-07,-1.42885e-05,0.236947,0.13466,1.75959,0
11,13,7,10.0,-2.91881e-07,-6.37822e-07,-1.48278e-05,0.236945,0.13466,1.75958,0
12,13,7,10.0,-3.02803e-07,-6.60707e-07,-1.52067e-05,0.236942,0.134659,1.75957,0
13,13,7,10.0,-3.13172e-07,-6.41232e-07,-1.54515e-05,0.238373,0.134724,1.76935,0
14,13,7,10.0,-3.69022e-07,-8.04769e-07,-1.53141e-05,0.237621,0.134683,1.76429,0
15,13,7,10.0,-3.26299e-07,-7.19842e-07,-1.49349e-05,0.237272,0.134669,1.76189,0
16,13,7,10.0,-2.80019e-07,-6.2497e-07,-1.43926e-05,0.237101,0.134663,1.7607,0
17,13,7,10.0,-2.67077e-07,-6.33779e-07,-1.36835e-05,0.237018,0.13466,1.76012,0
18,13,7,10.0,-2.6747e-07,-6.52501e-07,-1.28469e-05,0.236977,0.134659,1.75983,0
19,13,7,10.0,-2.74722e-07,-6.97561e-07,-1.18627e-05,0.236957,0.134659,1.75969,0
20,13,7,10.0,-3.05551e-07,-8.00528e-07,-1.07235e-05,0.236948,0.134659,1.75962,0
21,13,7,10.0,-3.46185e-07,-9.4464e-07,-9.40819e-06,0.236943,0.134659,1.75958,0
22,13,7,10.0,-4.02761e-07,-1.14916e-06,-7.87808e-06,0.236941,0.134659,1.75957,0
23,13,7,10.0,-4.85017e-07,-1.44557e-06,-6.08855e-06,0.23694,0.134659,1.75956,0
0,14,7,10.0,-2.31058e-07,-6.40322e-07,-1.02482e-05,0.238383,0.134726,1.7694,0
1,14,7,10.0,7.45899e-07,1.90825e-06,-1.00725e-05,0.237611,0.134681,1.76425,0
2,14,7,10.0,4.56551e-07,1.15436e-06,-1.03976e-05,0.237252,0.134665,1.76179,0
3,14,7,10.0,2.42208e-07,5.94473e-07,-1.1015e-05,0.237084,0.134659,1.76062,0
4,14,7,10.0,1.00258e-07,2.16718e-07,-1.17988e-05,0.237006,0.134658,1.76006,0
5,14,7,10.0,-1.6517e-08,-7.04168e-08,-1.26542e-05,0.23697,0.134658,1.75979,0
6,14,7,10.0,-1.48722e-07,-2.94131e-07,-1.35398e-05,0.236953,0.134658,1.75967,0
7,14,7,10.0,-2.23785e-07,-4.64078e-07,-1.4426e-05,0.236946,0.134658,1.75961,0
8,14,7,10.0,-2.85247e-07,-5.76898e-07,-1.52781e-05,0.236942,0.134658,1.75958,0
9,14,7,10.0,-2.63492e-07,-6.07501e-07,-1.60509e-05,0.23694,0.134658,1.75956,0
10,14,7,10.0,-2.75127e-07,-6.46682e-07,-1.67024e-05,0.236939,0.134659,1.75956,0
11,14,7,10.0,-2.94381e-07,-6.7936e-07,-1.72095e-05,0.236939,0.134659,1.75955,0
12,14,7,10.0,-2.87394e-07,-6.98256e-07,-1.75504e-05,0.236939,0.134659,1.75955,0
13,14,7,10.0,-2.97331e-07,-6.61459e-07,-1.76871e-05,0.238364,0.134721,1.76931,0
14,14,7,10.0,-3.3999e-07,-8.44096e-07,-1.74775e-05,0.237602,0.134679,1.76421,0
15,14,7,10.0,-3.09174e-07,-7.29255e-07,-1.70284e-05,0.237248,0.134664,1.76177,0
16,14,7,10.0,-2.9433e-07,-6.82135e-07,-1.63836e-05,0.237082,0.134659,1.76061,0
17,14,7,10.0,-2.74287e-07,-6.6248e-07,-1.55648e-05,0.237006,0.134658,1.76006,0
18,14,7,10.0,-2.67242e-07,-6.88595e-07,-1.45885e-05,0.23697,0.134658,1.75979,0
19,14,7,10.0,-2.92562e-07,-7.57265e-07,-1.34562e-05,0.236953,0.134658,1.75967,0
20,14,7,10.0,-3.2677e-07,-8.61582e-07,-1.21575e-05,0.236945,0.134658,1.75961,0
21,14,7,10.0,-3.67742e-07,-1.02088e-06,-1.06673e-05,0.236942,0.134658,1.75958,0
22,14,7,10.0,-4.30479e-07,-1.25013e-06,-8.93945e-06,0.23694,0.134658,1.75956,0
23,14,7,10.0,-5.2269e-07,-1.57437e-06,-6.91819e-06,0.236939,0.134659,1.75956,0
0,15,7,10.0,-2.71293e-07,-7.1689e-07,-1.21717e-05,0.238383,0.134726,1.7694,0
1,15,7,10.0,7.88817e-07,2.12455e-06,-1.19518e-05,0.237611,0.134681,1.76425,0
2,15,7,10.0,4.61988e-07,1.28027e-06,-1.2348e-05,0.237252,0.134665,1.76179,0
3,15,7,10.0,2.5594e-07,6.73061e-07,-1.3087e-05,0.237084,0.134659,1.76062,0
4,15,7,10.0,9.77922e-08,2.5935e-07,-1.40306e-05,0.237006,0.134658,1.76006,0
5,15,7,10.0,-3.98701e-08,-6.60696e-08,-1.50703e-05,0.23697,0.134658,1.75979,0
6,15,7,10.0,-1.70239e-07,-3.13566e-07,-1.61407e-05,0.236953,0.134658,1.75967,0
7,15,7,10.0,-2.48081e-07,-5.05401e-07,-1.71692e-05,0.236946,0.134658,1.75961,0
8,15,7,10.0,-2.75235e-07,-6.27784e-07,-1.81043e-05,0.236942,0.134658,1.75958,0
9,15,7,10.0,-2.87483e-07,-6.45504e-07,-1.89002e-05,0.23694,0.134658,1.75956,0
10,15,7,10.0,-3.01638e-07,-7.02104e-07,-1.95461e-05,0.236939,0.134659,1.75956,0
11,15,7,10.0,-2.63291e-07,-7.1563e-07,-2.00143e-05,0.236939,0.134659,1.75955,0
12,15,7,10.0,-2.68581e-07,-7.25248e-07,-2.0303e-05,0.236939,0.134659,1.75955,0
13,15,7,10.0,-2.74173e-07,-6.98506e-07,-2.02814e-05,0.238364,0.134721,1.76931,0
14,15,7,10.0,-3.36526e-07,-8.97824e-07,-1.99709e-05,0.237602,0.134679,1.76421,0
15,15,7,10.0,-3.32271e-07,-7.93514e-07,-1.94095e-05,0.237247,0.134664,1.76177,0
16,15,7,10.0,-3.06132e-07,-7.24006e-07,-1.86397e-05,0.237082,0.134659,1.76061,0
17,15,7,10.0,-3.02634e-07,-7.19503e-07,-1.76763e-05,0.237005,0.134658,1.76006,0
18,15,7,10.0,-3.08316e-07,-7.50542e-07,-1.65469e-05,0.23697,0.134658,1.75979,0
19,15,7,10.0,-3.36042e-07,-8.25012e-07,-1.52482e-05,0.236953,0.134658,1.75967,0
20,15,7,10.0,-3.76995e-07,-9.43176e-07,-1.37748e-05,0.236945,0.134658,1.75961,0
21,15,7,10.0,-4.10491e-07,-1.11092e-06,-1.20898e-05,0.236942,0.134658,1.75958,0
22,15,7,10.0,-4.73831e-07,-1.36199e-06,-1.01464e-05,0.23694,0.134658,1.75956,0
23,15,7,10.0,-5.64514e-07,-1.71617e-06,-7.871e-06,0.236939,0.134659,1.75956,0
0,16,7,10.0,-2.96376e-07,-8.01249e-07,-1.43249e-05,0.238383,0.134726,1.7694,0
1,16,7,10.0,7.88627e-07,2.34348e-06,-1.40174e-05,0.237611,0.134681,1.76425,0
2,16,7,10.0,4.92711e-07,1.39551e-06,-1.44856e-05,0.237252,0.134665,1.76179,0
3,16,7,10.0,2.40925e-07,7.8095e-07,-1.53749e-05,0.237084,0.134659,1.76062,0
4,16,7,10.0,5.42844e-08,2.77811e-07,-1.65054e-05,0.237006,0.134658,1.76006,0
5,16,7,10.0,-1.03896e-07,-7.67067e-08,-1.77587e-05,0.23697,0.134658,1.75979,0
6,16,7,10.0,-1.75248e-07,-3.61034e-07,-1.90207e-05,0.236953,0.134658,1.75967,0
7,16,7,10.0,-2.55091e-07,-5.56471e-07,-2.02045e-05,0.236946,0.134658,1.75961,0
8,16,7,10.0,-3.38215e-07,-6.61425e-07,-2.12435e-05,0.236942,0.134658,1.75958,0
9,16,7,10.0,-3.60824e-07,-7.33772e-07,-2.20954e-05,0.23694,0.134658,1.75956,0
10,16,7,10.0,-2.6289e-07,-6.96781e-07,-2.27283e-05,0.236939,0.134659,1.75956,0
11,16,7,10.0,-2.83087e-07,-7.56966e-07,-2.31415e-05,0.236939,0.134659,1.75955,0
12,16,7,10.0,-2.87156e-07,-7.7286e-07,-2.3367e-05,0.236939,0.134659,1.75955,0
13,16,7,10.0,-3.03165e-07,-7.34692e-07,-2.31526e-05,0.238364,0.134721,1.76931,0
14,16,7,10.0,-3.60312e-07,-9.50917e-07,-2.27256e-05,0.237602,0.134679,1.76421,0
15,16,7,10.0,-3.53825e-07,-8.43872e-07,-2.20304e-05,0.237247,0.134664,1.76177,0
16,16,7,10.0,-3.3048e-07,-7.57551e-07,-2.11009e-05,0.237082,0.134659,1.76061,0
17,16,7,10.0,-3.3969e-07,-7.68849e-07,-1.99673e-05,0.237005,0.134658,1.76006,0
18,16,7,10.0,-4.03821e-07,-7.87795e-07,-1.86795e-05,0.23697,0.134658,1.75979,0
19,16,7,10.0,-4.49741e-07,-8.64467e-07,-1.71951e-05,0.236953,0.134658,1.75967,0
20,16,7,10.0,-4.63131e-07,-9.81979e-07,-1.55225e-05,0.236945,0.134658,1.75961,0
21,16,7,10.0,-5.02427e-07,-1.16068e-06,-1.36293e-05,0.236942,0.134658,1.75958,0
22,16,7,10.0,-5.48539e-07,-1.42701e-06,-1.14555e-05,0.23694,0.134658,1.75956,0
23,16,7,10.0,-6.16967e-07,-1.80113e-06,-8.91119e-06,0.236939,0.134659,1.75956,0
0,17,7,10.0,-2.99207e-07,-8.8038e-07,-1.65343e-05,0.238393,0.134728,1.76944,0
1,17,7,10.0,7.79586e-07,2.53777e-06,-1.61329e-05,0.237629,0.134685,1.76433,0
2,17,7,10.0,4.50907e-07,1.57301e-06,-1.66853e-05,0.237276,0.13467,1.76191,0
3,17,7,10.0,2.12702e-07,7.87323e-07,-1.77215e-05,0.237113,0.134666,1.76075,0
4,17,7,10.0,2.47416e-08,2.44082e-07,-1.90621e-05,0.237038,0.134665,1.76021,0
5,17,7,10.0,-9.24985e-08,-1.45974e-07,-2.05279e-05,0.237002,0.134665,1.75994,0
6,17,7,10.0,-1.899e-07,-4.17541e-07,-2.19753e-05,0.236986,0.134665,1.75982,0
7,17,7,10.0,-2.72921e-07,-6.39027e-07,-2.33067e-05,0.236979,0.134665,1.75976,0
8,17,7,10.0,-3.3748e-07,-7.95046e-07,-2.44574e-05,0.236976,0.134665,1.75974,0
9,17,7,10.0,-2.51433e-07,-7.8239e-07,-2.53463e-05,0.236974,0.134666,1.75972,0
10,17,7,10.0,-2.49175e-07,-8.25194e-07,-2.59397e-05,0.236973,0.134666,1.75972,0
11,17,7,10.0,-2.94642e-07,-8.56781e-07,-2.63163e-05,0.236973,0.134666,1.75971,0
12,17,7,10.0,-2.32909e-07,-8.39621e-07,-2.64516e-05,0.236973,0.134666,1.75971,0
13,17,7,10.0,-2.76803e-07,-8.40924e-07,-2.60231e-05,0.238373,0.134724,1.76935,0
14,17,7,10.0,-3.33403e-07,-1.11467e-06,-2.54724e-05,0.237621,0.134683,1.76429,0
15,17,7,10.0,-3.06942e-07,-9.63753e-07,-2.46218e-05,0.237272,0.134669,1.76189,0
16,17,7,10.0,-2.91951e-07,-8.55663e-07,-2.35129e-05,0.237101,0.134663,1.7607,0
17,17,7,10.0,-3.4506e-07,-8.43132e-07,-2.21769e-05,0.238373,0.134724,1.76935,0
18,17,7,10.0,-2.03383e-07,-3.30925e-07,-2.06352e-05,0.237621,0.134683,1.76429,0
19,17,7,10.0,-2.6767e-07,-4.59653e-07,-1.89509e-05,0.237272,0.134669,1.76189,0
20,17,7,10.0,-3.24964e-07,-6.37809e-07,-1.70908e-05,0.237111,0.134665,1.76074,0
21,17,7,10.0,-3.60517e-07,-8.78522e-07,-1.50058e-05,0.237037,0.134665,1.7602,0
22,17,7,10.0,-3.9814e-07,-1.17974e-06,-1.26178e-05,0.237002,0.134665,1.75994,0
23,17,7,10.0,-4.6877e-07,-1.6175e-06,-9.8235e-06,0.236986,0.134665,1.75982,0
0,18,7,10.0,-2.47582e-07,-9.52915e-07,-1.86638e-05,0.238383,0.134726,1.7694,0
1,18,7,10.0,7.01296e-07,2.80201e-06,-1.81149e-05,0.237611,0.134681,1.76425,0
2,18,7,10.0,3.98466e-07,1.63015e-06,-1.87342e-05,0.237252,0.134665,1.76179,0
3,18,7,10.0,1.70171e-07,8.62353e-07,-1.99143e-05,0.237085,0.13466,1.76062,0
4,18,7,10.0,2.60745e-08,3.16683e-07,-2.14244e-05,0.237007,0.134658,1.76006,0
5,18,7,10.0,-7.48359e-08,-7.01775e-08,-2.30609e-05,0.23697,0.134658,1.75979,0
6,18,7,10.0,-1.55018e-07,-3.83751e-07,-2.46531e-05,0.236954,0.134658,1.75967,0
7,18,7,10.0,-2.13225e-07,-5.91536e-07,-2.60882e-05,0.236946,0.134658,1.75961,0
8,18,7,10.0,-2.058e-07,-7.02564e-07,-2.72933e-05,0.236942,0.134659,1.75958,0
9,18,7,10.0,-1.69922e-07,-6.46292e-07,-2.8176e-05,0.23694,0.134659,1.75956,0
10,18,7,10.0,-2.36243e-07,-7.49257e-07,-2.87575e-05,0.23694,0.134659,1.75956,0
11,18,7,10.0,-1.39519e-07,-7.04077e-07,-2.90655e-05,0.236939,0.134659,1.75956,0
12,18,7,10.0,-1.61181e-07,-7.48515e-07,-2.9103e-05,0.236939,0.134659,1.75955,0
13,18,7,10.0,-1.80379e-07,-7.59122e-07,-2.8469e-05,0.238364,0.134721,1.76931,0
14,18,7,10.0,-2.44531e-07,-1.01107e-06,-2.78076e-05,0.237602,0.134679,1.76421,0
15,18,7,10.0,-2.57856e-07,-9.29833e-07,-2.68212e-05,0.237248,0.134664,1.76177,0
16,18,7,10.0,-2.44416e-07,-7.85543e-07,-2.55587e-05,0.237073,0.134657,1.76057,0
17,18,7,10.0,-2.96033e-07,-8.5133e-07,-2.40457e-05,0.238364,0.134721,1.76931,0
18,18,7,10.0,-1.76044e-07,-3.50366e-07,-2.22594e-05,0.237602,0.134679,1.76421,0
19,18,7,10.0,-2.34053e-07,-5.19444e-07,-2.03997e-05,0.237248,0.134664,1.76177,0
20,18,7,10.0,-2.76933e-07,-7.1979e-07,-1.83877e-05,0.237082,0.134659,1.76061,0
21,18,7,10.0,-2.89673e-07,-9.44305e-07,-1.61365e-05,0.237006,0.134658,1.76006,0
22,18,7,10.0,-3.22497e-07,-1.28002e-06,-1.35605e-05,0.23697,0.134658,1.75979,0
23,18,7,10.0,-3.73036e-07,-1.72341e-06,-1.05524e-05,0.236954,0.134658,1.75967,0
0,19,7,10.0,-1.94976e-07,-9.52182e-07,-2.04168e-05,0.238383,0.134726,1.7694,0
1,19,7,10.0,5.46045e-07,2.89459e-06,-1.97798e-05,0.237611,0.134681,1.76425,0
2,19,7,10.0,2.88622e-07,1.79334e-06,-2.04584e-05,0.237252,0.134665,1.76179,0
3,19,7,10.0,6.82191e-08,9.00678e-07,-2.17618e-05,0.237084,0.134659,1.76062,0
4,19,7,10.0,-3.67463e-08,3.10037e-07,-2.33923e-05,0.237006,0.134658,1.76006,0
5,19,7,10.0,-1.05528e-07,-1.28861e-07,-2.51289e-05,0.23697,0.134658,1.75979,0
6,19,7,10.0,-1.36307e-07,-3.62827e-07,-2.67801e-05,0.236953,0.134658,1.75967,0
7,19,7,10.0,-1.8546e-07,-6.13962e-07,-2.82478e-05,0.236946,0.134658,1.75961,0
8,19,7,10.0,-1.39848e-07,-6.6727e-07,-2.94402e-05,0.236942,0.134658,1.75958,0
9,19,7,10.0,-2.06924e-07,-7.57042e-07,-3.0304e-05,0.23694,0.134658,1.75956,0
10,19,7,10.0,-1.06436e-07,-7.24945e-07,-3.08419e-05,0.236939,0.134659,1.75956,0
11,19,7,10.0,-1.21032e-07,-7.27675e-07,-3.10676e-05,0.236939,0.134659,1.75955,0
12,19,7,10.0,-1.4785e-07,-7.37919e-07,-3.10413e-05,0.236939,0.134659,1.75955,0
13,19,7,10.0,-1.84242e-07,-7.49069e-07,-3.02551e-05,0.238364,0.134721,1.76931,0
14,19,7,10.0,-2.13763e-07,-1.02049e-06,-2.95122e-05,0.237602,0.134679,1.76421,0
15,19,7,10.0,-2.23421e-07,-9.30516e-07,-2.84447e-05,0.237247,0.134664,1.76177,0
16,19,7,10.0,-2.14119e-07,-8.02273e-07,-2.70837e-05,0.237072,0.134657,1.76057,0
17,19,7,10.0,-2.28515e-07,-8.63279e-07,-2.54524e-05,0.238364,0.134721,1.76931,0
18,19,7,10.0,-1.98989e-07,-3.95597e-07,-2.35159e-05,0.237602,0.134679,1.76421,0
19,19,7,10.0,-2.36345e-07,-5.50905e-07,-2.15377e-05,0.237247,0.134664,1.76177,0
20,19,7,10.0,-2.37708e-07,-7.54034e-07,-1.94021e-05,0.237082,0.134659,1.76061,0
21,19,7,10.0,-2.50577e-07,-1.00268e-06,-1.70146e-05,0.237005,0.134658,1.76006,0
22,19,7,10.0,-2.69931e-07,-1.33432e-06,-1.42874e-05,0.23697,0.134658,1.75979,0
23,19,7,10.0,-2.91215e-07,-1.79484e-06,-1.11091e-05,0.236953,0.134658,1.75967,0
0,20,7,10.0,-1.15889e-07,-1.03373e-06,-2.17073e-05,0.238383,0.134726,1.7694,0
1,20,7,10.0,3.53172e-07,3.05504e-06,-2.09513e-05,0.237611,0.134681,1.76425,0
2,20,7,10.0,1.48512e-07,1.7722e-06,-2.16688e-05,0.237252,0.134665,1.76179,0
3,20,7,10.0,1.05031e-07,9.7377e-07,-2.30411e-05,0.237084,0.134659,1.76062,0
4,20,7,10.0,-2.07509e-08,2.92897e-07,-2.47102e-05,0.237006,0.134658,1.76006,0
5,20,7,10.0,1.70358e-10,-5.20306e-08,-2.64435e-05,0.23697,0.134658,1.75979,0
6,20,7,10.0,-6.61695e-08,-4.61845e-07,-2.80698e-05,0.236953,0.134658,1.75967,0
7,20,7,10.0,-2.98621e-08,-5.74706e-07,-2.94954e-05,0.236946,0.134658,1.75961,0
8,20,7,10.0,-3.64305e-08,-7.29001e-07,-3.06259e-05,0.236942,0.134658,1.75958,0
9,20,7,10.0,-3.46105e-09,-7.4091e-07,-3.14312e-05,0.23694,0.134658,1.75956,0
10,20,7,10.0,1.4605e-08,-6.79345e-07,-3.18985e-05,0.236939,0.134659,1.75956,0
11,20,7,10.0,-1.03792e-08,-7.36086e-07,-3.20872e-05,0.236939,0.134659,1.75955,0
12,20,7,10.0,-2.82347e-08,-6.77027e-07,-3.20346e-05,0.236939,0.134659,1.75955,0
13,20,7,10.0,-1.02318e-07,-7.47975e-07,-3.12273e-05,0.238364,0.134721,1.76931,0
14,20,7,10.0,-1.51209e-07,-1.02695e-06,-3.04717e-05,0.237602,0.134679,1.76421,0
15,20,7,10.0,-1.48604e-07,-9.12816e-07,-2.93847e-05,0.237247,0.134664,1.76177,0
16,20,7,10.0,-1.4687e-07,-8.23839e-07,-2.79955e-05,0.237072,0.134657,1.76057,0
17,20,7,10.0,-1.68045e-07,-8.80118e-07,-2.63255e-05,0.238364,0.134721,1.76931,0
18,20,7,10.0,-2.19979e-07,-3.9589e-07,-2.43379e-05,0.237602,0.134679,1.76421,0
19,20,7,10.0,-1.91528e-07,-5.82269e-07,-2.22901e-05,0.237247,0.134664,1.76177,0
20,20,7,10.0,-1.81254e-07,-7.80489e-07,-2.00664e-05,0.237082,0.134659,1.76061,0
21,20,7,10.0,-1.74312e-07,-1.04114e-06,-1.75806e-05,0.237005,0.134658,1.76006,0
22,20,7,10.0,-1.76317e-07,-1.37687e-06,-1.47489e-05,0.23697,0.134658,1.75979,0
23,20,7,10.0,-1.88322e-07,-1.82951e-06,-1.14583e-05,0.236953,0.134658,1.75967,0
0,21,7,10.0,2.85247e-08,-1.01606e-06,-2.22501e-05,0.238383,0.134726,1.7694,0
1,21,7,10.0,1.42677e-07,3.04299e-06,-2.1486e-05,0.237611,0.134681,1.76425,0
2,21,7,10.0,2.11925e-07,1.90359e-06,-2.2203e-05,0.237252,0.134665,1.76179,0
3,21,7,10.0,1.11528e-07,9.54685e-07,-2.35255e-05,0.237084,0.134659,1.76062,0
4,21,7,10.0,1.11415e-07,3.29191e-07,-2.51336e-05,0.237006,0.134658,1.76006,0
5,21,7,10.0,9.56055e-08,-1.40409e-07,-2.67624e-05,0.23697,0.134658,1.75979,0
6,21,7,10.0,1.44408e-07,-3.79194e-07,-2.82748e-05,0.236953,0.134658,1.75967,0
7,21,7,10.0,1.64995e-07,-5.88797e-07,-2.95818e-05,0.236946,0.134658,1.75961,0
8,21,7,10.0,1.66576e-07,-6.84807e-07,-3.06195e-05,0.236942,0.134658,1.75958,0
9,21,7,10.0,2.11556e-07,-6.63316e-07,-3.13452e-05,0.23694,0.134658,1.75956,0
10,21,7,10.0,1.73174e-07,-6.73203e-07,-3.1781e-05,0.236939,0.134659,1.75956,0
11,21,7,10.0,1.63333e-07,-6.15943e-07,-3.19776e-05,0.236939,0.134659,1.75955,0
12,21,7,10.0,1.18797e-07,-6.30503e-07,-3.19555e-05,0.236939,0.134659,1.75955,0
13,21,7,10.0,3.08429e-08,-6.90272e-07,-3.12807e-05,0.238364,0.134721,1.76931,0
14,21,7,10.0,-2.90852e-08,-9.70615e-07,-3.05917e-05,0.237602,0.134679,1.76421,0
15,21,7,10.0,-4.53137e-08,-9.1498e-07,-2.95531e-05,0.237247,0.134664,1.76177,0
16,21,7,10.0,-3.67378e-08,-7.85446e-07,-2.82046e-05,0.237072,0.134657,1.76057,0
17,21,7,10.0,-3.67696e-08,-8.76428e-07,-2.65761e-05,0.238364,0.134721,1.76931,0
18,21,7,10.0,-1.80189e-07,-4.21432e-07,-2.46326e-05,0.237602,0.134679,1.76421,0
19,21,7,10.0,-1.13186e-07,-5.87323e-07,-2.25618e-05,0.237247,0.134664,1.76177,0
20,21,7,10.0,-8.00756e-08,-7.93297e-07,-2.02915e-05,0.237082,0.134659,1.76061,0
21,21,7,10.0,-7.10357e-08,-1.04209e-06,-1.77529e-05,0.237005,0.134658,1.76006,0
22,21,7,10.0,-6.73376e-08,-1.3787e-06,-1.48693e-05,0.23697,0.134658,1.75979,0
23,21,7,10.0,-7.02798e-08,-1.83727e-06,-1.15337e-05,0.236953,0.134658,1.75967,0
0,22,7,10.0,1.27373e-07,-9.8016e-07,-2.20529e-05,0.238383,0.134726,1.7694,0
1,22,7,10.0,6.61804e-08,3.0608e-06,-2.14192e-05,0.237611,0.134681,1.76425,0
2,22,7,10.0,1.36148e-07,1.863e-06,-2.20605e-05,0.237252,0.134665,1.76179,0
3,22,7,10.0,1.97838e-07,9.8863e-07,-2.3265e-05,0.237084,0.134659,1.76062,0
4,22,7,10.0,2.33897e-07,3.66029e-07,-2.47024e-05,0.237006,0.134658,1.76006,0
5,22,7,10.0,2.70363e-07,-5.484e-08,-2.61616e-05,0.23697,0.134658,1.75979,0
6,22,7,10.0,2.7261e-07,-3.33651e-07,-2.75145e-05,0.236953,0.134658,1.75967,0
7,22,7,10.0,2.98757e-07,-5.02792e-07,-2.8688e-05,0.236946,0.134658,1.75961,0
8,22,7,10.0,3.45648e-07,-5.79705e-07,-2.96271e-05,0.236942,0.134658,1.75958,0
9,22,7,10.0,3.46835e-07,-5.72632e-07,-3.03036e-05,0.23694,0.134658,1.75956,0
10,22,7,10.0,2.96083e-07,-5.1212e-07,-3.07561e-05,0.236939,0.134659,1.75956,0
11,22,7,10.0,2.44024e-07,-5.46018e-07,-3.10065e-05,0.236939,0.134659,1.75955,0
12,22,7,10.0,2.17097e-07,-5.57062e-07,-3.1077e-05,0.236939,0.134659,1.75955,0
13,22,7,10.0,1.34456e-07,-6.25846e-07,-3.06105e-05,0.238364,0.134721,1.76931,0
14,22,7,10.0,1.09268e-07,-9.16603e-07,-3.00198e-05,0.237602,0.134679,1.76421,0
15,22,7,10.0,8.61484e-08,-8.50373e-07,-2.9071e-05,0.237247,0.134664,1.76177,0
16,22,7,10.0,8.34952e-08,-7.5214e-07,-2.78013e-05,0.237072,0.134657,1.76057,0
17,22,7,10.0,1.00972e-07,-8.24554e-07,-2.62526e-05,0.238364,0.134721,1.76931,0
18,22,7,10.0,-7.0867e-08,-4.06158e-07,-2.44052e-05,0.237602,0.134679,1.76421,0
19,22,7,10.0,-1.81196e-08,-5.72292e-07,-2.2361e-05,0.237247,0.134664,1.76177,0
20,22,7,10.0,8.70664e-09,-7.70244e-07,-2.00885e-05,0.237082,0.134659,1.76061,0
21,22,7,10.0,1.50942e-08,-1.02697e-06,-1.75439e-05,0.237005,0.134658,1.76006,0
22,22,7,10.0,1.66137e-08,-1.35959e-06,-1.46588e-05,0.23697,0.134658,1.75979,0
23,22,7,10.0,3.18491e-08,-1.80589e-06,-1.13349e-05,0.236953,0.134658,1.75967,0
0,23,7,10.0,1.77443e-07,-9.28158e-07,-2.14206e-05,0.238383,0.134726,1.7694,0
1,23,7,10.0,2.63168e-08,3.04117e-06,-2.09687e-05,0.237611,0.134681,1.76425,0
2,23,7,10.0,1.76361e-07,1.88856e-06,-2.15337e-05,0.237252,0.134665,1.76179,0
3,23,7,10.0,2.71853e-07,1.04122e-06,-2.25722e-05,0.237084,0.134659,1.76062,0
4,23,7,10.0,3.25636e-07,4.40253e-07,-2.38257e-05,0.237006,0.134658,1.76006,0
5,23,7,10.0,3.41619e-07,2.97671e-08,-2.51162e-05,0.23697,0.134658,1.75979,0
6,23,7,10.0,3.66596e-07,-2.34603e-07,-2.63273e-05,0.236953,0.134658,1.75967,0
7,23,7,10.0,3.9954e-07,-3.92909e-07,-2.7386e-05,0.236946,0.134658,1.75961,0
8,23,7,10.0,4.28813e-07,-4.5209e-07,-2.82528e-05,0.236942,0.134658,1.75958,0
9,23,7,10.0,3.89693e-07,-4.162e-07,-2.89268e-05,0.23694,0.134658,1.75956,0
10,23,7,10.0,3.63372e-07,-4.67166e-07,-2.94298e-05,0.236939,0.134659,1.75956,0
11,23,7,10.0,3.0865e-07,-4.26626e-07,-2.97746e-05,0.236939,0.134659,1.75955,0
12,23,7,10.0,2.74363e-07,-4.55506e-07,-2.99424e-05,0.236939,0.134659,1.75955,0
13,23,7,10.0,2.22294e-07,-5.53728e-07,-2.96679e-05,0.238364,0.134721,1.76931,0
14,23,7,10.0,2.09279e-07,-8.37319e-07,-2.91552e-05,0.237602,0.134679,1.76421,0
15,23,7,10.0,1.89905e-07,-7.79337e-07,-2.82891e-05,0.237247,0.134664,1.76177,0
16,23,7,10.0,1.70967e-07,-7.02441e-07,-2.71033e-05,0.237072,0.134657,1.76057,0
17,23,7,10.0,1.80719e-07,-7.66012e-07,-2.56336e-05,0.238364,0.134721,1.76931,0
18,23,7,10.0,3.59624e-08,-3.77516e-07,-2.38859e-05,0.237602,0.134679,1.76421,0
19,23,7,10.0,7.37627e-08,-5.36066e-07,-2.18898e-05,0.237247,0.134664,1.76177,0
20,23,7,10.0,8.50173e-08,-7.37353e-07,-1.96458e-05,0.237082,0.134659,1.76061,0
21,23,7,10.0,8.4741e-08,-9.89291e-07,-1.71227e-05,0.237005,0.134658,1.76006,0
22,23,7,10.0,8.72351e-08,-1.32067e-06,-1.42642e-05,0.23697,0.134658,1.75979,0
23,23,7,10.0,9.97104e-08,-1.7584e-06,-1.09824e-05,0.236953,0.134658,1.75967,0
0,0,8,10.0,-9.724e-09,-2.6831e-07,-5.89223e-06,0.238369,0.134705,1.76956,0
1,0,8,10.0,-5.71036e-08,2.89411e-07,-5.64402e-06,0.237585,0.13465,1.76446,0
2,0,8,10.0,-6.24018e-08,-2.02243e-09,-5.92978e-06,0.237217,0.134629,1.76201,0
3,0,8,10.0,-7.15973e-08,-2.22703e-07,-6.4729e-06,0.237044,0.134621,1.76083,0
4,0,8,10.0,-7.99698e-08,-3.85748e-07,-7.16917e-06,0.236963,0.134618,1.76026,0
5,0,8,10.0,-8.71477e-08,-5.12025e-07,-7.94693e-06,0.236925,0.134618,1.75998,0
6,0,8,10.0,-8.85488e-08,-6.02866e-07,-8.75251e-06,0.236908,0.134618,1.75985,0
7,0,8,10.0,-8.9831e-08,-6.68789e-07,-9.53575e-06,0.236899,0.134618,1.75979,0
8,0,8,10.0,-9.3733e-08,-7.24223e-07,-1.02653e-05,0.236895,0.134618,1.75976,0
9,0,8,10.0,-1.01551e-07,-7.62591e-07,-1.09347e-05,0.236893,0.134618,1.75974,0
10,0,8,10.0,-1.03417e-07,-8.01359e-07,-1.15475e-05,0.236893,0.134618,1.75974,0
11,0,8,10.0,-9.21295e-08,-8.38661e-07,-1.2102e-05,0.236892,0.134618,1.75974,0
12,0,8,10.0,-9.87065e-08,-8.36126e-07,-1.25702e-05,0.236892,0.134618,1.75973,0
13,0,8,10.0,-8.04037e-08,-8.6469e-07,-1.31046e-05,0.23835,0.1347,1.76949,0
14,0,8,10.0,-6.55096e-08,-8.98785e-07,-1.31272e-05,0.237576,0.134648,1.76443,0
15,0,8,10.0,-7.29036e-08,-8.15292e-07,-1.29099e-05,0.237213,0.134628,1.76199,0
16,0,8,10.0,-7.26068e-08,-7.64278e-07,-1.25085e-05,0.237042,0.13462,1.76082,0
17,0,8,10.0,-6.19535e-08,-7.10672e-07,-1.19622e-05,0.236962,0.134618,1.76025,0
18,0,8,10.0,-5.3801e-08,-6.67429e-07,-1.12845e-05,0.236925,0.134618,1.75998,0
19,0,8,10.0,-5.33127e-08,-6.22418e-07,-1.04794e-05,0.236907,0.134618,1.75985,0
20,0,8,10.0,-4.72992e-08,-6.10071e-07,-9.54307e-06,0.236899,0.134618,1.75979,0
21,0,8,10.0,-3.48186e-08,-6.14759e-07,-8.45536e-06,0.236895,0.134618,1.75976,0
22,0,8,10.0,-2.49444e-08,-6.30483e-07,-7.17421e-06,0.236893,0.134618,1.75975,0
23,0,8,10.0,-2.18926e-08,-6.80161e-07,-5.63689e-06,0.236893,0.134618,1.75974,0
0,1,8,10.0,-1.82726e-08,-1.94309e-07,-5.63927e-06,0.238378,0.134708,1.76959,0
1,1,8,10.0,-1.33462e-07,7.57628e-07,-5.46018e-06,0.237603,0.134655,1.76453,0
2,1,8,10.0,-1.48161e-07,5.07091e-07,-5.7259e-06,0.237241,0.134635,1.7621,0
3,1,8,10.0,-1.71207e-07,3.25099e-07,-6.23343e-06,0.237072,0.134628,1.76094,0
4,1,8,10.0,-1.94096e-07,1.92592e-07,-6.88966e-06,0.236994,0.134626,1.76038,0
5,1,8,10.0,-2.10495e-07,9.62743e-08,-7.62409e-06,0.236957,0.134626,1.76011,0
6,1,8,10.0,-2.20533e-07,2.80982e-08,-8.38433e-06,0.23694,0.134626,1.75998,0
7,1,8,10.0,-2.31187e-07,-1.97893e-08,-9.12382e-06,0.236932,0.134626,1.75992,0
8,1,8,10.0,-2.50981e-07,-5.82723e-08,-9.81577e-06,0.236928,0.134626,1.75989,0
9,1,8,10.0,-2.69701e-07,-9.24703e-08,-1.04497e-05,0.236926,0.134626,1.75988,0
10,1,8,10.0,-2.8738e-07,-1.21088e-07,-1.10247e-05,0.236926,0.134627,1.75987,0
11,1,8,10.0,-2.82342e-07,-1.40616e-07,-1.15377e-05,0.236925,0.134627,1.75987,0
12,1,8,10.0,-2.77657e-07,-1.72465e-07,-1.19676e-05,0.236925,0.134627,1.75987,0
13,1,8,10.0,-2.41173e-07,-2.02188e-07,-1.24344e-05,0.238359,0.134703,1.76952,0
14,1,8,10.0,-2.07135e-07,-2.94708e-07,-1.24496e-05,0.237594,0.134653,1.7645,0
15,1,8,10.0,-2.17026e-07,-2.60981e-07,-1.22506e-05,0.237237,0.134634,1.76209,0
16,1,8,10.0,-2.14839e-07,-2.25501e-07,-1.18817e-05,0.23707,0.134628,1.76093,0
17,1,8,10.0,-1.96189e-07,-2.19236e-07,-1.13688e-05,0.236993,0.134626,1.76038,0
18,1,8,10.0,-1.79688e-07,-2.20818e-07,-1.07291e-05,0.236957,0.134626,1.76011,0
19,1,8,10.0,-1.65106e-07,-2.45561e-07,-9.96642e-06,0.23694,0.134626,1.75998,0
20,1,8,10.0,-1.45577e-07,-2.83109e-07,-9.07363e-06,0.236932,0.134626,1.75992,0
21,1,8,10.0,-1.1443e-07,-3.53909e-07,-8.02994e-06,0.236928,0.134626,1.75989,0
22,1,8,10.0,-8.46248e-08,-4.48642e-07,-6.80156e-06,0.236926,0.134627,1.75988,0
23,1,8,10.0,-5.48444e-08,-5.71816e-07,-5.33317e-06,0.236926,0.134627,1.75987,0
0,2,8,10.0,-1.65306e-08,-1.98142e-07,-5.50243e-06,0.238378,0.134708,1.76959,0
1,2,8,10.0,-9.90793e-08,7.43939e-07,-5.33987e-06,0.237603,0.134655,1.76453,0
2,2,8,10.0,-1.14536e-07,4.93427e-07,-5.5955e-06,0.237241,0.134635,1.7621,0
3,2,8,10.0,-1.37744e-07,3.06624e-07,-6.08274e-06,0.237073,0.134628,1.76094,0
4,2,8,10.0,-1.4734e-07,1.75045e-07,-6.70848e-06,0.236994,0.134626,1.76038,0
5,2,8,10.0,-1.65384e-07,7.40457e-08,-7.40751e-06,0.236957,0.134626,1.76011,0
6,2,8,10.0,-1.58479e-07,8.95384e-09,-8.124e-06,0.23694,0.134626,1.75999,0
7,2,8,10.0,-1.79824e-07,-4.5039e-08,-8.82306e-06,0.236932,0.134626,1.75992,0
8,2,8,10.0,-1.95697e-07,-8.63342e-08,-9.4738e-06,0.236929,0.134627,1.75989,0
9,2,8,10.0,-2.1959e-07,-1.11662e-07,-1.00624e-05,0.236927,0.134627,1.75988,0
10,2,8,10.0,-2.40723e-07,-1.54037e-07,-1.05869e-05,0.236926,0.134627,1.75987,0
11,2,8,10.0,-2.26921e-07,-1.80903e-07,-1.10402e-05,0.236926,0.134627,1.75987,0
12,2,8,10.0,-1.83205e-07,-1.98132e-07,-1.14038e-05,0.236925,0.134627,1.75987,0
13,2,8,10.0,-1.72376e-07,-2.23253e-07,-1.17641e-05,0.238359,0.134703,1.76952,0
14,2,8,10.0,-1.09981e-07,-3.11252e-07,-1.17456e-05,0.237594,0.134653,1.7645,0
15,2,8,10.0,-1.30361e-07,-2.76658e-07,-1.15471e-05,0.237237,0.134634,1.76209,0
16,2,8,10.0,-1.33991e-07,-2.5044e-07,-1.11966e-05,0.237071,0.134628,1.76093,0
17,2,8,10.0,-1.30144e-07,-2.38898e-07,-1.0712e-05,0.236993,0.134626,1.76038,0
18,2,8,10.0,-1.25367e-07,-2.44324e-07,-1.01074e-05,0.236957,0.134626,1.76011,0
19,2,8,10.0,-1.14088e-07,-2.61403e-07,-9.38396e-06,0.23694,0.134626,1.75998,0
20,2,8,10.0,-9.49584e-08,-3.06323e-07,-8.53413e-06,0.236932,0.134626,1.75992,0
21,2,8,10.0,-7.42458e-08,-3.71801e-07,-7.54009e-06,0.236928,0.134627,1.75989,0
22,2,8,10.0,-4.81104e-08,-4.62331e-07,-6.37152e-06,0.236927,0.134627,1.75988,0
23,2,8,10.0,-1.48561e-08,-5.84016e-07,-4.9808e-06,0.236926,0.134627,1.75987,0
0,3,8,10.0,-2.5723e-08,-1.9916e-07,-5.4482e-06,0.238378,0.134708,1.76959,0
1,3,8,10.0,-7.36255e-08,7.3953e-07,-5.27601e-06,0.237603,0.134655,1.76453,0
2,3,8,10.0,-9.88452e-08,4.76071e-07,-5.52472e-06,0.237241,0.134635,1.7621,0
3,3,8,10.0,-1.10799e-07,2.92665e-07,-6.0001e-06,0.237073,0.134628,1.76094,0
4,3,8,10.0,-1.34494e-07,1.47624e-07,-6.60583e-06,0.236994,0.134626,1.76038,0
5,3,8,10.0,-1.33449e-07,5.50784e-08,-7.27857e-06,0.236957,0.134626,1.76011,0
6,3,8,10.0,-1.53934e-07,-2.70487e-08,-7.96249e-06,0.23694,0.134626,1.75999,0
7,3,8,10.0,-1.56044e-07,-7.33511e-08,-8.62846e-06,0.236932,0.134626,1.75992,0
8,3,8,10.0,-1.84185e-07,-1.15996e-07,-9.24222e-06,0.236929,0.134627,1.75989,0
9,3,8,10.0,-2.19029e-07,-1.61965e-07,-9.78845e-06,0.236927,0.134627,1.75988,0
10,3,8,10.0,-2.31902e-07,-2.01376e-07,-1.02583e-05,0.236926,0.134627,1.75987,0
11,3,8,10.0,-2.25073e-07,-2.24906e-07,-1.06399e-05,0.236926,0.134627,1.75987,0
12,3,8,10.0,-1.95339e-07,-2.43137e-07,-1.09205e-05,0.236925,0.134627,1.75987,0
13,3,8,10.0,-1.42174e-07,-2.5561e-07,-1.1148e-05,0.238359,0.134703,1.76952,0
14,3,8,10.0,-1.07189e-07,-3.39991e-07,-1.10834e-05,0.237594,0.134653,1.7645,0
15,3,8,10.0,-1.24528e-07,-3.05085e-07,-1.0874e-05,0.237237,0.134634,1.76209,0
16,3,8,10.0,-1.29078e-07,-2.75754e-07,-1.05317e-05,0.237071,0.134628,1.76093,0
17,3,8,10.0,-1.2814e-07,-2.64715e-07,-1.00695e-05,0.236993,0.134626,1.76038,0
18,3,8,10.0,-1.22664e-07,-2.64894e-07,-9.49504e-06,0.236957,0.134626,1.76011,0
19,3,8,10.0,-1.12893e-07,-2.88086e-07,-8.80792e-06,0.23694,0.134626,1.75998,0
20,3,8,10.0,-1.03416e-07,-3.22642e-07,-8.00116e-06,0.236932,0.134626,1.75992,0
21,3,8,10.0,-8.37193e-08,-3.8754e-07,-7.05706e-06,0.236928,0.134627,1.75989,0
22,3,8,10.0,-5.79343e-08,-4.74433e-07,-5.94784e-06,0.236927,0.134627,1.75988,0
23,3,8,10.0,-2.41888e-08,-5.92166e-07,-4.63195e-06,0.236926,0.134627,1.75987,0
0,4,8,10.0,-2.00751e-08,-2.13433e-07,-5.44245e-06,0.238378,0.134708,1.76959,0
1,4,8,10.0,-5.69715e-08,7.28001e-07,-5.25233e-06,0.237603,0.134655,1.76453,0
2,4,8,10.0,-7.90743e-08,4.62897e-07,-5.49962e-06,0.237241,0.134635,1.7621,0
3,4,8,10.0,-9.33315e-08,2.71541e-07,-5.96637e-06,0.237073,0.134628,1.76094,0
4,4,8,10.0,-1.08057e-07,1.26124e-07,-6.56036e-06,0.236994,0.134626,1.76038,0
5,4,8,10.0,-1.11477e-07,3.14833e-08,-7.21272e-06,0.236957,0.134626,1.76011,0
6,4,8,10.0,-1.23283e-07,-5.5448e-08,-7.87633e-06,0.23694,0.134626,1.75999,0
7,4,8,10.0,-1.32985e-07,-9.32508e-08,-8.51801e-06,0.236932,0.134626,1.75992,0
8,4,8,10.0,-1.57067e-07,-1.57556e-07,-9.10654e-06,0.236929,0.134627,1.75989,0
9,4,8,10.0,-1.87251e-07,-1.98172e-07,-9.62484e-06,0.236927,0.134627,1.75988,0
10,4,8,10.0,-2.10559e-07,-2.35744e-07,-1.00489e-05,0.236926,0.134627,1.75987,0
11,4,8,10.0,-2.06819e-07,-2.7359e-07,-1.0372e-05,0.236926,0.134627,1.75987,0
12,4,8,10.0,-1.85459e-07,-2.83493e-07,-1.05856e-05,0.236925,0.134627,1.75987,0
13,4,8,10.0,-1.44151e-07,-2.85994e-07,-1.06927e-05,0.238359,0.134703,1.76952,0
14,4,8,10.0,-1.21167e-07,-3.65696e-07,-1.0592e-05,0.237594,0.134653,1.7645,0
15,4,8,10.0,-1.29344e-07,-3.27915e-07,-1.0368e-05,0.237237,0.134634,1.76209,0
16,4,8,10.0,-1.31262e-07,-2.99659e-07,-1.00274e-05,0.237071,0.134628,1.76093,0
17,4,8,10.0,-1.29407e-07,-2.87168e-07,-9.57873e-06,0.236993,0.134626,1.76038,0
18,4,8,10.0,-1.26072e-07,-2.85115e-07,-9.02603e-06,0.236957,0.134626,1.76011,0
19,4,8,10.0,-1.23736e-07,-3.01933e-07,-8.36786e-06,0.23694,0.134626,1.75998,0
20,4,8,10.0,-1.15061e-07,-3.44871e-07,-7.59509e-06,0.236932,0.134626,1.75992,0
21,4,8,10.0,-9.79605e-08,-4.03718e-07,-6.68944e-06,0.236928,0.134627,1.75989,0
22,4,8,10.0,-7.71884e-08,-4.85635e-07,-5.62423e-06,0.236927,0.134627,1.75988,0
23,4,8,10.0,-4.99436e-08,-6.00902e-07,-4.36424e-06,0.236926,0.134627,1.75987,0
0,5,8,10.0,-4.67955e-09,-1.9429e-07,-5.42444e-06,0.238378,0.134708,1.76959,0
1,5,8,10.0,-3.00483e-08,7.27326e-07,-5.23222e-06,0.237603,0.134655,1.76453,0
2,5,8,10.0,-3.25133e-08,4.59652e-07,-5.47444e-06,0.237241,0.134635,1.7621,0
3,5,8,10.0,-5.14819e-08,2.55113e-07,-5.93011e-06,0.237073,0.134628,1.76094,0
4,5,8,10.0,-5.73979e-08,1.19789e-07,-6.51001e-06,0.236994,0.134626,1.76038,0
5,5,8,10.0,-7.00906e-08,-2.2654e-09,-7.14556e-06,0.236957,0.134626,1.76011,0
6,5,8,10.0,-7.93773e-08,-7.25152e-08,-7.79374e-06,0.23694,0.134626,1.75999,0
7,5,8,10.0,-8.47286e-08,-1.36775e-07,-8.4183e-06,0.236932,0.134626,1.75992,0
8,5,8,10.0,-1.07678e-07,-1.7147e-07,-8.99609e-06,0.236929,0.134627,1.75989,0
9,5,8,10.0,-1.29163e-07,-2.27179e-07,-9.49603e-06,0.236927,0.134627,1.75988,0
10,5,8,10.0,-1.57623e-07,-2.76305e-07,-9.90091e-06,0.236926,0.134627,1.75987,0
11,5,8,10.0,-1.59767e-07,-2.96011e-07,-1.01956e-05,0.236926,0.134627,1.75987,0
12,5,8,10.0,-1.57184e-07,-3.09673e-07,-1.03796e-05,0.236925,0.134627,1.75987,0
13,5,8,10.0,-1.33204e-07,-3.0844e-07,-1.04347e-05,0.238359,0.134703,1.76952,0
14,5,8,10.0,-1.28812e-07,-3.86182e-07,-1.03175e-05,0.237594,0.134653,1.7645,0
15,5,8,10.0,-1.29633e-07,-3.46351e-07,-1.00874e-05,0.237237,0.134634,1.76209,0
16,5,8,10.0,-1.2997e-07,-3.201e-07,-9.74917e-06,0.237071,0.134628,1.76093,0
17,5,8,10.0,-1.27209e-07,-2.99179e-07,-9.30841e-06,0.236993,0.134626,1.76038,0
18,5,8,10.0,-1.28362e-07,-3.02395e-07,-8.7687e-06,0.236957,0.134626,1.76011,0
19,5,8,10.0,-1.28608e-07,-3.23538e-07,-8.12692e-06,0.23694,0.134626,1.75998,0
20,5,8,10.0,-1.18267e-07,-3.58798e-07,-7.37155e-06,0.236932,0.134626,1.75992,0
21,5,8,10.0,-1.06668e-07,-4.1574e-07,-6.48402e-06,0.236928,0.134627,1.75989,0
22,5,8,10.0,-9.57623e-08,-4.97947e-07,-5.44106e-06,0.236927,0.134627,1.75988,0
23,5,8,10.0,-8.21688e-08,-6.12156e-07,-4.21041e-06,0.236926,0.134627,1.75987,0
0,6,8,10.0,-3.14478e-09,-2.25973e-07,-5.37777e-06,0.238378,0.134708,1.76959,0
1,6,8,10.0,2.7483e-09,7.27268e-07,-5.20658e-06,0.237603,0.134655,1.76453,0
2,6,8,10.0,-4.52764e-09,4.51012e-07,-5.43889e-06,0.237241,0.134635,1.7621,0
3,6,8,10.0,-1.23294e-08,2.4443e-07,-5.87791e-06,0.237073,0.134628,1.76094,0
4,6,8,10.0,-2.73313e-08,9.02982e-08,-6.43757e-06,0.236994,0.134626,1.76038,0
5,6,8,10.0,-3.45859e-08,-2.48179e-08,-7.0571e-06,0.236957,0.134626,1.76011,0
6,6,8,10.0,-4.65824e-08,-1.00925e-07,-7.69273e-06,0.23694,0.134626,1.75999,0
7,6,8,10.0,-5.98748e-08,-1.62327e-07,-8.31146e-06,0.236932,0.134626,1.75992,0
8,6,8,10.0,-6.90201e-08,-2.0731e-07,-8.88836e-06,0.236929,0.134627,1.75989,0
9,6,8,10.0,-8.83932e-08,-2.57362e-07,-9.39281e-06,0.236927,0.134627,1.75988,0
10,6,8,10.0,-1.16128e-07,-2.98376e-07,-9.80818e-06,0.236926,0.134627,1.75987,0
11,6,8,10.0,-1.38963e-07,-3.299e-07,-1.01174e-05,0.236926,0.134627,1.75987,0
12,6,8,10.0,-1.41722e-07,-3.4057e-07,-1.03168e-05,0.236925,0.134627,1.75987,0
13,6,8,10.0,-1.32743e-07,-3.33268e-07,-1.03985e-05,0.238359,0.134703,1.76952,0
14,6,8,10.0,-1.46902e-07,-4.11965e-07,-1.02906e-05,0.237594,0.134653,1.7645,0
15,6,8,10.0,-1.38514e-07,-3.69221e-07,-1.00661e-05,0.237237,0.134634,1.76209,0
16,6,8,10.0,-1.32226e-07,-3.36191e-07,-9.73207e-06,0.237071,0.134628,1.76093,0
17,6,8,10.0,-1.33765e-07,-3.21523e-07,-9.29456e-06,0.236993,0.134626,1.76038,0
18,6,8,10.0,-1.34236e-07,-3.18152e-07,-8.75588e-06,0.236957,0.134626,1.76011,0
19,6,8,10.0,-1.30664e-07,-3.3839e-07,-8.11293e-06,0.23694,0.134626,1.75998,0
20,6,8,10.0,-1.2731e-07,-3.77421e-07,-7.35378e-06,0.236932,0.134626,1.75992,0
21,6,8,10.0,-1.24504e-07,-4.35485e-07,-6.46227e-06,0.236928,0.134627,1.75989,0
22,6,8,10.0,-1.21941e-07,-5.12275e-07,-5.41467e-06,0.236927,0.134627,1.75988,0
23,6,8,10.0,-1.24885e-07,-6.32133e-07,-4.18306e-06,0.236926,0.134627,1.75987,0
0,7,8,10.0,-7.74923e-09,-2.17207e-07,-5.35418e-06,0.238378,0.134708,1.76959,0
1,7,8,10.0,4.79994e-08,7.29644e-07,-5.22891e-06,0.237603,0.134655,1.76453,0
2,7,8,10.0,3.66064e-08,4.5008e-07,-5.45299e-06,0.237241,0.134635,1.7621,0
3,7,8,10.0,1.36123e-08,2.29717e-07,-5.8742e-06,0.237073,0.134628,1.76094,0
4,7,8,10.0,-7.35242e-09,6.68892e-08,-6.41716e-06,0.236994,0.134626,1.76038,0
5,7,8,10.0,-2.44341e-08,-5.17655e-08,-7.0246e-06,0.236957,0.134626,1.76011,0
6,7,8,10.0,-3.86105e-08,-1.38076e-07,-7.65724e-06,0.23694,0.134626,1.75999,0
7,7,8,10.0,-4.7601e-08,-1.93634e-07,-8.28375e-06,0.236932,0.134626,1.75992,0
8,7,8,10.0,-5.77915e-08,-2.33443e-07,-8.8819e-06,0.236929,0.134627,1.75989,0
9,7,8,10.0,-8.69036e-08,-2.7943e-07,-9.41822e-06,0.236927,0.134627,1.75988,0
10,7,8,10.0,-1.06008e-07,-3.32968e-07,-9.87617e-06,0.236926,0.134627,1.75987,0
11,7,8,10.0,-1.30536e-07,-3.56548e-07,-1.02399e-05,0.236926,0.134627,1.75987,0
12,7,8,10.0,-1.53248e-07,-3.65402e-07,-1.04916e-05,0.236925,0.134627,1.75987,0
13,7,8,10.0,-1.36538e-07,-3.57927e-07,-1.06469e-05,0.238359,0.134703,1.76952,0
14,7,8,10.0,-1.65001e-07,-4.33765e-07,-1.05621e-05,0.237594,0.134653,1.7645,0
15,7,8,10.0,-1.47427e-07,-3.89809e-07,-1.03456e-05,0.237237,0.134634,1.76209,0
16,7,8,10.0,-1.37143e-07,-3.55189e-07,-1.00106e-05,0.237071,0.134628,1.76093,0
17,7,8,10.0,-1.34012e-07,-3.31876e-07,-9.56496e-06,0.236993,0.134626,1.76038,0
18,7,8,10.0,-1.3629e-07,-3.3137e-07,-9.01096e-06,0.236957,0.134626,1.76011,0
19,7,8,10.0,-1.38357e-07,-3.53834e-07,-8.34694e-06,0.23694,0.134626,1.75998,0
20,7,8,10.0,-1.39656e-07,-3.95808e-07,-7.56269e-06,0.236932,0.134626,1.75992,0
21,7,8,10.0,-1.42835e-07,-4.47776e-07,-6.64087e-06,0.236928,0.134627,1.75989,0
22,7,8,10.0,-1.55914e-07,-5.37201e-07,-5.56084e-06,0.236927,0.134627,1.75988,0
23,7,8,10.0,-1.76054e-07,-6.58798e-07,-4.29517e-06,0.236926,0.134627,1.75987,0
0,8,8,10.0,-3.43887e-08,-2.4713e-07,-5.47911e-06,0.238378,0.134708,1.76959,0
1,8,8,10.0,1.14648e-07,7.56355e-07,-5.38844e-06,0.237603,0.134655,1.76453,0
2,8,8,10.0,7.0269e-08,4.55748e-07,-5.6093e-06,0.237241,0.134635,1.7621,0
3,8,8,10.0,2.98586e-08,2.28979e-07,-6.02219e-06,0.237073,0.134628,1.76094,0
4,8,8,10.0,-8.46675e-09,5.58603e-08,-6.55998e-06,0.236994,0.134626,1.76038,0
5,8,8,10.0,-3.6238e-08,-6.81649e-08,-7.17043e-06,0.236957,0.134626,1.76011,0
6,8,8,10.0,-5.60575e-08,-1.53405e-07,-7.81498e-06,0.23694,0.134626,1.75999,0
7,8,8,10.0,-7.85635e-08,-2.07976e-07,-8.46574e-06,0.236932,0.134626,1.75992,0
8,8,8,10.0,-7.31173e-08,-2.54102e-07,-9.10502e-06,0.236929,0.134627,1.75989,0
9,8,8,10.0,-8.51133e-08,-3.0001e-07,-9.70235e-06,0.236927,0.134627,1.75988,0
10,8,8,10.0,-1.1808e-07,-3.41154e-07,-1.02298e-05,0.236926,0.134627,1.75987,0
11,8,8,10.0,-1.39838e-07,-3.82392e-07,-1.06727e-05,0.236926,0.134627,1.75987,0
12,8,8,10.0,-1.46473e-07,-4.02934e-07,-1.09936e-05,0.236925,0.134627,1.75987,0
13,8,8,10.0,-1.4052e-07,-3.91786e-07,-1.12386e-05,0.238359,0.134703,1.76952,0
14,8,8,10.0,-1.61071e-07,-4.54465e-07,-1.11697e-05,0.237594,0.134653,1.7645,0
15,8,8,10.0,-1.37822e-07,-3.99103e-07,-1.09543e-05,0.237237,0.134634,1.76209,0
16,8,8,10.0,-1.27267e-07,-3.60711e-07,-1.06051e-05,0.237071,0.134628,1.76093,0
17,8,8,10.0,-1.26943e-07,-3.37958e-07,-1.01332e-05,0.236993,0.134626,1.76038,0
18,8,8,10.0,-1.33178e-07,-3.38391e-07,-9.54503e-06,0.236957,0.134626,1.76011,0
19,8,8,10.0,-1.40137e-07,-3.61187e-07,-8.8388e-06,0.23694,0.134626,1.75998,0
20,8,8,10.0,-1.49102e-07,-4.03945e-07,-8.00443e-06,0.236932,0.134626,1.75992,0
21,8,8,10.0,-1.65496e-07,-4.67655e-07,-7.02678e-06,0.236928,0.134627,1.75989,0
22,8,8,10.0,-1.91e-07,-5.55055e-07,-5.88621e-06,0.236927,0.134627,1.75988,0
23,8,8,10.0,-2.31115e-07,-6.85579e-07,-4.55172e-06,0.236926,0.134627,1.75987,0
0,9,8,10.0,-6.18325e-08,-2.48119e-07,-5.84555e-06,0.238387,0.13471,1.76963,0
1,9,8,10.0,2.05178e-07,7.79792e-07,-5.75896e-06,0.237621,0.13466,1.7646,0
2,9,8,10.0,1.27e-07,4.68613e-07,-5.98187e-06,0.237265,0.134641,1.7622,0
3,9,8,10.0,5.45765e-08,2.18552e-07,-6.39991e-06,0.2371,0.134636,1.76105,0
4,9,8,10.0,-5.42414e-09,3.80769e-08,-6.94983e-06,0.237024,0.134634,1.7605,0
5,9,8,10.0,-4.27306e-08,-9.92292e-08,-7.5773e-06,0.236988,0.134634,1.76024,0
6,9,8,10.0,-7.21464e-08,-1.9459e-07,-8.25012e-06,0.236972,0.134634,1.76012,0
7,9,8,10.0,-1.02448e-07,-2.57031e-07,-8.94199e-06,0.236965,0.134635,1.76006,0
8,9,8,10.0,-9.34126e-08,-2.97797e-07,-9.63006e-06,0.236952,0.134632,1.75999,0
9,9,8,10.0,-1.06548e-07,-3.42415e-07,-1.0305e-05,0.238369,0.134705,1.76956,0
10,9,8,10.0,-2.03468e-07,-6.80352e-07,-1.0949e-05,0.237612,0.134657,1.76457,0
11,9,8,10.0,-2.00331e-07,-6.78352e-07,-1.14731e-05,0.237261,0.13464,1.76218,0
12,9,8,10.0,-1.96454e-07,-6.61994e-07,-1.18576e-05,0.237099,0.134635,1.76104,0
13,9,8,10.0,-1.87061e-07,-6.1141e-07,-1.21938e-05,0.238369,0.134705,1.76956,0
14,9,8,10.0,-2.55194e-07,-7.80496e-07,-1.21588e-05,0.237612,0.134657,1.76457,0
15,9,8,10.0,-2.16302e-07,-6.77802e-07,-1.19312e-05,0.237261,0.13464,1.76218,0
16,9,8,10.0,-1.89334e-07,-5.94094e-07,-1.15453e-05,0.237098,0.134635,1.76104,0
17,9,8,10.0,-1.82006e-07,-5.37306e-07,-1.10219e-05,0.237023,0.134634,1.7605,0
18,9,8,10.0,-1.80661e-07,-5.04988e-07,-1.03713e-05,0.236988,0.134634,1.76024,0
19,9,8,10.0,-1.82224e-07,-5.08395e-07,-9.59383e-06,0.236972,0.134634,1.76011,0
20,9,8,10.0,-1.91923e-07,-5.35594e-07,-8.68223e-06,0.236964,0.134635,1.76005,0
21,9,8,10.0,-2.14235e-07,-5.80446e-07,-7.62036e-06,0.236961,0.134635,1.76003,0
22,9,8,10.0,-2.48771e-07,-6.65176e-07,-6.38543e-06,0.236959,0.134635,1.76001,0
23,9,8,10.0,-2.96408e-07,-7.92255e-07,-4.94403e-06,0.236959,0.134635,1.76001,0
0,10,8,10.0,-9.74196e-08,-2.73442e-07,-6.48228e-06,0.238378,0.134708,1.7696,0
1,10,8,10.0,3.29274e-07,8.40455e-07,-6.38865e-06,0.237603,0.134655,1.76453,0
2,10,8,10.0,1.92439e-07,5.06919e-07,-6.62164e-06,0.237241,0.134635,1.7621,0
3,10,8,10.0,9.07452e-08,2.47568e-07,-7.05836e-06,0.237073,0.134629,1.76094,0
4,10,8,10.0,2.15767e-08,6.08553e-08,-7.63383e-06,0.236994,0.134627,1.76038,0
5,10,8,10.0,-4.25066e-08,-7.23788e-08,-8.29437e-06,0.236957,0.134626,1.76011,0
6,10,8,10.0,-8.61993e-08,-1.71125e-07,-9.00482e-06,0.23694,0.134626,1.75999,0
7,10,8,10.0,-1.04037e-07,-2.46215e-07,-9.73995e-06,0.236933,0.134627,1.75992,0
8,10,8,10.0,-1.19095e-07,-2.77712e-07,-1.04816e-05,0.236919,0.134624,1.75986,0
9,10,8,10.0,-1.36865e-07,-3.27895e-07,-1.12205e-05,0.238359,0.134703,1.76952,0
10,10,8,10.0,-2.30065e-07,-6.24968e-07,-1.19451e-05,0.237594,0.134653,1.7645,0
11,10,8,10.0,-2.26189e-07,-6.37125e-07,-1.25378e-05,0.237237,0.134634,1.76209,0
12,10,8,10.0,-2.33496e-07,-6.37796e-07,-1.29806e-05,0.237071,0.134628,1.76093,0
13,10,8,10.0,-2.19916e-07,-5.95566e-07,-1.33973e-05,0.23836,0.134703,1.76952,0
14,10,8,10.0,-2.85981e-07,-8.31002e-07,-1.33904e-05,0.237594,0.134653,1.7645,0
15,10,8,10.0,-2.4058e-07,-7.1375e-07,-1.31452e-05,0.237237,0.134634,1.76209,0
16,10,8,10.0,-2.21055e-07,-6.31897e-07,-1.27133e-05,0.237071,0.134628,1.76093,0
17,10,8,10.0,-2.08691e-07,-5.73319e-07,-1.21261e-05,0.236993,0.134626,1.76038,0
18,10,8,10.0,-2.05457e-07,-5.46241e-07,-1.13984e-05,0.236957,0.134626,1.76011,0
19,10,8,10.0,-2.13031e-07,-5.47705e-07,-1.05347e-05,0.23694,0.134626,1.75999,0
20,10,8,10.0,-2.26257e-07,-5.77847e-07,-9.52767e-06,0.236932,0.134626,1.75992,0
21,10,8,10.0,-2.5291e-07,-6.3407e-07,-8.36066e-06,0.236929,0.134627,1.75989,0
22,10,8,10.0,-3.00777e-07,-7.25997e-07,-7.00707e-06,0.236927,0.134627,1.75988,0
23,10,8,10.0,-3.56914e-07,-8.63969e-07,-5.42558e-06,0.236926,0.134627,1.75987,0
0,11,8,10.0,-1.4745e-07,-2.94615e-07,-7.46412e-06,0.238378,0.134708,1.76959,0
1,11,8,10.0,4.2884e-07,9.20865e-07,-7.33516e-06,0.237603,0.134655,1.76453,0
2,11,8,10.0,2.68971e-07,5.41055e-07,-7.58554e-06,0.237241,0.134635,1.7621,0
3,11,8,10.0,1.22494e-07,2.62216e-07,-8.06282e-06,0.237073,0.134628,1.76094,0
4,11,8,10.0,7.45714e-09,6.65698e-08,-8.68527e-06,0.236994,0.134626,1.76038,0
5,11,8,10.0,-5.67985e-08,-7.74874e-08,-9.3948e-06,0.236957,0.134626,1.76011,0
6,11,8,10.0,-1.00476e-07,-1.93979e-07,-1.01512e-05,0.23694,0.134626,1.75999,0
7,11,8,10.0,-1.42378e-07,-2.83161e-07,-1.09358e-05,0.236932,0.134626,1.75992,0
8,11,8,10.0,-1.66004e-07,-3.10766e-07,-1.17391e-05,0.236919,0.134624,1.75986,0
9,11,8,10.0,-2.01259e-07,-3.64693e-07,-1.25452e-05,0.238359,0.134703,1.76952,0
10,11,8,10.0,-3.50654e-07,-6.87047e-07,-1.3336e-05,0.237594,0.134653,1.7645,0
11,11,8,10.0,-3.28184e-07,-6.96713e-07,-1.39859e-05,0.237237,0.134634,1.76209,0
12,11,8,10.0,-3.30462e-07,-6.91258e-07,-1.44737e-05,0.237071,0.134628,1.76093,0
13,11,8,10.0,-3.1473e-07,-6.39209e-07,-1.49213e-05,0.238359,0.134703,1.76952,0
14,11,8,10.0,-3.84299e-07,-8.90585e-07,-1.49003e-05,0.237594,0.134653,1.7645,0
15,11,8,10.0,-3.45252e-07,-7.76344e-07,-1.46153e-05,0.237237,0.134634,1.76209,0
16,11,8,10.0,-3.14251e-07,-6.8209e-07,-1.41204e-05,0.237071,0.134628,1.76093,0
17,11,8,10.0,-2.99728e-07,-6.23424e-07,-1.34559e-05,0.236993,0.134626,1.76038,0
18,11,8,10.0,-2.99898e-07,-5.94738e-07,-1.26385e-05,0.236957,0.134626,1.76011,0
19,11,8,10.0,-2.98354e-07,-5.97213e-07,-1.16735e-05,0.23694,0.134626,1.75998,0
20,11,8,10.0,-3.10171e-07,-6.28513e-07,-1.05533e-05,0.236932,0.134626,1.75992,0
21,11,8,10.0,-3.42823e-07,-6.8996e-07,-9.25848e-06,0.236928,0.134627,1.75989,0
22,11,8,10.0,-3.8837e-07,-7.9134e-07,-7.75802e-06,0.236927,0.134627,1.75988,0
23,11,8,10.0,-4.50831e-07,-9.41228e-07,-6.0031e-06,0.236926,0.134627,1.75987,0
0,12,8,10.0,-1.97381e-07,-3.3586e-07,-8.80057e-06,0.238378,0.134708,1.76959,0
1,12,8,10.0,5.49326e-07,1.00854e-06,-8.61751e-06,0.237603,0.134655,1.76453,0
2,12,8,10.0,3.43791e-07,5.9607e-07,-8.89838e-06,0.237241,0.134635,1.7621,0
3,12,8,10.0,1.58986e-07,2.94733e-07,-9.44296e-06,0.237073,0.134628,1.76094,0
4,12,8,10.0,1.95699e-08,7.41916e-08,-1.01433e-05,0.236994,0.134626,1.76038,0
5,12,8,10.0,-4.23253e-08,-8.98982e-08,-1.09167e-05,0.236957,0.134626,1.76011,0
6,12,8,10.0,-1.11574e-07,-2.14806e-07,-1.17346e-05,0.23694,0.134626,1.75999,0
7,12,8,10.0,-1.80626e-07,-3.27415e-07,-1.25907e-05,0.236932,0.134626,1.75992,0
8,12,8,10.0,-1.89066e-07,-3.4664e-07,-1.34582e-05,0.236919,0.134624,1.75986,0
9,12,8,10.0,-2.34084e-07,-4.26029e-07,-1.43469e-05,0.238359,0.134703,1.76952,0
10,12,8,10.0,-4.23424e-07,-7.75345e-07,-1.52258e-05,0.237594,0.134653,1.7645,0
11,12,8,10.0,-3.91699e-07,-7.63482e-07,-1.59162e-05,0.237237,0.134634,1.76209,0
12,12,8,10.0,-3.80351e-07,-7.53146e-07,-1.64218e-05,0.237071,0.134628,1.76093,0
13,12,8,10.0,-3.74276e-07,-6.86607e-07,-1.68376e-05,0.238359,0.134703,1.76952,0
14,12,8,10.0,-4.39406e-07,-9.77405e-07,-1.67582e-05,0.237594,0.134653,1.7645,0
15,12,8,10.0,-3.91839e-07,-8.2446e-07,-1.63943e-05,0.237237,0.134634,1.76209,0
16,12,8,10.0,-3.66804e-07,-7.4382e-07,-1.58117e-05,0.23707,0.134628,1.76093,0
17,12,8,10.0,-3.86305e-07,-6.89684e-07,-1.50455e-05,0.236993,0.134626,1.76038,0
18,12,8,10.0,-3.85502e-07,-6.57487e-07,-1.41236e-05,0.236957,0.134626,1.76011,0
19,12,8,10.0,-3.76663e-07,-6.54295e-07,-1.30388e-05,0.23694,0.134626,1.75998,0
20,12,8,10.0,-3.91572e-07,-6.88862e-07,-1.17834e-05,0.236932,0.134626,1.75992,0
21,12,8,10.0,-4.22572e-07,-7.54851e-07,-1.03356e-05,0.236928,0.134627,1.75989,0
22,12,8,10.0,-4.67685e-07,-8.62e-07,-8.65544e-06,0.236927,0.134627,1.75988,0
23,12,8,10.0,-5.40742e-07,-1.03138e-06,-6.69384e-06,0.236926,0.134627,1.75987,0
0,13,8,10.0,-2.50939e-07,-4.13198e-07,-1.22838e-05,0.238378,0.134708,1.76959,0
1,13,8,10.0,8.16175e-07,1.29372e-06,-1.20364e-05,0.237603,0.134655,1.76453,0
2,13,8,10.0,5.00294e-07,7.56237e-07,-1.24221e-05,0.237241,0.134635,1.7621,0
3,13,8,10.0,2.93014e-07,3.80736e-07,-1.31498e-05,0.237073,0.134628,1.76094,0
4,13,8,10.0,1.28422e-07,1.19436e-07,-1.40653e-05,0.236994,0.134626,1.76038,0
5,13,8,10.0,-1.14713e-08,-7.6514e-08,-1.50728e-05,0.236957,0.134626,1.76011,0
6,13,8,10.0,-1.26295e-07,-2.5661e-07,-1.61324e-05,0.23694,0.134626,1.75999,0
7,13,8,10.0,-1.95792e-07,-3.57708e-07,-1.72041e-05,0.236932,0.134626,1.75992,0
8,13,8,10.0,-2.90171e-07,-4.30784e-07,-1.82609e-05,0.236929,0.134627,1.75989,0
9,13,8,10.0,-2.81183e-07,-4.47849e-07,-1.92656e-05,0.236935,0.134629,1.75991,0
10,13,8,10.0,-3.16217e-07,-4.78708e-07,-2.01712e-05,0.236934,0.134629,1.75991,0
11,13,8,10.0,-3.31859e-07,-5.20325e-07,-2.08637e-05,0.236931,0.134628,1.75989,0
12,13,8,10.0,-3.32074e-07,-5.15601e-07,-2.13312e-05,0.236929,0.134628,1.75988,0
13,13,8,10.0,-3.43581e-07,-4.72472e-07,-2.15633e-05,0.238369,0.134705,1.76956,0
14,13,8,10.0,-4.26548e-07,-6.1305e-07,-2.13393e-05,0.237612,0.134657,1.76457,0
15,13,8,10.0,-3.85855e-07,-5.03138e-07,-2.08038e-05,0.237261,0.13464,1.76218,0
16,13,8,10.0,-3.66227e-07,-4.81522e-07,-2.00184e-05,0.237098,0.134635,1.76104,0
17,13,8,10.0,-3.04005e-07,-4.49341e-07,-1.90154e-05,0.237006,0.134629,1.76043,0
18,13,8,10.0,-3.01521e-07,-4.60465e-07,-1.7819e-05,0.236963,0.134627,1.76014,0
19,13,8,10.0,-3.26594e-07,-5.163e-07,-1.64321e-05,0.236943,0.134627,1.76,0
20,13,8,10.0,-3.57378e-07,-5.86974e-07,-1.48401e-05,0.236933,0.134627,1.75993,0
21,13,8,10.0,-4.10043e-07,-6.99276e-07,-1.30098e-05,0.236929,0.134627,1.7599,0
22,13,8,10.0,-4.86201e-07,-8.61256e-07,-1.0894e-05,0.236927,0.134627,1.75988,0
23,13,8,10.0,-5.91679e-07,-1.08658e-06,-8.42586e-06,0.236926,0.134627,1.75987,0
0,14,8,10.0,-2.97983e-07,-4.74917e-07,-1.44359e-05,0.238378,0.134708,1.76959,0
1,14,8,10.0,8.92224e-07,1.43315e-06,-1.41555e-05,0.237603,0.134655,1.76453,0
2,14,8,10.0,5.53586e-07,8.49225e-07,-1.46023e-05,0.237241,0.134635,1.7621,0
3,14,8,10.0,3.18926e-07,4.28668e-07,-1.54421e-05,0.237073,0.134628,1.76094,0
4,14,8,10.0,1.27993e-07,1.36025e-07,-1.65108e-05,0.236994,0.134626,1.76038,0
5,14,8,10.0,-3.22949e-08,-8.5228e-08,-1.77021e-05,0.236957,0.134626,1.76011,0
6,14,8,10.0,-1.52487e-07,-2.56065e-07,-1.89412e-05,0.23694,0.134626,1.75999,0
7,14,8,10.0,-2.50566e-07,-3.86898e-07,-2.01635e-05,0.236932,0.134626,1.75992,0
8,14,8,10.0,-3.0793e-07,-4.59186e-07,-2.13198e-05,0.236929,0.134627,1.75989,0
9,14,8,10.0,-3.05062e-07,-4.83383e-07,-2.23411e-05,0.236927,0.134627,1.75988,0
10,14,8,10.0,-3.32195e-07,-5.34169e-07,-2.32137e-05,0.236926,0.134627,1.75987,0
11,14,8,10.0,-3.27365e-07,-5.50635e-07,-2.38764e-05,0.236926,0.134627,1.75987,0
12,14,8,10.0,-3.33197e-07,-5.60297e-07,-2.43096e-05,0.236925,0.134627,1.75987,0
13,14,8,10.0,-3.36637e-07,-5.10275e-07,-2.4411e-05,0.23836,0.134703,1.76952,0
14,14,8,10.0,-4.04658e-07,-6.42116e-07,-2.40904e-05,0.237594,0.134653,1.7645,0
15,14,8,10.0,-3.84907e-07,-5.66263e-07,-2.34543e-05,0.237237,0.134634,1.76209,0
16,14,8,10.0,-3.47186e-07,-5.16769e-07,-2.25564e-05,0.237071,0.134628,1.76093,0
17,14,8,10.0,-3.27178e-07,-5.02421e-07,-2.14118e-05,0.236993,0.134626,1.76038,0
18,14,8,10.0,-3.37951e-07,-5.25556e-07,-2.00545e-05,0.236957,0.134626,1.76011,0
19,14,8,10.0,-3.60398e-07,-5.67974e-07,-1.84851e-05,0.23694,0.134626,1.75999,0
20,14,8,10.0,-3.99527e-07,-6.5155e-07,-1.6691e-05,0.236932,0.134626,1.75992,0
21,14,8,10.0,-4.52188e-07,-7.66775e-07,-1.4637e-05,0.236928,0.134627,1.75989,0
22,14,8,10.0,-5.31437e-07,-9.418e-07,-1.22677e-05,0.236927,0.134627,1.75988,0
23,14,8,10.0,-6.43319e-07,-1.18829e-06,-9.50086e-06,0.236926,0.134627,1.75987,0
0,15,8,10.0,-3.34648e-07,-5.4473e-07,-1.68827e-05,0.238378,0.134708,1.76959,0
1,15,8,10.0,9.75764e-07,1.59442e-06,-1.6535e-05,0.237603,0.134655,1.76453,0
2,15,8,10.0,6.07962e-07,9.38372e-07,-1.70526e-05,0.237241,0.134635,1.7621,0
3,15,8,10.0,3.35984e-07,4.92744e-07,-1.80357e-05,0.237073,0.134628,1.76094,0
4,15,8,10.0,1.26117e-07,1.61974e-07,-1.92965e-05,0.236994,0.134626,1.76038,0
5,15,8,10.0,-3.44675e-08,-8.2136e-08,-2.07039e-05,0.236957,0.134626,1.76011,0
6,15,8,10.0,-1.47982e-07,-2.71561e-07,-2.21484e-05,0.23694,0.134626,1.75999,0
7,15,8,10.0,-2.4271e-07,-4.04228e-07,-2.35426e-05,0.236932,0.134626,1.75992,0
8,15,8,10.0,-3.12066e-07,-4.70398e-07,-2.48075e-05,0.236929,0.134627,1.75989,0
9,15,8,10.0,-3.12245e-07,-5.31548e-07,-2.58787e-05,0.236927,0.134627,1.75988,0
10,15,8,10.0,-2.76545e-07,-5.42149e-07,-2.67428e-05,0.236926,0.134627,1.75987,0
11,15,8,10.0,-2.90765e-07,-5.87521e-07,-2.73768e-05,0.236926,0.134627,1.75987,0
12,15,8,10.0,-2.78019e-07,-5.92969e-07,-2.77575e-05,0.236925,0.134627,1.75987,0
13,15,8,10.0,-2.97897e-07,-5.37439e-07,-2.76744e-05,0.238359,0.134703,1.76952,0
14,15,8,10.0,-3.80427e-07,-6.91597e-07,-2.72324e-05,0.237594,0.134653,1.7645,0
15,15,8,10.0,-3.59501e-07,-6.11206e-07,-2.6463e-05,0.237237,0.134634,1.76209,0
16,15,8,10.0,-3.40384e-07,-5.5743e-07,-2.54071e-05,0.237071,0.134628,1.76093,0
17,15,8,10.0,-3.39109e-07,-5.58675e-07,-2.40915e-05,0.236993,0.134626,1.76038,0
18,15,8,10.0,-3.5048e-07,-5.75285e-07,-2.25471e-05,0.236957,0.134626,1.76011,0
19,15,8,10.0,-3.94145e-07,-6.3367e-07,-2.07741e-05,0.23694,0.134626,1.75998,0
20,15,8,10.0,-4.33669e-07,-7.13087e-07,-1.8757e-05,0.236932,0.134626,1.75992,0
21,15,8,10.0,-4.9255e-07,-8.43482e-07,-1.64588e-05,0.236928,0.134627,1.75989,0
22,15,8,10.0,-5.66964e-07,-1.02877e-06,-1.38129e-05,0.236927,0.134627,1.75988,0
23,15,8,10.0,-6.77142e-07,-1.29277e-06,-1.07201e-05,0.236926,0.134627,1.75987,0
0,16,8,10.0,-3.67918e-07,-5.93873e-07,-1.95707e-05,0.238378,0.134708,1.76959,0
1,16,8,10.0,9.90257e-07,1.77594e-06,-1.91052e-05,0.237603,0.134655,1.76453,0
2,16,8,10.0,5.70075e-07,1.07351e-06,-1.9706e-05,0.237241,0.134635,1.7621,0
3,16,8,10.0,2.99813e-07,5.77481e-07,-2.08542e-05,0.237073,0.134628,1.76094,0
4,16,8,10.0,9.78962e-08,2.05858e-07,-2.23399e-05,0.236994,0.134626,1.76038,0
5,16,8,10.0,-6.57886e-08,-5.17085e-08,-2.39869e-05,0.236957,0.134626,1.76011,0
6,16,8,10.0,-2.07841e-07,-2.37086e-07,-2.56551e-05,0.23694,0.134626,1.75999,0
7,16,8,10.0,-2.97777e-07,-3.80901e-07,-2.72291e-05,0.236932,0.134626,1.75992,0
8,16,8,10.0,-3.37969e-07,-4.78485e-07,-2.86196e-05,0.236929,0.134627,1.75989,0
9,16,8,10.0,-3.22818e-07,-4.89826e-07,-2.97528e-05,0.236927,0.134627,1.75988,0
10,16,8,10.0,-3.36173e-07,-5.37725e-07,-3.06092e-05,0.236926,0.134627,1.75987,0
11,16,8,10.0,-2.93216e-07,-5.76125e-07,-3.12059e-05,0.236926,0.134627,1.75987,0
12,16,8,10.0,-2.80639e-07,-5.69257e-07,-3.1509e-05,0.236925,0.134627,1.75987,0
13,16,8,10.0,-3.12147e-07,-5.31439e-07,-3.1209e-05,0.238359,0.134703,1.76952,0
14,16,8,10.0,-3.97003e-07,-6.96089e-07,-3.06353e-05,0.237594,0.134653,1.7645,0
15,16,8,10.0,-3.92738e-07,-6.02973e-07,-2.96977e-05,0.237237,0.134634,1.76209,0
16,16,8,10.0,-3.70426e-07,-5.65993e-07,-2.84562e-05,0.237071,0.134628,1.76093,0
17,16,8,10.0,-4.0744e-07,-5.58026e-07,-2.69378e-05,0.236993,0.134626,1.76038,0
18,16,8,10.0,-4.82296e-07,-5.79286e-07,-2.5201e-05,0.236957,0.134626,1.76011,0
19,16,8,10.0,-5.16744e-07,-6.30762e-07,-2.31993e-05,0.23694,0.134626,1.75998,0
20,16,8,10.0,-5.62649e-07,-7.2028e-07,-2.09405e-05,0.236932,0.134626,1.75992,0
21,16,8,10.0,-5.91385e-07,-8.57562e-07,-1.83828e-05,0.236928,0.134627,1.75989,0
22,16,8,10.0,-6.49586e-07,-1.05402e-06,-1.54475e-05,0.236927,0.134627,1.75988,0
23,16,8,10.0,-7.45237e-07,-1.34201e-06,-1.20178e-05,0.236926,0.134627,1.75987,0
0,17,8,10.0,-3.49481e-07,-6.53573e-07,-2.23144e-05,0.238387,0.13471,1.76963,0
1,17,8,10.0,9.47639e-07,1.95282e-06,-2.16986e-05,0.237621,0.13466,1.7646,0
2,17,8,10.0,5.46284e-07,1.12449e-06,-2.23924e-05,0.237265,0.134641,1.7622,0
3,17,8,10.0,2.71969e-07,5.9174e-07,-2.37284e-05,0.2371,0.134636,1.76105,0
4,17,8,10.0,5.09348e-08,2.06696e-07,-2.54425e-05,0.237024,0.134634,1.7605,0
5,17,8,10.0,-1.10296e-07,-6.24794e-08,-2.73317e-05,0.236988,0.134634,1.76024,0
6,17,8,10.0,-2.25079e-07,-3.09218e-07,-2.92165e-05,0.236972,0.134634,1.76012,0
7,17,8,10.0,-2.93444e-07,-4.64408e-07,-3.09569e-05,0.236965,0.134635,1.76006,0
8,17,8,10.0,-3.15316e-07,-5.16015e-07,-3.2453e-05,0.236961,0.134635,1.76003,0
9,17,8,10.0,-3.4781e-07,-5.5564e-07,-3.36222e-05,0.236959,0.134635,1.76001,0
10,17,8,10.0,-2.985e-07,-6.16773e-07,-3.44741e-05,0.236959,0.134635,1.76001,0
11,17,8,10.0,-2.44277e-07,-6.2498e-07,-3.49938e-05,0.236958,0.134635,1.76,0
12,17,8,10.0,-2.56513e-07,-6.45339e-07,-3.52008e-05,0.236958,0.134635,1.76,0
13,17,8,10.0,-2.83915e-07,-6.06729e-07,-3.46573e-05,0.238369,0.134705,1.76956,0
14,17,8,10.0,-3.48144e-07,-8.04791e-07,-3.39389e-05,0.237612,0.134657,1.76457,0
15,17,8,10.0,-3.6026e-07,-7.32116e-07,-3.28197e-05,0.237261,0.13464,1.76218,0
16,17,8,10.0,-3.21123e-07,-6.09624e-07,-3.13625e-05,0.237089,0.134633,1.76101,0
17,17,8,10.0,-3.72728e-07,-6.52207e-07,-2.9605e-05,0.238369,0.134705,1.76956,0
18,17,8,10.0,-2.31659e-07,-2.33184e-07,-2.75725e-05,0.237612,0.134657,1.76457,0
19,17,8,10.0,-3.29426e-07,-3.48673e-07,-2.53328e-05,0.237261,0.13464,1.76218,0
20,17,8,10.0,-3.7944e-07,-4.84997e-07,-2.28536e-05,0.237098,0.134635,1.76104,0
21,17,8,10.0,-4.25332e-07,-6.44027e-07,-2.00611e-05,0.237023,0.134634,1.7605,0
22,17,8,10.0,-4.86732e-07,-8.88191e-07,-1.68648e-05,0.236988,0.134634,1.76024,0
23,17,8,10.0,-5.62671e-07,-1.20322e-06,-1.31311e-05,0.236972,0.134634,1.76011,0
0,18,8,10.0,-2.9982e-07,-6.3497e-07,-2.48115e-05,0.238378,0.134708,1.7696,0
1,18,8,10.0,8.3938e-07,2.08839e-06,-2.40762e-05,0.237603,0.134655,1.76453,0
2,18,8,10.0,5.00296e-07,1.3218e-06,-2.48651e-05,0.237241,0.134635,1.7621,0
3,18,8,10.0,2.23884e-07,6.76678e-07,-2.63739e-05,0.237073,0.134629,1.76094,0
4,18,8,10.0,1.32977e-08,2.6734e-07,-2.82978e-05,0.236994,0.134627,1.76038,0
5,18,8,10.0,-1.02998e-07,-2.4175e-08,-3.03833e-05,0.236957,0.134626,1.76011,0
6,18,8,10.0,-1.43332e-07,-2.01252e-07,-3.24173e-05,0.23694,0.134626,1.75999,0
7,18,8,10.0,-2.0431e-07,-3.65209e-07,-3.42617e-05,0.236933,0.134627,1.75992,0
8,18,8,10.0,-2.21076e-07,-4.17488e-07,-3.58038e-05,0.236929,0.134627,1.7599,0
9,18,8,10.0,-2.21205e-07,-4.90759e-07,-3.69786e-05,0.236927,0.134627,1.75988,0
10,18,8,10.0,-1.28584e-07,-4.29235e-07,-3.77757e-05,0.236926,0.134627,1.75987,0
11,18,8,10.0,-1.74671e-07,-5.11361e-07,-3.8209e-05,0.236926,0.134627,1.75987,0
12,18,8,10.0,-1.38091e-07,-5.06084e-07,-3.83087e-05,0.236926,0.134627,1.75987,0
13,18,8,10.0,-1.99384e-07,-5.17633e-07,-3.75181e-05,0.23836,0.134703,1.76952,0
14,18,8,10.0,-2.50932e-07,-7.11661e-07,-3.66566e-05,0.237594,0.134653,1.7645,0
15,18,8,10.0,-2.43913e-07,-6.32024e-07,-3.53815e-05,0.237237,0.134634,1.76209,0
16,18,8,10.0,-2.4569e-07,-5.60618e-07,-3.37363e-05,0.237061,0.134625,1.7609,0
17,18,8,10.0,-2.95126e-07,-5.79391e-07,-3.17688e-05,0.23836,0.134703,1.76952,0
18,18,8,10.0,-1.93481e-07,-2.47781e-07,-2.94583e-05,0.237594,0.134653,1.7645,0
19,18,8,10.0,-2.77467e-07,-3.59741e-07,-2.70249e-05,0.237237,0.134634,1.76209,0
20,18,8,10.0,-3.20583e-07,-4.95679e-07,-2.43643e-05,0.237071,0.134628,1.76093,0
21,18,8,10.0,-3.59504e-07,-6.89285e-07,-2.13802e-05,0.236993,0.134626,1.76038,0
22,18,8,10.0,-3.90271e-07,-9.24483e-07,-1.79667e-05,0.236957,0.134626,1.76011,0
23,18,8,10.0,-4.43537e-07,-1.26845e-06,-1.39803e-05,0.23694,0.134626,1.75999,0
0,19,8,10.0,-2.27263e-07,-7.25765e-07,-2.69623e-05,0.238378,0.134708,1.76959,0
1,19,8,10.0,6.40887e-07,2.22732e-06,-2.60567e-05,0.237603,0.134655,1.76453,0
2,19,8,10.0,3.48946e-07,1.31706e-06,-2.69051e-05,0.237241,0.134635,1.7621,0
3,19,8,10.0,1.14838e-07,7.05702e-07,-2.8564e-05,0.237073,0.134628,1.76094,0
4,19,8,10.0,-5.79586e-08,2.74757e-07,-3.06443e-05,0.236994,0.134626,1.76038,0
5,19,8,10.0,-9.29799e-08,2.39927e-08,-3.2836e-05,0.236957,0.134626,1.76011,0
6,19,8,10.0,-1.62487e-07,-2.4731e-07,-3.49319e-05,0.23694,0.134626,1.75999,0
7,19,8,10.0,-1.6745e-07,-3.5592e-07,-3.68033e-05,0.236932,0.134626,1.75992,0
8,19,8,10.0,-2.10407e-07,-4.63753e-07,-3.8334e-05,0.236929,0.134627,1.75989,0
9,19,8,10.0,-1.1304e-07,-4.19581e-07,-3.94653e-05,0.236927,0.134627,1.75988,0
10,19,8,10.0,-1.52063e-07,-4.85876e-07,-4.01738e-05,0.236926,0.134627,1.75987,0
11,19,8,10.0,-1.17213e-07,-5.35662e-07,-4.05217e-05,0.236926,0.134627,1.75987,0
12,19,8,10.0,-1.08428e-07,-4.89262e-07,-4.05141e-05,0.236925,0.134627,1.75987,0
13,19,8,10.0,-1.72611e-07,-5.12944e-07,-3.95343e-05,0.238359,0.134703,1.76952,0
14,19,8,10.0,-2.30697e-07,-7.03745e-07,-3.85792e-05,0.237594,0.134653,1.7645,0
15,19,8,10.0,-2.35224e-07,-6.36587e-07,-3.72003e-05,0.237237,0.134634,1.76209,0
16,19,8,10.0,-2.34173e-07,-5.60588e-07,-3.54448e-05,0.237061,0.134625,1.76089,0
17,19,8,10.0,-2.78142e-07,-6.08865e-07,-3.33418e-05,0.238359,0.134703,1.76952,0
18,19,8,10.0,-2.1668e-07,-2.48136e-07,-3.08573e-05,0.237594,0.134653,1.7645,0
19,19,8,10.0,-2.44818e-07,-3.85764e-07,-2.82816e-05,0.237237,0.134634,1.76209,0
20,19,8,10.0,-2.67073e-07,-5.38549e-07,-2.54834e-05,0.237071,0.134628,1.76093,0
21,19,8,10.0,-2.77102e-07,-7.25663e-07,-2.23483e-05,0.236993,0.134626,1.76038,0
22,19,8,10.0,-2.9434e-07,-9.79449e-07,-1.87642e-05,0.236957,0.134626,1.76011,0
23,19,8,10.0,-3.32377e-07,-1.3202e-06,-1.45891e-05,0.23694,0.134626,1.75998,0
0,20,8,10.0,-8.32924e-08,-6.35347e-07,-2.84053e-05,0.238378,0.134708,1.76959,0
1,20,8,10.0,4.1764e-07,2.2651e-06,-2.74036e-05,0.237603,0.134655,1.76453,0
2,20,8,10.0,2.75593e-07,1.42946e-06,-2.83e-05,0.237241,0.134635,1.7621,0
3,20,8,10.0,6.50595e-08,7.38243e-07,-3.0031e-05,0.237073,0.134628,1.76094,0
4,20,8,10.0,4.13516e-08,3.29778e-07,-3.21604e-05,0.236994,0.134626,1.76038,0
5,20,8,10.0,-3.0517e-08,-4.33472e-08,-3.43484e-05,0.236957,0.134626,1.76011,0
6,20,8,10.0,1.04319e-08,-1.65326e-07,-3.64252e-05,0.23694,0.134626,1.75999,0
7,20,8,10.0,-4.9679e-08,-3.91684e-07,-3.82388e-05,0.236932,0.134626,1.75992,0
8,20,8,10.0,1.04704e-08,-4.17895e-07,-3.97043e-05,0.236929,0.134627,1.75989,0
9,20,8,10.0,3.21117e-08,-4.73338e-07,-4.07341e-05,0.236927,0.134627,1.75988,0
10,20,8,10.0,3.99223e-08,-5.13669e-07,-4.13657e-05,0.236926,0.134627,1.75987,0
11,20,8,10.0,4.08663e-08,-4.39258e-07,-4.16323e-05,0.236926,0.134627,1.75987,0
12,20,8,10.0,3.27637e-08,-4.77713e-07,-4.15682e-05,0.236925,0.134627,1.75987,0
13,20,8,10.0,-6.97646e-08,-5.0291e-07,-4.05505e-05,0.238359,0.134703,1.76952,0
14,20,8,10.0,-1.23983e-07,-6.95274e-07,-3.95857e-05,0.237594,0.134653,1.7645,0
15,20,8,10.0,-1.53039e-07,-6.6357e-07,-3.81865e-05,0.237237,0.134634,1.76209,0
16,20,8,10.0,-1.42124e-07,-5.59939e-07,-3.64005e-05,0.237061,0.134625,1.76089,0
17,20,8,10.0,-1.59965e-07,-6.28328e-07,-3.4253e-05,0.238359,0.134703,1.76952,0
18,20,8,10.0,-2.34531e-07,-3.01967e-07,-3.17036e-05,0.237594,0.134653,1.7645,0
19,20,8,10.0,-2.05901e-07,-4.05038e-07,-2.9045e-05,0.237237,0.134634,1.76209,0
20,20,8,10.0,-1.86628e-07,-5.65049e-07,-2.61499e-05,0.237071,0.134628,1.76093,0
21,20,8,10.0,-1.84252e-07,-7.52559e-07,-2.29097e-05,0.236993,0.134626,1.76038,0
22,20,8,10.0,-1.9333e-07,-1.00661e-06,-1.92159e-05,0.236957,0.134626,1.76011,0
23,20,8,10.0,-2.06235e-07,-1.35662e-06,-1.49273e-05,0.23694,0.134626,1.75998,0
0,21,8,10.0,3.33091e-08,-7.16362e-07,-2.8976e-05,0.238378,0.134708,1.76959,0
1,21,8,10.0,2.21009e-07,2.34156e-06,-2.79687e-05,0.237603,0.134655,1.76453,0
2,21,8,10.0,1.42582e-07,1.41817e-06,-2.88431e-05,0.237241,0.134635,1.7621,0
3,21,8,10.0,1.63482e-07,7.89268e-07,-3.05398e-05,0.237073,0.134628,1.76094,0
4,21,8,10.0,1.3431e-07,3.01801e-07,-3.25781e-05,0.236994,0.134626,1.76038,0
5,21,8,10.0,1.7015e-07,3.85073e-08,-3.46614e-05,0.236957,0.134626,1.76011,0
6,21,8,10.0,1.46487e-07,-2.40642e-07,-3.65988e-05,0.23694,0.134626,1.75999,0
7,21,8,10.0,1.88502e-07,-3.66993e-07,-3.82935e-05,0.236932,0.134626,1.75992,0
8,21,8,10.0,2.51369e-07,-4.31381e-07,-3.96357e-05,0.236929,0.134627,1.75989,0
9,21,8,10.0,2.51195e-07,-4.57097e-07,-4.05773e-05,0.236927,0.134627,1.75988,0
10,21,8,10.0,2.54903e-07,-4.2344e-07,-4.11498e-05,0.236926,0.134627,1.75987,0
11,21,8,10.0,2.08085e-07,-4.48785e-07,-4.13976e-05,0.236926,0.134627,1.75987,0
12,21,8,10.0,1.61159e-07,-4.36482e-07,-4.13663e-05,0.236925,0.134627,1.75987,0
13,21,8,10.0,6.29137e-08,-4.71309e-07,-4.04741e-05,0.238359,0.134703,1.76952,0
14,21,8,10.0,2.44154e-08,-6.84033e-07,-3.95763e-05,0.237594,0.134653,1.7645,0
15,21,8,10.0,-1.98046e-09,-6.24135e-07,-3.8239e-05,0.237237,0.134634,1.76209,0
16,21,8,10.0,-7.50886e-09,-5.60453e-07,-3.64944e-05,0.237061,0.134625,1.76089,0
17,21,8,10.0,-7.08536e-09,-6.0527e-07,-3.43897e-05,0.238359,0.134703,1.76952,0
18,21,8,10.0,-1.62697e-07,-2.74239e-07,-3.18867e-05,0.237594,0.134653,1.7645,0
19,21,8,10.0,-1.0899e-07,-4.08152e-07,-2.92085e-05,0.237237,0.134634,1.76209,0
20,21,8,10.0,-7.9939e-08,-5.56933e-07,-2.62691e-05,0.237071,0.134628,1.76093,0
21,21,8,10.0,-7.28466e-08,-7.57966e-07,-2.29812e-05,0.236993,0.134626,1.76038,0
22,21,8,10.0,-7.28824e-08,-1.01223e-06,-1.92463e-05,0.236957,0.134626,1.76011,0
23,21,8,10.0,-6.1233e-08,-1.34828e-06,-1.49239e-05,0.23694,0.134626,1.75998,0
0,22,8,10.0,1.58097e-07,-6.82084e-07,-2.86375e-05,0.238378,0.134708,1.76959,0
1,22,8,10.0,2.74949e-08,2.30812e-06,-2.78035e-05,0.237603,0.134655,1.76453,0
2,22,8,10.0,1.70869e-07,1.42943e-06,-2.8617e-05,0.237241,0.134635,1.7621,0
3,22,8,10.0,2.37058e-07,7.73366e-07,-3.01514e-05,0.237073,0.134628,1.76094,0
4,22,8,10.0,2.88978e-07,3.16041e-07,-3.20021e-05,0.236994,0.134626,1.76038,0
5,22,8,10.0,2.92078e-07,-9.79655e-10,-3.3892e-05,0.236957,0.134626,1.76011,0
6,22,8,10.0,3.06856e-07,-2.14669e-07,-3.56606e-05,0.23694,0.134626,1.75999,0
7,22,8,10.0,3.66759e-07,-3.41477e-07,-3.71921e-05,0.236932,0.134626,1.75992,0
8,22,8,10.0,4.2015e-07,-3.94998e-07,-3.8411e-05,0.236929,0.134627,1.75989,0
9,22,8,10.0,4.07925e-07,-3.94313e-07,-3.92944e-05,0.236927,0.134627,1.75988,0
10,22,8,10.0,3.67362e-07,-4.27607e-07,-3.98668e-05,0.236926,0.134627,1.75987,0
11,22,8,10.0,3.0729e-07,-4.01969e-07,-4.01822e-05,0.236926,0.134627,1.75987,0
12,22,8,10.0,2.52669e-07,-4.06269e-07,-4.02458e-05,0.236925,0.134627,1.75987,0
13,22,8,10.0,1.84728e-07,-4.48559e-07,-3.95587e-05,0.238359,0.134703,1.76952,0
14,22,8,10.0,1.5752e-07,-6.48423e-07,-3.87605e-05,0.237594,0.134653,1.7645,0
15,22,8,10.0,1.33163e-07,-6.12629e-07,-3.75189e-05,0.237237,0.134634,1.76209,0
16,22,8,10.0,1.11384e-07,-5.48215e-07,-3.58687e-05,0.237061,0.134625,1.76089,0
17,22,8,10.0,1.21342e-07,-5.97131e-07,-3.38516e-05,0.238359,0.134703,1.76952,0
18,22,8,10.0,-5.26725e-08,-2.74696e-07,-3.14514e-05,0.237594,0.134653,1.7645,0
19,22,8,10.0,-2.64846e-10,-3.98393e-07,-2.88102e-05,0.237237,0.134634,1.76209,0
20,22,8,10.0,2.98191e-08,-5.57845e-07,-2.5882e-05,0.237071,0.134628,1.76093,0
21,22,8,10.0,3.48922e-08,-7.52428e-07,-2.26037e-05,0.236993,0.134626,1.76038,0
22,22,8,10.0,4.49142e-08,-1.00254e-06,-1.88839e-05,0.236957,0.134626,1.76011,0
23,22,8,10.0,6.32129e-08,-1.33517e-06,-1.45953e-05,0.23694,0.134626,1.75998,0
0,23,8,10.0,2.06128e-07,-6.84112e-07,-2.78695e-05,0.238378,0.134708,1.76959,0
1,23,8,10.0,3.1267e-08,2.28073e-06,-2.72266e-05,0.237603,0.134655,1.76453,0
2,23,8,10.0,1.78383e-07,1.40713e-06,-2.79438e-05,0.237241,0.134635,1.7621,0
3,23,8,10.0,2.99036e-07,7.87921e-07,-2.92886e-05,0.237073,0.134628,1.76094,0
4,23,8,10.0,3.64451e-07,3.21998e-07,-3.09321e-05,0.236994,0.134626,1.76038,0
5,23,8,10.0,3.8263e-07,2.17388e-08,-3.26311e-05,0.236957,0.134626,1.76011,0
6,23,8,10.0,4.34002e-07,-1.91037e-07,-3.42278e-05,0.23694,0.134626,1.75999,0
7,23,8,10.0,4.73601e-07,-3.02939e-07,-3.56209e-05,0.236932,0.134626,1.75992,0
8,23,8,10.0,4.98012e-07,-3.57087e-07,-3.67527e-05,0.236929,0.134627,1.75989,0
9,23,8,10.0,4.88604e-07,-3.9998e-07,-3.76273e-05,0.236927,0.134627,1.75988,0
10,23,8,10.0,4.10471e-07,-3.44732e-07,-3.82623e-05,0.236926,0.134627,1.75987,0
11,23,8,10.0,3.64505e-07,-3.89193e-07,-3.86671e-05,0.236926,0.134627,1.75987,0
12,23,8,10.0,3.19991e-07,-4.04514e-07,-3.88383e-05,0.236925,0.134627,1.75987,0
13,23,8,10.0,2.72409e-07,-4.2483e-07,-3.83393e-05,0.238359,0.134703,1.76952,0
14,23,8,10.0,2.56515e-07,-6.25932e-07,-3.76226e-05,0.237594,0.134653,1.7645,0
15,23,8,10.0,2.30763e-07,-5.94004e-07,-3.64706e-05,0.237237,0.134634,1.76209,0
16,23,8,10.0,2.05674e-07,-5.37398e-07,-3.49178e-05,0.237061,0.134625,1.76089,0
17,23,8,10.0,2.12931e-07,-5.87699e-07,-3.29914e-05,0.238359,0.134703,1.76952,0
18,23,8,10.0,5.25259e-08,-2.60697e-07,-3.06973e-05,0.237594,0.134653,1.7645,0
19,23,8,10.0,9.17387e-08,-3.98638e-07,-2.81195e-05,0.237237,0.134634,1.76209,0
20,23,8,10.0,1.03841e-07,-5.48872e-07,-2.52344e-05,0.237071,0.134628,1.76093,0
21,23,8,10.0,1.07364e-07,-7.46601e-07,-2.19942e-05,0.236993,0.134626,1.76038,0
22,23,8,10.0,1.1024e-07,-9.91312e-07,-1.83212e-05,0.236957,0.134626,1.76011,0
23,23,8,10.0,1.31325e-07,-1.31429e-06,-1.41018e-05,0.23694,0.134626,1.75998,0
