x,y,z,u,v,w,p,k,nut,omega,bm
0,0,0,10.0,6.60899e-09,-1.4899e-08,1.69812e-05,0.227158,0.0141994,15.9977,0
1,0,0,10.0,5.52397e-08,7.54555e-09,1.67696e-05,0.221754,0.0138616,15.9977,0
2,0,0,10.0,5.58061e-08,-1.38961e-08,1.71158e-05,0.219533,0.0137228,15.9977,0
3,0,0,10.0,5.91419e-08,-3.12148e-08,1.77894e-05,0.21862,0.0136657,15.9977,0
4,0,0,10.0,6.36135e-08,-4.7017e-08,1.87238e-05,0.218244,0.0136422,15.9977,0
5,0,0,10.0,6.80384e-08,-6.25484e-08,1.98926e-05,0.218088,0.0136324,15.9977,0
6,0,0,10.0,7.13297e-08,-7.75699e-08,2.12866e-05,0.218025,0.0136285,15.9977,0
7,0,0,10.0,7.24208e-08,-9.11529e-08,2.28979e-05,0.217998,0.0136268,15.9977,0
8,0,0,10.0,7.69271e-08,-1.12675e-07,2.47127e-05,0.217988,0.0136262,15.9977,0
9,0,0,10.0,8.64485e-08,-1.38553e-07,2.67312e-05,0.217982,0.0136258,15.9977,0
10,0,0,10.0,1.10286e-07,-1.67281e-07,2.88879e-05,0.217981,0.0136257,15.9977,0
11,0,0,10.0,1.56488e-07,-2.01991e-07,3.11891e-05,0.21798,0.0136257,15.9977,0
12,0,0,10.0,1.14958e-07,-2.12104e-07,3.36686e-05,0.21798,0.0136257,15.9977,0
13,0,0,10.0,1.44853e-07,-2.87091e-07,3.85196e-05,0.227029,0.0141913,15.9977,0
14,0,0,10.0,1.46941e-07,-3.28129e-07,4.08331e-05,0.221702,0.0138583,15.9977,0
15,0,0,10.0,2.32688e-07,-3.14317e-07,4.27749e-05,0.219512,0.0137215,15.9977,0
16,0,0,10.0,2.93941e-07,-3.28152e-07,4.38252e-05,0.21861,0.0136651,15.9977,0
17,0,0,10.0,2.46009e-07,-3.7483e-07,4.34835e-05,0.21824,0.0136419,15.9977,0
18,0,0,10.0,2.59313e-07,-3.96506e-07,4.27982e-05,0.218087,0.0136324,15.9977,0
19,0,0,10.0,2.3964e-07,-3.89623e-07,4.20479e-05,0.218024,0.0136285,15.9977,0
20,0,0,10.0,1.77344e-07,-4.10868e-07,4.02492e-05,0.217997,0.0136268,15.9977,0
21,0,0,10.0,1.57132e-07,-4.28477e-07,3.71299e-05,0.217987,0.0136261,15.9977,0
22,0,0,10.0,9.68467e-08,-4.40283e-07,3.25218e-05,0.217983,0.0136259,15.9977,0
23,0,0,10.0,3.69033e-08,-4.61088e-07,2.62831e-05,0.217981,0.0136258,15.9977,0
0,1,0,10.0,1.5799e-08,-9.72039e-09,1.67159e-05,0.227221,0.0142033,15.9977,0
1,1,0,10.0,1.56981e-07,3.02676e-08,1.65531e-05,0.22187,0.0138688,15.9977,0
2,1,0,10.0,1.56423e-07,1.1557e-08,1.68735e-05,0.219683,0.0137321,15.9977,0
3,1,0,10.0,1.63169e-07,-3.85615e-09,1.75007e-05,0.218787,0.0136761,15.9977,0
4,1,0,10.0,1.75889e-07,-1.77863e-08,1.83772e-05,0.21842,0.0136532,15.9977,0
5,1,0,10.0,1.90526e-07,-3.05753e-08,1.94741e-05,0.218269,0.0136437,15.9977,0
6,1,0,10.0,2.04232e-07,-3.98824e-08,2.07777e-05,0.218208,0.0136399,15.9977,0
7,1,0,10.0,2.17501e-07,-4.70094e-08,2.22781e-05,0.218182,0.0136383,15.9977,0
8,1,0,10.0,2.43499e-07,-6.0829e-08,2.39657e-05,0.218172,0.0136377,15.9977,0
9,1,0,10.0,2.81425e-07,-7.38638e-08,2.58399e-05,0.218167,0.0136374,15.9977,0
10,1,0,10.0,3.20806e-07,-9.2176e-08,2.78607e-05,0.218166,0.0136373,15.9977,0
11,1,0,10.0,4.10746e-07,-1.10631e-07,3.00203e-05,0.218165,0.0136373,15.9977,0
12,1,0,10.0,4.38982e-07,-1.30568e-07,3.22453e-05,0.218165,0.0136372,15.9977,0
13,1,0,10.0,4.6561e-07,-1.73562e-07,3.65898e-05,0.227093,0.0141953,15.9977,0
14,1,0,10.0,4.8782e-07,-2.232e-07,3.85584e-05,0.221819,0.0138656,15.9977,0
15,1,0,10.0,6.93135e-07,-2.24035e-07,3.99676e-05,0.219662,0.0137308,15.9977,0
16,1,0,10.0,8.63521e-07,-2.25298e-07,4.08306e-05,0.218778,0.0136755,15.9977,0
17,1,0,10.0,7.68624e-07,-2.50764e-07,4.07446e-05,0.218416,0.013653,15.9977,0
18,1,0,10.0,7.26112e-07,-2.8713e-07,4.00254e-05,0.218268,0.0136437,15.9977,0
19,1,0,10.0,7.22783e-07,-2.94261e-07,3.92557e-05,0.218207,0.0136399,15.9977,0
20,1,0,10.0,5.91212e-07,-3.04646e-07,3.7764e-05,0.218181,0.0136383,15.9977,0
21,1,0,10.0,4.4432e-07,-3.24378e-07,3.49007e-05,0.218172,0.0136377,15.9977,0
22,1,0,10.0,2.88778e-07,-3.62909e-07,3.05479e-05,0.218168,0.0136374,15.9977,0
23,1,0,10.0,1.08025e-07,-3.99701e-07,2.45932e-05,0.218166,0.0136373,15.9977,0
0,2,0,10.0,4.70538e-09,-6.83845e-09,1.64627e-05,0.227221,0.0142034,15.9977,0
1,2,0,10.0,1.58882e-07,2.94788e-08,1.63053e-05,0.221871,0.0138689,15.9977,0
2,2,0,10.0,1.47239e-07,1.0145e-08,1.66073e-05,0.219684,0.0137322,15.9977,0
3,2,0,10.0,1.42567e-07,-6.21293e-09,1.71981e-05,0.218789,0.0136762,15.9977,0
4,2,0,10.0,1.40534e-07,-2.07974e-08,1.80224e-05,0.218422,0.0136533,15.9977,0
5,2,0,10.0,1.34543e-07,-3.40343e-08,1.90497e-05,0.21827,0.0136438,15.9977,0
6,2,0,10.0,1.20123e-07,-4.52338e-08,2.0263e-05,0.218209,0.01364,15.9977,0
7,2,0,10.0,1.07685e-07,-5.5228e-08,2.16516e-05,0.218184,0.0136384,15.9977,0
8,2,0,10.0,1.09632e-07,-6.82584e-08,2.3211e-05,0.218174,0.0136378,15.9977,0
9,2,0,10.0,1.16772e-07,-8.1101e-08,2.49463e-05,0.218168,0.0136375,15.9977,0
10,2,0,10.0,1.45432e-07,-1.07906e-07,2.68176e-05,0.218167,0.0136374,15.9977,0
11,2,0,10.0,1.75207e-07,-1.16346e-07,2.88134e-05,0.218167,0.0136374,15.9977,0
12,2,0,10.0,1.70887e-07,-1.22147e-07,3.08261e-05,0.218166,0.0136373,15.9977,0
13,2,0,10.0,1.30587e-07,-1.56506e-07,3.4579e-05,0.227094,0.0141954,15.9977,0
14,2,0,10.0,7.61351e-08,-2.07602e-07,3.61898e-05,0.22182,0.0138657,15.9977,0
15,2,0,10.0,1.83824e-07,-2.31549e-07,3.72351e-05,0.219663,0.0137309,15.9977,0
16,2,0,10.0,3.26824e-07,-2.39168e-07,3.77443e-05,0.218779,0.0136756,15.9977,0
17,2,0,10.0,3.35381e-07,-2.64783e-07,3.76535e-05,0.218418,0.0136531,15.9977,0
18,2,0,10.0,2.90514e-07,-2.83841e-07,3.70882e-05,0.21827,0.0136438,15.9977,0
19,2,0,10.0,3.67232e-07,-2.92455e-07,3.63248e-05,0.218209,0.01364,15.9977,0
20,2,0,10.0,3.24786e-07,-2.84818e-07,3.49623e-05,0.218183,0.0136384,15.9977,0
21,2,0,10.0,1.27604e-07,-3.17104e-07,3.23762e-05,0.218173,0.0136378,15.9977,0
22,2,0,10.0,-4.23303e-08,-3.37041e-07,2.83306e-05,0.218169,0.0136375,15.9977,0
23,2,0,10.0,-2.52573e-07,-3.83279e-07,2.27182e-05,0.218167,0.0136374,15.9977,0
0,3,0,10.0,-1.84239e-09,-1.02713e-08,1.61686e-05,0.227221,0.0142034,15.9977,0
1,3,0,10.0,1.77253e-07,2.47547e-08,1.60077e-05,0.221871,0.0138689,15.9977,0
2,3,0,10.0,1.60768e-07,3.23252e-09,1.62947e-05,0.219684,0.0137322,15.9977,0
3,3,0,10.0,1.50113e-07,-1.45247e-08,1.68549e-05,0.218789,0.0136762,15.9977,0
4,3,0,10.0,1.40513e-07,-3.05591e-08,1.76317e-05,0.218422,0.0136533,15.9977,0
5,3,0,10.0,1.25053e-07,-4.58624e-08,1.85918e-05,0.21827,0.0136438,15.9977,0
6,3,0,10.0,1.0152e-07,-6.0757e-08,1.97155e-05,0.218209,0.01364,15.9977,0
7,3,0,10.0,7.9841e-08,-7.63643e-08,2.09931e-05,0.218184,0.0136384,15.9977,0
8,3,0,10.0,6.84232e-08,-9.716e-08,2.2422e-05,0.218174,0.0136378,15.9977,0
9,3,0,10.0,5.7313e-08,-1.24788e-07,2.39972e-05,0.218168,0.0136375,15.9977,0
10,3,0,10.0,7.89166e-08,-1.34705e-07,2.57132e-05,0.218167,0.0136374,15.9977,0
11,3,0,10.0,4.318e-08,-1.44937e-07,2.75031e-05,0.218167,0.0136374,15.9977,0
12,3,0,10.0,2.39681e-08,-1.61387e-07,2.92726e-05,0.218166,0.0136373,15.9977,0
13,3,0,10.0,-4.72776e-08,-2.15025e-07,3.2427e-05,0.227094,0.0141954,15.9977,0
14,3,0,10.0,-1.44069e-07,-2.75226e-07,3.36986e-05,0.22182,0.0138657,15.9977,0
15,3,0,10.0,-8.59608e-08,-2.89184e-07,3.44565e-05,0.219663,0.0137309,15.9977,0
16,3,0,10.0,-1.23075e-08,-3.09173e-07,3.47469e-05,0.218779,0.0136756,15.9977,0
17,3,0,10.0,2.79131e-08,-3.24645e-07,3.45554e-05,0.218418,0.0136531,15.9977,0
18,3,0,10.0,8.63285e-08,-3.47793e-07,3.39392e-05,0.21827,0.0136438,15.9977,0
19,3,0,10.0,2.12114e-07,-3.49046e-07,3.30059e-05,0.218209,0.01364,15.9977,0
20,3,0,10.0,2.21613e-07,-3.4307e-07,3.17522e-05,0.218183,0.0136384,15.9977,0
21,3,0,10.0,7.16515e-08,-3.36698e-07,2.95502e-05,0.218173,0.0136378,15.9977,0
22,3,0,10.0,-7.80708e-08,-3.69316e-07,2.58269e-05,0.218169,0.0136375,15.9977,0
23,3,0,10.0,-3.0078e-07,-3.95605e-07,2.05673e-05,0.218167,0.0136374,15.9977,0
0,4,0,10.0,3.86798e-09,-1.40321e-08,1.58489e-05,0.227221,0.0142034,15.9977,0
1,4,0,10.0,1.92242e-07,2.05318e-08,1.56862e-05,0.221871,0.0138689,15.9977,0
2,4,0,10.0,1.77412e-07,-3.25791e-09,1.59625e-05,0.219684,0.0137322,15.9977,0
3,4,0,10.0,1.64707e-07,-2.15381e-08,1.65001e-05,0.218789,0.0136762,15.9977,0
4,4,0,10.0,1.49706e-07,-3.75563e-08,1.72391e-05,0.218422,0.0136533,15.9977,0
5,4,0,10.0,1.26813e-07,-5.24865e-08,1.81429e-05,0.21827,0.0136438,15.9977,0
6,4,0,10.0,9.75477e-08,-6.75947e-08,1.91892e-05,0.218209,0.01364,15.9977,0
7,4,0,10.0,7.0766e-08,-8.32095e-08,2.03662e-05,0.218184,0.0136384,15.9977,0
8,4,0,10.0,5.08037e-08,-1.03307e-07,2.16686e-05,0.218174,0.0136378,15.9977,0
9,4,0,10.0,4.77444e-08,-1.29397e-07,2.30932e-05,0.218168,0.0136375,15.9977,0
10,4,0,10.0,1.68101e-09,-1.39608e-07,2.46212e-05,0.218167,0.0136374,15.9977,0
11,4,0,10.0,-2.94248e-08,-1.6166e-07,2.61794e-05,0.218167,0.0136374,15.9977,0
12,4,0,10.0,-8.1621e-08,-1.63707e-07,2.76961e-05,0.218166,0.0136373,15.9977,0
13,4,0,10.0,-1.55083e-07,-2.4054e-07,3.02838e-05,0.227094,0.0141954,15.9977,0
14,4,0,10.0,-2.73456e-07,-2.81556e-07,3.12623e-05,0.22182,0.0138657,15.9977,0
15,4,0,10.0,-2.36502e-07,-2.9573e-07,3.18017e-05,0.219663,0.0137309,15.9977,0
16,4,0,10.0,-1.9465e-07,-3.07963e-07,3.1918e-05,0.218779,0.0136756,15.9977,0
17,4,0,10.0,-1.4293e-07,-3.2452e-07,3.16171e-05,0.218418,0.0136531,15.9977,0
18,4,0,10.0,-7.10498e-08,-3.34292e-07,3.09288e-05,0.21827,0.0136438,15.9977,0
19,4,0,10.0,2.85717e-08,-3.383e-07,2.99317e-05,0.218209,0.01364,15.9977,0
20,4,0,10.0,1.03339e-07,-3.12273e-07,2.86789e-05,0.218183,0.0136384,15.9977,0
21,4,0,10.0,9.95044e-08,-3.14444e-07,2.66163e-05,0.218173,0.0136378,15.9977,0
22,4,0,10.0,-1.18478e-08,-3.32095e-07,2.31222e-05,0.218169,0.0136375,15.9977,0
23,4,0,10.0,-1.9904e-07,-3.61434e-07,1.81976e-05,0.218167,0.0136374,15.9977,0
0,5,0,10.0,1.52019e-08,-1.61534e-08,1.5538e-05,0.227221,0.0142034,15.9977,0
1,5,0,10.0,2.08982e-07,2.07814e-08,1.53713e-05,0.221871,0.0138689,15.9977,0
2,5,0,10.0,2.01744e-07,-4.10467e-09,1.56427e-05,0.219684,0.0137322,15.9977,0
3,5,0,10.0,1.83182e-07,-2.3794e-08,1.61677e-05,0.218788,0.0136762,15.9977,0
4,5,0,10.0,1.6216e-07,-4.16253e-08,1.68829e-05,0.218422,0.0136533,15.9977,0
5,5,0,10.0,1.32428e-07,-5.93958e-08,1.77478e-05,0.21827,0.0136438,15.9977,0
6,5,0,10.0,9.90841e-08,-7.67693e-08,1.87376e-05,0.218209,0.01364,15.9977,0
7,5,0,10.0,6.87716e-08,-9.44743e-08,1.98368e-05,0.218184,0.0136384,15.9977,0
8,5,0,10.0,4.57355e-08,-1.18261e-07,2.10355e-05,0.218174,0.0136378,15.9977,0
9,5,0,10.0,2.73407e-08,-1.35418e-07,2.23224e-05,0.218168,0.0136375,15.9977,0
10,5,0,10.0,-2.67585e-08,-1.58444e-07,2.3667e-05,0.218167,0.0136374,15.9977,0
11,5,0,10.0,-6.9739e-08,-1.73113e-07,2.50206e-05,0.218167,0.0136374,15.9977,0
12,5,0,10.0,-1.37474e-07,-1.98472e-07,2.6299e-05,0.218166,0.0136373,15.9977,0
13,5,0,10.0,-2.33659e-07,-2.65041e-07,2.84019e-05,0.227094,0.0141954,15.9977,0
14,5,0,10.0,-3.59988e-07,-3.01643e-07,2.91335e-05,0.22182,0.0138657,15.9977,0
15,5,0,10.0,-3.43466e-07,-3.09924e-07,2.94775e-05,0.219663,0.0137309,15.9977,0
16,5,0,10.0,-3.21389e-07,-3.14673e-07,2.94475e-05,0.218779,0.0136756,15.9977,0
17,5,0,10.0,-2.8075e-07,-3.13535e-07,2.90412e-05,0.218418,0.0136531,15.9977,0
18,5,0,10.0,-2.07418e-07,-3.27194e-07,2.8281e-05,0.21827,0.0136438,15.9977,0
19,5,0,10.0,-9.93199e-08,-3.24579e-07,2.72009e-05,0.218209,0.01364,15.9977,0
20,5,0,10.0,6.50553e-08,-3.0634e-07,2.58603e-05,0.218183,0.0136384,15.9977,0
21,5,0,10.0,1.63108e-07,-2.90496e-07,2.37822e-05,0.218173,0.0136378,15.9977,0
22,5,0,10.0,4.09629e-08,-3.16491e-07,2.0462e-05,0.218169,0.0136375,15.9977,0
23,5,0,10.0,-2.3412e-07,-3.53182e-07,1.58484e-05,0.218167,0.0136374,15.9977,0
0,6,0,10.0,2.01923e-08,-1.58341e-08,1.52685e-05,0.227221,0.0142034,15.9977,0
1,6,0,10.0,2.12777e-07,2.53939e-08,1.50869e-05,0.221871,0.0138689,15.9977,0
2,6,0,10.0,2.12078e-07,4.87568e-10,1.53599e-05,0.219684,0.0137322,15.9977,0
3,6,0,10.0,2.01633e-07,-2.07079e-08,1.58858e-05,0.218789,0.0136762,15.9977,0
4,6,0,10.0,1.83485e-07,-3.97626e-08,1.6594e-05,0.218422,0.0136533,15.9977,0
5,6,0,10.0,1.57585e-07,-5.87146e-08,1.74399e-05,0.21827,0.0136438,15.9977,0
6,6,0,10.0,1.21555e-07,-7.77414e-08,1.83961e-05,0.218209,0.01364,15.9977,0
7,6,0,10.0,8.67502e-08,-9.75918e-08,1.94442e-05,0.218184,0.0136384,15.9977,0
8,6,0,10.0,5.54536e-08,-1.19173e-07,2.05703e-05,0.218174,0.0136378,15.9977,0
9,6,0,10.0,2.15335e-08,-1.42545e-07,2.17563e-05,0.218168,0.0136375,15.9977,0
10,6,0,10.0,-2.04437e-08,-1.72585e-07,2.29615e-05,0.218167,0.0136374,15.9977,0
11,6,0,10.0,-9.05009e-08,-1.91137e-07,2.41509e-05,0.218167,0.0136374,15.9977,0
12,6,0,10.0,-1.53747e-07,-2.04135e-07,2.52404e-05,0.218166,0.0136373,15.9977,0
13,6,0,10.0,-2.974e-07,-2.59064e-07,2.69357e-05,0.227094,0.0141954,15.9977,0
14,6,0,10.0,-4.17602e-07,-2.93583e-07,2.74616e-05,0.22182,0.0138657,15.9977,0
15,6,0,10.0,-4.18162e-07,-3.10311e-07,2.76409e-05,0.219663,0.0137309,15.9977,0
16,6,0,10.0,-4.06601e-07,-3.13938e-07,2.74747e-05,0.218779,0.0136756,15.9977,0
17,6,0,10.0,-3.76369e-07,-3.27093e-07,2.69653e-05,0.218418,0.0136531,15.9977,0
18,6,0,10.0,-3.11649e-07,-3.28592e-07,2.61159e-05,0.21827,0.0136438,15.9977,0
19,6,0,10.0,-2.24489e-07,-3.37823e-07,2.49153e-05,0.218209,0.01364,15.9977,0
20,6,0,10.0,-7.11847e-08,-3.23482e-07,2.32914e-05,0.218183,0.0136384,15.9977,0
21,6,0,10.0,6.08846e-09,-3.2621e-07,2.10501e-05,0.218173,0.0136378,15.9977,0
22,6,0,10.0,-1.19919e-07,-3.2888e-07,1.79715e-05,0.218169,0.0136375,15.9977,0
23,6,0,10.0,-4.22272e-07,-3.49709e-07,1.39951e-05,0.218167,0.0136374,15.9977,0
0,7,0,10.0,2.69909e-08,-2.02715e-08,1.50435e-05,0.227221,0.0142034,15.9977,0
1,7,0,10.0,2.11783e-07,2.49423e-08,1.4835e-05,0.221871,0.0138689,15.9977,0
2,7,0,10.0,2.17415e-07,-3.33467e-09,1.51198e-05,0.219684,0.0137322,15.9977,0
3,7,0,10.0,2.06834e-07,-2.52489e-08,1.56617e-05,0.218789,0.0136762,15.9977,0
4,7,0,10.0,1.87002e-07,-4.41774e-08,1.63804e-05,0.218422,0.0136533,15.9977,0
5,7,0,10.0,1.58087e-07,-6.16128e-08,1.72277e-05,0.21827,0.0136438,15.9977,0
6,7,0,10.0,1.23528e-07,-7.89514e-08,1.81728e-05,0.218209,0.01364,15.9977,0
7,7,0,10.0,9.44076e-08,-9.64103e-08,1.91989e-05,0.218184,0.0136384,15.9977,0
8,7,0,10.0,6.80367e-08,-1.17063e-07,2.02999e-05,0.218174,0.0136378,15.9977,0
9,7,0,10.0,4.5918e-08,-1.45157e-07,2.143e-05,0.218168,0.0136375,15.9977,0
10,7,0,10.0,1.26858e-08,-1.6505e-07,2.25604e-05,0.218167,0.0136374,15.9977,0
11,7,0,10.0,-1.0592e-07,-1.77638e-07,2.36254e-05,0.218167,0.0136374,15.9977,0
12,7,0,10.0,-1.94842e-07,-1.95498e-07,2.45728e-05,0.218166,0.0136373,15.9977,0
13,7,0,10.0,-3.39405e-07,-2.49001e-07,2.59529e-05,0.227094,0.0141954,15.9977,0
14,7,0,10.0,-4.48774e-07,-2.81527e-07,2.63265e-05,0.22182,0.0138657,15.9977,0
15,7,0,10.0,-4.59688e-07,-2.89482e-07,2.63629e-05,0.219663,0.0137309,15.9977,0
16,7,0,10.0,-4.58588e-07,-3.06805e-07,2.60734e-05,0.218779,0.0136756,15.9977,0
17,7,0,10.0,-4.26909e-07,-3.12282e-07,2.54628e-05,0.218418,0.0136531,15.9977,0
18,7,0,10.0,-3.77774e-07,-3.22927e-07,2.45328e-05,0.21827,0.0136438,15.9977,0
19,7,0,10.0,-3.28883e-07,-3.19032e-07,2.32359e-05,0.218209,0.01364,15.9977,0
20,7,0,10.0,-2.88649e-07,-3.24841e-07,2.15125e-05,0.218183,0.0136384,15.9977,0
21,7,0,10.0,-2.88843e-07,-3.18727e-07,1.92495e-05,0.218173,0.0136378,15.9977,0
22,7,0,10.0,-3.81119e-07,-3.26427e-07,1.63512e-05,0.218169,0.0136375,15.9977,0
23,7,0,10.0,-5.77994e-07,-3.33816e-07,1.27386e-05,0.218167,0.0136374,15.9977,0
0,8,0,10.0,3.22831e-08,-2.36193e-08,1.48583e-05,0.227221,0.0142034,15.9977,0
1,8,0,10.0,2.2579e-07,2.39656e-08,1.45944e-05,0.221871,0.0138689,15.9977,0
2,8,0,10.0,2.25886e-07,-7.55038e-09,1.48937e-05,0.219684,0.0137322,15.9977,0
3,8,0,10.0,2.21703e-07,-3.22867e-08,1.5464e-05,0.218789,0.0136762,15.9977,0
4,8,0,10.0,2.04869e-07,-5.33195e-08,1.62099e-05,0.218422,0.0136533,15.9977,0
5,8,0,10.0,1.75714e-07,-7.2768e-08,1.70759e-05,0.21827,0.0136438,15.9977,0
6,8,0,10.0,1.4317e-07,-9.11503e-08,1.80324e-05,0.218209,0.01364,15.9977,0
7,8,0,10.0,1.23625e-07,-1.11073e-07,1.9065e-05,0.218184,0.0136384,15.9977,0
8,8,0,10.0,3.79975e-08,-1.23541e-07,2.01645e-05,0.218174,0.0136378,15.9977,0
9,8,0,10.0,5.34485e-08,-1.45136e-07,2.12907e-05,0.218168,0.0136375,15.9977,0
10,8,0,10.0,-2.87544e-08,-1.48452e-07,2.24171e-05,0.218167,0.0136374,15.9977,0
11,8,0,10.0,-1.04227e-07,-1.67303e-07,2.34125e-05,0.218167,0.0136374,15.9977,0
12,8,0,10.0,-1.90901e-07,-1.75906e-07,2.42529e-05,0.218166,0.0136373,15.9977,0
13,8,0,10.0,-3.4458e-07,-1.99069e-07,2.5401e-05,0.227094,0.0141954,15.9977,0
14,8,0,10.0,-4.41158e-07,-2.20934e-07,2.56832e-05,0.22182,0.0138657,15.9977,0
15,8,0,10.0,-4.57366e-07,-2.27195e-07,2.56118e-05,0.219663,0.0137309,15.9977,0
16,8,0,10.0,-4.54459e-07,-2.33242e-07,2.52125e-05,0.218779,0.0136756,15.9977,0
17,8,0,10.0,-4.35773e-07,-2.48775e-07,2.45111e-05,0.218418,0.0136531,15.9977,0
18,8,0,10.0,-4.09073e-07,-2.49679e-07,2.34953e-05,0.21827,0.0136438,15.9977,0
19,8,0,10.0,-3.92608e-07,-2.60099e-07,2.21321e-05,0.218209,0.01364,15.9977,0
20,8,0,10.0,-3.91843e-07,-2.63156e-07,2.036e-05,0.218183,0.0136384,15.9977,0
21,8,0,10.0,-4.13902e-07,-2.75267e-07,1.81225e-05,0.218173,0.0136378,15.9977,0
22,8,0,10.0,-4.99072e-07,-2.82047e-07,1.53473e-05,0.218169,0.0136375,15.9977,0
23,8,0,10.0,-6.29719e-07,-2.96251e-07,1.19645e-05,0.218167,0.0136374,15.9977,0
0,9,0,10.0,1.51647e-08,-2.10629e-08,1.45867e-05,0.227284,0.0142073,15.9977,0
1,9,0,10.0,2.21034e-07,3.29073e-08,1.43071e-05,0.221986,0.0138761,15.9977,0
2,9,0,10.0,2.07385e-07,9.32176e-10,1.46186e-05,0.219832,0.0137414,15.9977,0
3,9,0,10.0,1.9122e-07,-2.58728e-08,1.52146e-05,0.218954,0.0136866,15.9977,0
4,9,0,10.0,1.6936e-07,-5.01853e-08,1.59888e-05,0.218597,0.0136642,15.9977,0
5,9,0,10.0,1.41921e-07,-7.29207e-08,1.68794e-05,0.21845,0.013655,15.9977,0
6,9,0,10.0,1.11675e-07,-9.73116e-08,1.78571e-05,0.21839,0.0136513,15.9977,0
7,9,0,10.0,9.85775e-08,-1.20704e-07,1.89057e-05,0.218366,0.0136498,15.9977,0
8,9,0,10.0,2.73857e-09,-1.33843e-07,1.99985e-05,0.218293,0.0136452,15.9977,0
9,9,0,10.0,4.30184e-09,-1.51862e-07,2.11562e-05,0.227157,0.0141993,15.9977,0
10,9,0,10.0,-1.40733e-07,-2.00593e-07,2.23192e-05,0.221936,0.0138729,15.9977,0
11,9,0,10.0,-2.08092e-07,-2.02294e-07,2.32776e-05,0.219811,0.0137401,15.9977,0
12,9,0,10.0,-3.03504e-07,-2.08874e-07,2.40453e-05,0.218946,0.0136861,15.9977,0
13,9,0,10.0,-4.30496e-07,-2.41323e-07,2.50252e-05,0.227158,0.0141994,15.9977,0
14,9,0,10.0,-6.24384e-07,-2.2759e-07,2.52407e-05,0.221936,0.013873,15.9977,0
15,9,0,10.0,-6.29716e-07,-2.34131e-07,2.50937e-05,0.219811,0.0137402,15.9977,0
16,9,0,10.0,-6.23397e-07,-2.46624e-07,2.46161e-05,0.218945,0.013686,15.9977,0
17,9,0,10.0,-6.07132e-07,-2.50455e-07,2.38343e-05,0.218593,0.013664,15.9977,0
18,9,0,10.0,-5.92761e-07,-2.63933e-07,2.27517e-05,0.218449,0.013655,15.9977,0
19,9,0,10.0,-5.81113e-07,-2.65004e-07,2.13327e-05,0.21839,0.0136513,15.9977,0
20,9,0,10.0,-5.83483e-07,-2.75288e-07,1.95434e-05,0.218365,0.0136498,15.9977,0
21,9,0,10.0,-6.10843e-07,-2.8141e-07,1.73337e-05,0.218356,0.0136492,15.9977,0
22,9,0,10.0,-6.6346e-07,-2.95075e-07,1.4653e-05,0.218352,0.013649,15.9977,0
23,9,0,10.0,-7.72264e-07,-3.02893e-07,1.14255e-05,0.218351,0.0136489,15.9977,0
0,10,0,10.0,1.13885e-09,-2.38561e-08,1.42327e-05,0.227222,0.0142034,15.9977,0
1,10,0,10.0,2.07175e-07,3.07339e-08,1.39594e-05,0.221871,0.0138689,15.9977,0
2,10,0,10.0,1.79961e-07,-3.55776e-09,1.42766e-05,0.219685,0.0137322,15.9977,0
3,10,0,10.0,1.54665e-07,-3.08834e-08,1.48817e-05,0.21879,0.0136763,15.9977,0
4,10,0,10.0,1.29256e-07,-5.46774e-08,1.56688e-05,0.218423,0.0136534,15.9977,0
5,10,0,10.0,1.04111e-07,-7.76311e-08,1.65742e-05,0.218272,0.0136439,15.9977,0
6,10,0,10.0,8.32813e-08,-1.02003e-07,1.7566e-05,0.218211,0.0136401,15.9977,0
7,10,0,10.0,6.21031e-08,-1.25037e-07,1.86229e-05,0.218186,0.0136385,15.9977,0
8,10,0,10.0,1.61482e-08,-1.40763e-07,1.97081e-05,0.218111,0.0136339,15.9977,0
9,10,0,10.0,-5.75134e-08,-1.57615e-07,2.08508e-05,0.227093,0.0141953,15.9977,0
10,10,0,10.0,-1.31468e-07,-2.01447e-07,2.19748e-05,0.22182,0.0138657,15.9977,0
11,10,0,10.0,-2.15851e-07,-2.13179e-07,2.28901e-05,0.219664,0.0137309,15.9977,0
12,10,0,10.0,-2.8486e-07,-2.34134e-07,2.35975e-05,0.218781,0.0136758,15.9977,0
13,10,0,10.0,-4.14087e-07,-2.81718e-07,2.44418e-05,0.227094,0.0141954,15.9977,0
14,10,0,10.0,-6.02843e-07,-2.7228e-07,2.45805e-05,0.22182,0.0138657,15.9977,0
15,10,0,10.0,-6.11052e-07,-2.79994e-07,2.43796e-05,0.219664,0.0137309,15.9977,0
16,10,0,10.0,-6.12684e-07,-2.86416e-07,2.38594e-05,0.21878,0.0136757,15.9977,0
17,10,0,10.0,-6.12791e-07,-2.9283e-07,2.30388e-05,0.218419,0.0136531,15.9977,0
18,10,0,10.0,-6.12213e-07,-2.95763e-07,2.19163e-05,0.218271,0.0136439,15.9977,0
19,10,0,10.0,-6.18409e-07,-2.97719e-07,2.04783e-05,0.21821,0.0136401,15.9977,0
20,10,0,10.0,-6.34044e-07,-2.99217e-07,1.86956e-05,0.218184,0.0136385,15.9977,0
21,10,0,10.0,-6.58566e-07,-3.01073e-07,1.65336e-05,0.218175,0.0136379,15.9977,0
22,10,0,10.0,-7.12331e-07,-3.04609e-07,1.39434e-05,0.218171,0.0136376,15.9977,0
23,10,0,10.0,-7.83517e-07,-3.1501e-07,1.08593e-05,0.218169,0.0136375,15.9977,0
0,11,0,10.0,1.75501e-08,-2.75933e-08,1.38608e-05,0.227221,0.0142034,15.9977,0
1,11,0,10.0,1.91529e-07,2.91843e-08,1.36199e-05,0.221871,0.0138689,15.9977,0
2,11,0,10.0,1.82025e-07,-8.82495e-09,1.39484e-05,0.219684,0.0137322,15.9977,0
3,11,0,10.0,1.67878e-07,-3.78703e-08,1.45649e-05,0.218789,0.0136762,15.9977,0
4,11,0,10.0,1.53539e-07,-6.4787e-08,1.5366e-05,0.218422,0.0136533,15.9977,0
5,11,0,10.0,1.40655e-07,-8.98408e-08,1.62874e-05,0.21827,0.0136438,15.9977,0
6,11,0,10.0,1.28255e-07,-1.14976e-07,1.72934e-05,0.218209,0.01364,15.9977,0
7,11,0,10.0,1.08902e-07,-1.38665e-07,1.83539e-05,0.218184,0.0136384,15.9977,0
8,11,0,10.0,8.09246e-08,-1.50369e-07,1.94262e-05,0.218109,0.0136338,15.9977,0
9,11,0,10.0,-1.7017e-08,-1.82765e-07,2.053e-05,0.227092,0.0141953,15.9977,0
10,11,0,10.0,-7.08847e-08,-2.24411e-07,2.16111e-05,0.221819,0.0138657,15.9977,0
11,11,0,10.0,-1.18851e-07,-2.42173e-07,2.24789e-05,0.219663,0.0137309,15.9977,0
12,11,0,10.0,-1.73214e-07,-2.60116e-07,2.31389e-05,0.21878,0.0136757,15.9977,0
13,11,0,10.0,-3.01934e-07,-3.13959e-07,2.38555e-05,0.227094,0.0141954,15.9977,0
14,11,0,10.0,-4.94127e-07,-3.01732e-07,2.39132e-05,0.22182,0.0138657,15.9977,0
15,11,0,10.0,-5.11774e-07,-3.11321e-07,2.36573e-05,0.219663,0.0137309,15.9977,0
16,11,0,10.0,-5.27617e-07,-3.15799e-07,2.30981e-05,0.218779,0.0136756,15.9977,0
17,11,0,10.0,-5.38488e-07,-3.17981e-07,2.22465e-05,0.218418,0.0136531,15.9977,0
18,11,0,10.0,-5.50451e-07,-3.18446e-07,2.11053e-05,0.21827,0.0136438,15.9977,0
19,11,0,10.0,-5.66542e-07,-3.16108e-07,1.96631e-05,0.218209,0.01364,15.9977,0
20,11,0,10.0,-5.84577e-07,-3.11722e-07,1.79003e-05,0.218183,0.0136384,15.9977,0
21,11,0,10.0,-6.13522e-07,-3.08712e-07,1.57883e-05,0.218173,0.0136378,15.9977,0
22,11,0,10.0,-6.57808e-07,-3.1247e-07,1.32849e-05,0.218169,0.0136375,15.9977,0
23,11,0,10.0,-7.07964e-07,-3.14895e-07,1.03301e-05,0.218168,0.0136374,15.9977,0
0,12,0,10.0,3.80825e-08,-2.24471e-08,1.35475e-05,0.227221,0.0142034,15.9977,0
1,12,0,10.0,1.42854e-07,3.62507e-08,1.33903e-05,0.221871,0.0138689,15.9977,0
2,12,0,10.0,1.55414e-07,2.97699e-09,1.37434e-05,0.219684,0.0137322,15.9977,0
3,12,0,10.0,1.57901e-07,-2.82139e-08,1.43859e-05,0.218789,0.0136762,15.9977,0
4,12,0,10.0,1.57717e-07,-5.70078e-08,1.52151e-05,0.218422,0.0136533,15.9977,0
5,12,0,10.0,1.57869e-07,-8.44685e-08,1.61661e-05,0.21827,0.0136438,15.9977,0
6,12,0,10.0,1.5382e-07,-1.12469e-07,1.71967e-05,0.218209,0.01364,15.9977,0
7,12,0,10.0,1.33608e-07,-1.37821e-07,1.82679e-05,0.218184,0.0136384,15.9977,0
8,12,0,10.0,1.35316e-07,-1.51203e-07,1.93345e-05,0.218109,0.0136338,15.9977,0
9,12,0,10.0,4.01075e-08,-1.87414e-07,2.03924e-05,0.227092,0.0141953,15.9977,0
10,12,0,10.0,7.29697e-09,-2.29916e-07,2.14246e-05,0.221819,0.0138657,15.9977,0
11,12,0,10.0,-2.98897e-08,-2.44507e-07,2.22491e-05,0.219663,0.0137309,15.9977,0
12,12,0,10.0,-8.04997e-08,-2.60945e-07,2.28715e-05,0.21878,0.0136757,15.9977,0
13,12,0,10.0,-1.98578e-07,-3.01979e-07,2.34763e-05,0.22703,0.0141914,15.9977,0
14,12,0,10.0,-3.68439e-07,-2.91213e-07,2.34499e-05,0.221704,0.0138585,15.9977,0
15,12,0,10.0,-3.8841e-07,-3.03054e-07,2.3139e-05,0.219515,0.0137217,15.9977,0
16,12,0,10.0,-4.07227e-07,-3.09916e-07,2.25377e-05,0.218614,0.0136653,15.9977,0
17,12,0,10.0,-4.34464e-07,-3.13732e-07,2.16494e-05,0.218351,0.0136489,15.9977,0
18,12,0,10.0,-4.61747e-07,-3.1547e-07,2.04854e-05,0.218242,0.0136421,15.9977,0
19,12,0,10.0,-4.8978e-07,-3.12853e-07,1.90375e-05,0.218198,0.0136393,15.9977,0
20,12,0,10.0,-5.17033e-07,-3.10444e-07,1.72913e-05,0.218178,0.0136381,15.9977,0
21,12,0,10.0,-5.47001e-07,-3.09789e-07,1.52195e-05,0.218171,0.0136376,15.9977,0
22,12,0,10.0,-5.81564e-07,-3.09331e-07,1.27837e-05,0.218168,0.0136375,15.9977,0
23,12,0,10.0,-6.18339e-07,-3.14149e-07,9.92813e-06,0.218167,0.0136374,15.9977,0
0,13,0,10.0,8.35835e-08,-2.75317e-08,1.35621e-05,0.227221,0.0142034,15.9977,0
1,13,0,10.0,5.78428e-08,4.16936e-08,1.34009e-05,0.221871,0.0138689,15.9977,0
2,13,0,10.0,1.09276e-07,4.62476e-09,1.3782e-05,0.219684,0.0137322,15.9977,0
3,13,0,10.0,1.36812e-07,-3.13637e-08,1.44728e-05,0.218788,0.0136762,15.9977,0
4,13,0,10.0,1.54068e-07,-6.28927e-08,1.5358e-05,0.218422,0.0136533,15.9977,0
5,13,0,10.0,1.68932e-07,-9.37469e-08,1.63672e-05,0.21827,0.0136438,15.9977,0
6,13,0,10.0,1.75843e-07,-1.23945e-07,1.74467e-05,0.218209,0.01364,15.9977,0
7,13,0,10.0,1.61111e-07,-1.48912e-07,1.85489e-05,0.218184,0.0136384,15.9977,0
8,13,0,10.0,1.60832e-07,-1.72265e-07,1.96265e-05,0.218173,0.0136378,15.9977,0
9,13,0,10.0,6.78269e-08,-1.9204e-07,2.0641e-05,0.218213,0.0136402,15.9977,0
10,13,0,10.0,1.38169e-08,-2.13607e-07,2.15725e-05,0.218203,0.0136396,15.9977,0
11,13,0,10.0,-1.46647e-08,-2.27122e-07,2.23615e-05,0.218189,0.0136387,15.9977,0
12,13,0,10.0,-7.16704e-08,-2.36318e-07,2.29541e-05,0.218179,0.0136381,15.9977,0
13,13,0,10.0,-1.83039e-07,-2.76083e-07,2.3448e-05,0.227158,0.0141994,15.9977,0
14,13,0,10.0,-2.66117e-07,-2.90089e-07,2.33562e-05,0.221936,0.013873,15.9977,0
15,13,0,10.0,-3.10582e-07,-2.92077e-07,2.29838e-05,0.219811,0.0137402,15.9977,0
16,13,0,10.0,-3.48872e-07,-2.95372e-07,2.23265e-05,0.218945,0.013686,15.9977,0
17,13,0,10.0,-3.90786e-07,-2.97382e-07,2.13799e-05,0.218485,0.0136573,15.9977,0
18,13,0,10.0,-4.22011e-07,-3.01248e-07,2.01699e-05,0.218297,0.0136455,15.9977,0
19,13,0,10.0,-4.50899e-07,-3.03399e-07,1.8696e-05,0.21822,0.0136407,15.9977,0
20,13,0,10.0,-4.75114e-07,-3.04814e-07,1.69447e-05,0.218187,0.0136386,15.9977,0
21,13,0,10.0,-4.94535e-07,-3.05842e-07,1.48889e-05,0.218175,0.0136379,15.9977,0
22,13,0,10.0,-5.10633e-07,-3.11251e-07,1.24914e-05,0.21817,0.0136376,15.9977,0
23,13,0,10.0,-5.37263e-07,-3.17057e-07,9.68699e-06,0.218168,0.0136374,15.9977,0
0,14,0,10.0,2.02464e-07,-7.56339e-08,1.49118e-05,0.227221,0.0142034,15.9977,0
1,14,0,10.0,-1.33736e-07,1.05881e-09,1.44903e-05,0.221871,0.0138689,15.9977,0
2,14,0,10.0,4.17248e-08,-8.6507e-08,1.49818e-05,0.219684,0.0137322,15.9977,0
3,14,0,10.0,1.43444e-07,-1.53263e-07,1.59006e-05,0.218789,0.0136762,15.9977,0
4,14,0,10.0,2.12189e-07,-2.14446e-07,1.7074e-05,0.218422,0.0136533,15.9977,0
5,14,0,10.0,2.55997e-07,-2.70934e-07,1.83821e-05,0.21827,0.0136438,15.9977,0
6,14,0,10.0,2.75642e-07,-3.19792e-07,1.97278e-05,0.218209,0.01364,15.9977,0
7,14,0,10.0,2.71379e-07,-3.56997e-07,2.1029e-05,0.218184,0.0136384,15.9977,0
8,14,0,10.0,2.57026e-07,-3.84231e-07,2.22241e-05,0.218174,0.0136378,15.9977,0
9,14,0,10.0,2.06956e-07,-4.12753e-07,2.3267e-05,0.218168,0.0136375,15.9977,0
10,14,0,10.0,1.15568e-07,-4.23469e-07,2.41614e-05,0.218167,0.0136374,15.9977,0
11,14,0,10.0,4.36793e-09,-4.21183e-07,2.48638e-05,0.218167,0.0136374,15.9977,0
12,14,0,10.0,-6.04573e-08,-4.18067e-07,2.53102e-05,0.218166,0.0136373,15.9977,0
13,14,0,10.0,-1.74541e-07,-4.20107e-07,2.53889e-05,0.227094,0.0141954,15.9977,0
14,14,0,10.0,-2.26938e-07,-4.06699e-07,2.50456e-05,0.22182,0.0138657,15.9977,0
15,14,0,10.0,-2.93356e-07,-3.98687e-07,2.4424e-05,0.219663,0.0137309,15.9977,0
16,14,0,10.0,-3.34614e-07,-3.9394e-07,2.3525e-05,0.218779,0.0136756,15.9977,0
17,14,0,10.0,-3.60154e-07,-3.83464e-07,2.23603e-05,0.218418,0.0136531,15.9977,0
18,14,0,10.0,-3.67526e-07,-3.78517e-07,2.0952e-05,0.21827,0.0136438,15.9977,0
19,14,0,10.0,-3.74503e-07,-3.68382e-07,1.93078e-05,0.218209,0.01364,15.9977,0
20,14,0,10.0,-3.7662e-07,-3.60807e-07,1.74249e-05,0.218183,0.0136384,15.9977,0
21,14,0,10.0,-3.72679e-07,-3.52667e-07,1.52784e-05,0.218173,0.0136378,15.9977,0
22,14,0,10.0,-3.59797e-07,-3.52825e-07,1.28147e-05,0.218169,0.0136375,15.9977,0
23,14,0,10.0,-3.20892e-07,-3.53944e-07,9.95406e-06,0.218167,0.0136374,15.9977,0
0,15,0,10.0,2.73417e-07,-9.07767e-08,1.61592e-05,0.227221,0.0142034,15.9977,0
1,15,0,10.0,-1.73898e-07,-5.22093e-09,1.55779e-05,0.221871,0.0138689,15.9977,0
2,15,0,10.0,6.7461e-08,-1.02183e-07,1.6159e-05,0.219684,0.0137322,15.9977,0
3,15,0,10.0,2.02796e-07,-1.87439e-07,1.72677e-05,0.218789,0.0136762,15.9977,0
4,15,0,10.0,2.95921e-07,-2.60712e-07,1.86842e-05,0.218422,0.0136533,15.9977,0
5,15,0,10.0,3.42729e-07,-3.22205e-07,2.02454e-05,0.21827,0.0136438,15.9977,0
6,15,0,10.0,3.52891e-07,-3.65451e-07,2.18167e-05,0.218209,0.01364,15.9977,0
7,15,0,10.0,3.45391e-07,-4.07149e-07,2.33046e-05,0.218184,0.0136384,15.9977,0
8,15,0,10.0,3.07957e-07,-4.36376e-07,2.46288e-05,0.218174,0.0136378,15.9977,0
9,15,0,10.0,2.75801e-07,-4.62158e-07,2.57529e-05,0.218168,0.0136375,15.9977,0
10,15,0,10.0,2.26474e-07,-4.71009e-07,2.66625e-05,0.218167,0.0136374,15.9977,0
11,15,0,10.0,8.54717e-08,-4.82588e-07,2.73035e-05,0.218167,0.0136374,15.9977,0
12,15,0,10.0,1.80368e-08,-4.89208e-07,2.76528e-05,0.218166,0.0136373,15.9977,0
13,15,0,10.0,-8.3e-08,-5.06678e-07,2.74805e-05,0.227094,0.0141954,15.9977,0
14,15,0,10.0,-1.27259e-07,-4.91105e-07,2.69709e-05,0.22182,0.0138657,15.9977,0
15,15,0,10.0,-2.0567e-07,-4.71569e-07,2.61638e-05,0.219663,0.0137309,15.9977,0
16,15,0,10.0,-2.57148e-07,-4.56286e-07,2.50874e-05,0.218779,0.0136756,15.9977,0
17,15,0,10.0,-2.68151e-07,-4.44317e-07,2.37484e-05,0.218418,0.0136531,15.9977,0
18,15,0,10.0,-2.64364e-07,-4.33212e-07,2.21777e-05,0.21827,0.0136438,15.9977,0
19,15,0,10.0,-2.56277e-07,-4.20383e-07,2.03877e-05,0.218209,0.01364,15.9977,0
20,15,0,10.0,-2.44827e-07,-4.07949e-07,1.83785e-05,0.218183,0.0136384,15.9977,0
21,15,0,10.0,-2.46771e-07,-3.95408e-07,1.61186e-05,0.218173,0.0136378,15.9977,0
22,15,0,10.0,-2.24485e-07,-3.90504e-07,1.35469e-05,0.218169,0.0136375,15.9977,0
23,15,0,10.0,-1.87809e-07,-3.90926e-07,1.05622e-05,0.218167,0.0136374,15.9977,0
0,16,0,10.0,3.33488e-07,-7.90855e-08,1.76497e-05,0.227221,0.0142034,15.9977,0
1,16,0,10.0,-1.62873e-07,4.51477e-08,1.69104e-05,0.221871,0.0138689,15.9977,0
2,16,0,10.0,1.17028e-07,-5.43139e-08,1.76013e-05,0.219684,0.0137322,15.9977,0
3,16,0,10.0,2.94651e-07,-1.39783e-07,1.89367e-05,0.218788,0.0136762,15.9977,0
4,16,0,10.0,3.90756e-07,-1.99107e-07,2.06274e-05,0.218422,0.0136533,15.9977,0
5,16,0,10.0,4.34529e-07,-2.35839e-07,2.24766e-05,0.21827,0.0136438,15.9977,0
6,16,0,10.0,4.39595e-07,-2.77984e-07,2.4323e-05,0.218209,0.01364,15.9977,0
7,16,0,10.0,4.21004e-07,-3.23292e-07,2.60347e-05,0.218184,0.0136384,15.9977,0
8,16,0,10.0,4.16001e-07,-3.58255e-07,2.75295e-05,0.218174,0.0136378,15.9977,0
9,16,0,10.0,3.85374e-07,-3.83247e-07,2.87591e-05,0.218168,0.0136375,15.9977,0
10,16,0,10.0,2.74452e-07,-4.29904e-07,2.96723e-05,0.218167,0.0136374,15.9977,0
11,16,0,10.0,1.47894e-07,-4.45386e-07,3.02538e-05,0.218167,0.0136374,15.9977,0
12,16,0,10.0,8.94027e-08,-4.67211e-07,3.05166e-05,0.218166,0.0136373,15.9977,0
13,16,0,10.0,-6.25455e-10,-5.20855e-07,3.00986e-05,0.227094,0.0141954,15.9977,0
14,16,0,10.0,1.12951e-08,-5.15474e-07,2.94332e-05,0.22182,0.0138657,15.9977,0
15,16,0,10.0,-5.61679e-08,-5.06725e-07,2.84408e-05,0.219663,0.0137309,15.9977,0
16,16,0,10.0,-1.33127e-07,-4.96087e-07,2.71511e-05,0.218779,0.0136756,15.9977,0
17,16,0,10.0,-1.0007e-07,-4.94747e-07,2.56066e-05,0.218418,0.0136531,15.9977,0
18,16,0,10.0,7.53949e-09,-4.86374e-07,2.3844e-05,0.21827,0.0136438,15.9977,0
19,16,0,10.0,2.74807e-08,-4.72434e-07,2.18789e-05,0.218209,0.01364,15.9977,0
20,16,0,10.0,3.13753e-08,-4.56145e-07,1.97155e-05,0.218183,0.0136384,15.9977,0
21,16,0,10.0,1.88258e-08,-4.41254e-07,1.73115e-05,0.218173,0.0136378,15.9977,0
22,16,0,10.0,-3.7755e-09,-4.31377e-07,1.45818e-05,0.218169,0.0136375,15.9977,0
23,16,0,10.0,1.64845e-08,-4.26861e-07,1.14129e-05,0.218167,0.0136374,15.9977,0
0,17,0,10.0,3.11594e-07,-4.61817e-08,1.91248e-05,0.227284,0.0142073,15.9977,0
1,17,0,10.0,-1.649e-07,1.12926e-07,1.82862e-05,0.221986,0.0138761,15.9977,0
2,17,0,10.0,1.08405e-07,1.67063e-08,1.90841e-05,0.219832,0.0137414,15.9977,0
3,17,0,10.0,2.61399e-07,-3.89319e-08,2.06537e-05,0.218954,0.0136866,15.9977,0
4,17,0,10.0,3.44357e-07,-7.60518e-08,2.26298e-05,0.218597,0.0136642,15.9977,0
5,17,0,10.0,3.63308e-07,-1.26559e-07,2.47736e-05,0.21845,0.013655,15.9977,0
6,17,0,10.0,3.48592e-07,-1.90464e-07,2.68874e-05,0.218391,0.0136514,15.9977,0
7,17,0,10.0,3.36496e-07,-2.35996e-07,2.88266e-05,0.218366,0.0136498,15.9977,0
8,17,0,10.0,2.98445e-07,-2.81554e-07,3.05001e-05,0.218356,0.0136492,15.9977,0
9,17,0,10.0,2.17017e-07,-3.46382e-07,3.1782e-05,0.218351,0.0136489,15.9977,0
10,17,0,10.0,1.06603e-07,-4.03288e-07,3.2678e-05,0.21835,0.0136488,15.9977,0
11,17,0,10.0,1.1872e-08,-4.30819e-07,3.32031e-05,0.21835,0.0136488,15.9977,0
12,17,0,10.0,-2.93456e-08,-4.71099e-07,3.33705e-05,0.21835,0.0136488,15.9977,0
13,17,0,10.0,-8.66776e-08,-5.08006e-07,3.273e-05,0.227158,0.0141994,15.9977,0
14,17,0,10.0,-6.75084e-08,-5.00864e-07,3.19267e-05,0.221936,0.013873,15.9977,0
15,17,0,10.0,-1.39174e-07,-5.03758e-07,3.07532e-05,0.219811,0.0137402,15.9977,0
16,17,0,10.0,-1.76426e-07,-4.87193e-07,2.92492e-05,0.218881,0.013682,15.9977,0
17,17,0,10.0,-1.30782e-07,-4.84238e-07,2.7441e-05,0.227158,0.0141994,15.9977,0
18,17,0,10.0,-2.23008e-07,-2.36252e-07,2.52688e-05,0.221936,0.013873,15.9977,0
19,17,0,10.0,-1.51165e-07,-2.64864e-07,2.31311e-05,0.219811,0.0137402,15.9977,0
20,17,0,10.0,-1.01283e-07,-2.84899e-07,2.08547e-05,0.218945,0.013686,15.9977,0
21,17,0,10.0,-1.13104e-07,-2.95139e-07,1.83391e-05,0.218593,0.013664,15.9977,0
22,17,0,10.0,-1.0034e-07,-3.11263e-07,1.54734e-05,0.218449,0.013655,15.9977,0
23,17,0,10.0,-7.13544e-08,-3.30761e-07,1.21423e-05,0.21839,0.0136513,15.9977,0
0,18,0,10.0,1.84186e-07,-3.80148e-08,2.05004e-05,0.227222,0.0142034,15.9977,0
1,18,0,10.0,-1.18419e-07,1.26923e-07,1.94756e-05,0.221871,0.0138689,15.9977,0
2,18,0,10.0,9.05825e-08,5.6425e-08,2.03731e-05,0.219685,0.0137322,15.9977,0
3,18,0,10.0,2.14858e-07,-2.34241e-08,2.21397e-05,0.21879,0.0136763,15.9977,0
4,18,0,10.0,2.44381e-07,-8.4095e-08,2.43452e-05,0.218423,0.0136534,15.9977,0
5,18,0,10.0,2.30918e-07,-1.46546e-07,2.67177e-05,0.218272,0.0136439,15.9977,0
6,18,0,10.0,1.5744e-07,-2.03922e-07,2.90214e-05,0.218211,0.0136401,15.9977,0
7,18,0,10.0,1.20726e-07,-2.66794e-07,3.11121e-05,0.218186,0.0136385,15.9977,0
8,18,0,10.0,1.3082e-08,-3.28142e-07,3.28435e-05,0.218175,0.0136379,15.9977,0
9,18,0,10.0,-1.44978e-08,-3.88601e-07,3.41328e-05,0.21817,0.0136376,15.9977,0
10,18,0,10.0,-1.15153e-07,-4.16795e-07,3.49968e-05,0.218169,0.0136375,15.9977,0
11,18,0,10.0,-2.19396e-07,-4.70797e-07,3.54287e-05,0.218168,0.0136375,15.9977,0
12,18,0,10.0,-2.33313e-07,-4.88089e-07,3.55283e-05,0.218168,0.0136374,15.9977,0
13,18,0,10.0,-2.30187e-07,-5.27931e-07,3.4727e-05,0.227094,0.0141954,15.9977,0
14,18,0,10.0,-2.30363e-07,-5.32279e-07,3.38452e-05,0.22182,0.0138657,15.9977,0
15,18,0,10.0,-2.53589e-07,-5.315e-07,3.25617e-05,0.219664,0.0137309,15.9977,0
16,18,0,10.0,-2.88429e-07,-5.25187e-07,3.09054e-05,0.218716,0.0136717,15.9977,0
17,18,0,10.0,-2.49518e-07,-5.03243e-07,2.89119e-05,0.227094,0.0141954,15.9977,0
18,18,0,10.0,-2.65092e-07,-2.3486e-07,2.64498e-05,0.22182,0.0138657,15.9977,0
19,18,0,10.0,-2.14437e-07,-2.69534e-07,2.41787e-05,0.219664,0.0137309,15.9977,0
20,18,0,10.0,-2.0316e-07,-2.88524e-07,2.18152e-05,0.21878,0.0136757,15.9977,0
21,18,0,10.0,-2.15959e-07,-3.1115e-07,1.92023e-05,0.218419,0.0136531,15.9977,0
22,18,0,10.0,-1.87026e-07,-3.30559e-07,1.62402e-05,0.218271,0.0136439,15.9977,0
23,18,0,10.0,-1.5737e-07,-3.47798e-07,1.27792e-05,0.21821,0.0136401,15.9977,0
0,19,0,10.0,1.11655e-07,-8.24051e-08,2.12605e-05,0.227221,0.0142034,15.9977,0
1,19,0,10.0,-5.95827e-09,1.05728e-07,2.02164e-05,0.221871,0.0138689,15.9977,0
2,19,0,10.0,1.34068e-07,-1.38529e-08,2.11996e-05,0.219684,0.0137322,15.9977,0
3,19,0,10.0,1.79509e-07,-1.00423e-07,2.30974e-05,0.218789,0.0136762,15.9977,0
4,19,0,10.0,1.86713e-07,-1.87377e-07,2.54401e-05,0.218422,0.0136533,15.9977,0
5,19,0,10.0,8.47588e-08,-2.63782e-07,2.79124e-05,0.21827,0.0136438,15.9977,0
6,19,0,10.0,4.80279e-08,-3.43825e-07,3.02515e-05,0.218209,0.01364,15.9977,0
7,19,0,10.0,-8.3018e-08,-3.94621e-07,3.23407e-05,0.218184,0.0136384,15.9977,0
8,19,0,10.0,-1.14105e-07,-4.53819e-07,3.40536e-05,0.218174,0.0136378,15.9977,0
9,19,0,10.0,-1.49886e-07,-4.90037e-07,3.53555e-05,0.218168,0.0136375,15.9977,0
10,19,0,10.0,-2.75309e-07,-5.33381e-07,3.61636e-05,0.218167,0.0136374,15.9977,0
11,19,0,10.0,-2.77146e-07,-5.71686e-07,3.65288e-05,0.218167,0.0136374,15.9977,0
12,19,0,10.0,-3.34693e-07,-5.87082e-07,3.6575e-05,0.218166,0.0136373,15.9977,0
13,19,0,10.0,-2.74318e-07,-6.231e-07,3.57531e-05,0.227094,0.0141954,15.9977,0
14,19,0,10.0,-2.93454e-07,-6.13603e-07,3.48656e-05,0.22182,0.0138657,15.9977,0
15,19,0,10.0,-3.34435e-07,-6.01206e-07,3.35483e-05,0.219663,0.0137309,15.9977,0
16,19,0,10.0,-3.40962e-07,-5.93699e-07,3.18426e-05,0.218714,0.0136716,15.9977,0
17,19,0,10.0,-3.26224e-07,-5.8549e-07,2.97807e-05,0.227094,0.0141954,15.9977,0
18,19,0,10.0,-2.42235e-07,-2.7018e-07,2.72131e-05,0.22182,0.0138657,15.9977,0
19,19,0,10.0,-2.42085e-07,-3.09573e-07,2.48748e-05,0.219663,0.0137309,15.9977,0
20,19,0,10.0,-2.56504e-07,-3.29425e-07,2.24541e-05,0.218779,0.0136756,15.9977,0
21,19,0,10.0,-2.48422e-07,-3.48433e-07,1.97896e-05,0.218418,0.0136531,15.9977,0
22,19,0,10.0,-2.30126e-07,-3.63617e-07,1.6768e-05,0.21827,0.0136438,15.9977,0
23,19,0,10.0,-2.176e-07,-3.80913e-07,1.32233e-05,0.218209,0.01364,15.9977,0
0,20,0,10.0,4.48406e-08,-6.10805e-08,2.15789e-05,0.227221,0.0142034,15.9977,0
1,20,0,10.0,1.37861e-07,6.88907e-08,2.03168e-05,0.221871,0.0138689,15.9977,0
2,20,0,10.0,1.47006e-07,-2.45855e-08,2.13077e-05,0.219684,0.0137322,15.9977,0
3,20,0,10.0,1.1327e-07,-1.21994e-07,2.31895e-05,0.218788,0.0136762,15.9977,0
4,20,0,10.0,6.27099e-08,-1.78817e-07,2.54883e-05,0.218422,0.0136533,15.9977,0
5,20,0,10.0,-1.15676e-07,-2.2982e-07,2.78463e-05,0.21827,0.0136438,15.9977,0
6,20,0,10.0,-1.70763e-07,-2.57543e-07,3.00769e-05,0.218209,0.01364,15.9977,0
7,20,0,10.0,-2.81996e-07,-3.1556e-07,3.20397e-05,0.218184,0.0136384,15.9977,0
8,20,0,10.0,-3.73444e-07,-3.38424e-07,3.36777e-05,0.218174,0.0136378,15.9977,0
9,20,0,10.0,-4.63418e-07,-3.75028e-07,3.49183e-05,0.218168,0.0136375,15.9977,0
10,20,0,10.0,-4.83694e-07,-4.35858e-07,3.56796e-05,0.218167,0.0136374,15.9977,0
11,20,0,10.0,-4.92294e-07,-4.67271e-07,3.60823e-05,0.218167,0.0136374,15.9977,0
12,20,0,10.0,-4.55622e-07,-5.17206e-07,3.61771e-05,0.218166,0.0136373,15.9977,0
13,20,0,10.0,-3.61693e-07,-5.7136e-07,3.55292e-05,0.227094,0.0141954,15.9977,0
14,20,0,10.0,-4.09282e-07,-5.90234e-07,3.47512e-05,0.22182,0.0138657,15.9977,0
15,20,0,10.0,-4.17338e-07,-5.99381e-07,3.35044e-05,0.219663,0.0137309,15.9977,0
16,20,0,10.0,-4.16476e-07,-5.8294e-07,3.18798e-05,0.218714,0.0136716,15.9977,0
17,20,0,10.0,-3.93325e-07,-5.84111e-07,2.98867e-05,0.227094,0.0141954,15.9977,0
18,20,0,10.0,-2.00365e-07,-2.85469e-07,2.73784e-05,0.22182,0.0138657,15.9977,0
19,20,0,10.0,-2.63987e-07,-3.14073e-07,2.50659e-05,0.219663,0.0137309,15.9977,0
20,20,0,10.0,-2.93104e-07,-3.35938e-07,2.26459e-05,0.218779,0.0136756,15.9977,0
21,20,0,10.0,-2.89265e-07,-3.5078e-07,1.9981e-05,0.218418,0.0136531,15.9977,0
22,20,0,10.0,-2.9067e-07,-3.65823e-07,1.69471e-05,0.21827,0.0136438,15.9977,0
23,20,0,10.0,-2.90728e-07,-3.85086e-07,1.33757e-05,0.218209,0.01364,15.9977,0
0,21,0,10.0,-1.52424e-07,-4.17629e-08,2.08132e-05,0.227221,0.0142034,15.9977,0
1,21,0,10.0,2.64848e-07,1.63497e-07,1.96571e-05,0.221871,0.0138689,15.9977,0
2,21,0,10.0,5.72965e-08,6.86868e-08,2.05597e-05,0.219684,0.0137322,15.9977,0
3,21,0,10.0,-4.80491e-08,1.78365e-08,2.22898e-05,0.218789,0.0136762,15.9977,0
4,21,0,10.0,-2.36938e-07,-2.70186e-08,2.43915e-05,0.218422,0.0136533,15.9977,0
5,21,0,10.0,-3.48811e-07,-7.35314e-08,2.65275e-05,0.21827,0.0136438,15.9977,0
6,21,0,10.0,-4.61018e-07,-1.42897e-07,2.85456e-05,0.218209,0.01364,15.9977,0
7,21,0,10.0,-5.47087e-07,-1.82596e-07,3.03321e-05,0.218184,0.0136384,15.9977,0
8,21,0,10.0,-5.9274e-07,-2.30313e-07,3.18333e-05,0.218174,0.0136378,15.9977,0
9,21,0,10.0,-6.6806e-07,-2.96132e-07,3.29677e-05,0.218168,0.0136375,15.9977,0
10,21,0,10.0,-7.07866e-07,-3.49867e-07,3.37472e-05,0.218167,0.0136374,15.9977,0
11,21,0,10.0,-6.80261e-07,-4.13293e-07,3.42202e-05,0.218167,0.0136374,15.9977,0
12,21,0,10.0,-7.23691e-07,-4.45192e-07,3.44554e-05,0.218166,0.0136373,15.9977,0
13,21,0,10.0,-5.15714e-07,-4.88734e-07,3.42161e-05,0.227094,0.0141954,15.9977,0
14,21,0,10.0,-5.82614e-07,-5.26081e-07,3.35964e-05,0.22182,0.0138657,15.9977,0
15,21,0,10.0,-5.26176e-07,-5.29169e-07,3.25155e-05,0.219663,0.0137309,15.9977,0
16,21,0,10.0,-5.3016e-07,-5.27624e-07,3.1052e-05,0.218714,0.0136716,15.9977,0
17,21,0,10.0,-5.07327e-07,-5.15197e-07,2.92515e-05,0.227094,0.0141954,15.9977,0
18,21,0,10.0,-1.38472e-07,-2.59075e-07,2.69928e-05,0.22182,0.0138657,15.9977,0
19,21,0,10.0,-2.42355e-07,-2.9917e-07,2.47765e-05,0.219663,0.0137309,15.9977,0
20,21,0,10.0,-2.88987e-07,-3.23367e-07,2.24043e-05,0.218779,0.0136756,15.9977,0
21,21,0,10.0,-3.02248e-07,-3.4168e-07,1.97774e-05,0.218418,0.0136531,15.9977,0
22,21,0,10.0,-3.14098e-07,-3.61038e-07,1.67753e-05,0.21827,0.0136438,15.9977,0
23,21,0,10.0,-3.26644e-07,-3.8e-07,1.32423e-05,0.218209,0.01364,15.9977,0
0,22,0,10.0,-2.3363e-07,-1.85348e-08,1.94329e-05,0.227221,0.0142034,15.9977,0
1,22,0,10.0,1.35197e-07,1.44551e-07,1.85079e-05,0.221871,0.0138689,15.9977,0
2,22,0,10.0,-1.21578e-07,6.32898e-08,1.92945e-05,0.219684,0.0137322,15.9977,0
3,22,0,10.0,-3.30411e-07,1.54321e-09,2.08123e-05,0.218789,0.0136762,15.9977,0
4,22,0,10.0,-4.80064e-07,-7.55186e-08,2.26376e-05,0.218422,0.0136533,15.9977,0
5,22,0,10.0,-5.93649e-07,-1.53759e-07,2.45168e-05,0.21827,0.0136438,15.9977,0
6,22,0,10.0,-6.78377e-07,-2.33616e-07,2.62882e-05,0.218209,0.01364,15.9977,0
7,22,0,10.0,-7.4782e-07,-2.91989e-07,2.78666e-05,0.218184,0.0136384,15.9977,0
8,22,0,10.0,-8.22852e-07,-3.58137e-07,2.91993e-05,0.218174,0.0136378,15.9977,0
9,22,0,10.0,-8.79374e-07,-4.11221e-07,3.02384e-05,0.218168,0.0136375,15.9977,0
10,22,0,10.0,-8.77818e-07,-4.57869e-07,3.10356e-05,0.218167,0.0136374,15.9977,0
11,22,0,10.0,-8.13191e-07,-4.77785e-07,3.16151e-05,0.218167,0.0136374,15.9977,0
12,22,0,10.0,-7.66694e-07,-4.9683e-07,3.20049e-05,0.218166,0.0136373,15.9977,0
13,22,0,10.0,-6.77843e-07,-5.03026e-07,3.2262e-05,0.227157,0.0141993,15.9977,0
14,22,0,10.0,-7.46194e-07,-5.4071e-07,3.17614e-05,0.219695,0.0137329,15.9977,0
15,22,0,10.0,-6.79417e-07,-5.4733e-07,3.08628e-05,0.218797,0.0136768,15.9977,0
16,22,0,10.0,-6.59765e-07,-5.39521e-07,2.95896e-05,0.218362,0.0136495,15.9977,0
17,22,0,10.0,-6.51296e-07,-5.32873e-07,2.80245e-05,0.227094,0.0141954,15.9977,0
18,22,0,10.0,-3.68278e-07,-3.30848e-07,2.6086e-05,0.22182,0.0138657,15.9977,0
19,22,0,10.0,-4.2266e-07,-3.6136e-07,2.40175e-05,0.219663,0.0137309,15.9977,0
20,22,0,10.0,-4.37916e-07,-3.74239e-07,2.17374e-05,0.218779,0.0136756,15.9977,0
21,22,0,10.0,-4.40842e-07,-3.90887e-07,1.91878e-05,0.218418,0.0136531,15.9977,0
22,22,0,10.0,-4.36126e-07,-3.98303e-07,1.62651e-05,0.21827,0.0136438,15.9977,0
23,22,0,10.0,-4.5323e-07,-4.16207e-07,1.28229e-05,0.218209,0.01364,15.9977,0
0,23,0,10.0,-2.72801e-07,-6.68657e-08,1.81916e-05,0.227221,0.0142034,15.9977,0
1,23,0,10.0,5.02259e-08,4.48328e-08,1.73013e-05,0.221871,0.0138689,15.9977,0
2,23,0,10.0,-2.26368e-07,-7.6956e-08,1.79805e-05,0.219684,0.0137322,15.9977,0
3,23,0,10.0,-4.15363e-07,-1.83397e-07,1.92776e-05,0.218789,0.0136762,15.9977,0
4,23,0,10.0,-5.50914e-07,-2.76482e-07,2.08471e-05,0.218422,0.0136533,15.9977,0
5,23,0,10.0,-6.45916e-07,-3.68762e-07,2.24675e-05,0.21827,0.0136438,15.9977,0
6,23,0,10.0,-7.18355e-07,-4.45006e-07,2.40053e-05,0.218209,0.01364,15.9977,0
7,23,0,10.0,-7.86716e-07,-5.10463e-07,2.53893e-05,0.218184,0.0136384,15.9977,0
8,23,0,10.0,-8.30546e-07,-5.49539e-07,2.65682e-05,0.218174,0.0136378,15.9977,0
9,23,0,10.0,-8.39714e-07,-5.82253e-07,2.75573e-05,0.218168,0.0136375,15.9977,0
10,23,0,10.0,-8.18222e-07,-5.85163e-07,2.83945e-05,0.218167,0.0136374,15.9977,0
11,23,0,10.0,-7.92364e-07,-5.93556e-07,2.90774e-05,0.218167,0.0136374,15.9977,0
12,23,0,10.0,-7.41917e-07,-5.90543e-07,2.96048e-05,0.218166,0.0136373,15.9977,0
13,23,0,10.0,-7.33453e-07,-6.02793e-07,2.99854e-05,0.227093,0.0141953,15.9977,0
14,23,0,10.0,-7.58983e-07,-6.02664e-07,2.9714e-05,0.219663,0.0137309,15.9977,0
15,23,0,10.0,-7.11894e-07,-6.03744e-07,2.89703e-05,0.21878,0.0136757,15.9977,0
16,23,0,10.0,-6.76163e-07,-5.88626e-07,2.7872e-05,0.218353,0.013649,15.9977,0
17,23,0,10.0,-6.49707e-07,-5.84405e-07,2.65003e-05,0.227094,0.0141954,15.9977,0
18,23,0,10.0,-4.36615e-07,-3.7828e-07,2.47791e-05,0.22182,0.0138657,15.9977,0
19,23,0,10.0,-4.51436e-07,-3.95559e-07,2.2873e-05,0.219663,0.0137309,15.9977,0
20,23,0,10.0,-4.5022e-07,-4.10997e-07,2.07218e-05,0.218779,0.0136756,15.9977,0
21,23,0,10.0,-4.40678e-07,-4.1377e-07,1.8282e-05,0.218418,0.0136531,15.9977,0
22,23,0,10.0,-4.4288e-07,-4.25129e-07,1.54744e-05,0.21827,0.0136438,15.9977,0
23,23,0,10.0,-4.42527e-07,-4.34541e-07,1.21688e-05,0.218209,0.01364,15.9977,0
0,0,1,10.0,4.24346e-09,-6.07845e-08,1.68208e-05,0.238316,0.128725,1.85136,0
1,0,1,10.0,5.6763e-08,9.69592e-08,1.66297e-05,0.237481,0.125922,1.88594,0
2,0,1,10.0,5.68121e-08,3.42692e-08,1.69585e-05,0.237078,0.124617,1.90245,0
3,0,1,10.0,5.93665e-08,-6.07881e-09,1.76042e-05,0.236883,0.124,1.91034,0
4,0,1,10.0,6.31456e-08,-3.13511e-08,1.85044e-05,0.236789,0.123707,1.91411,0
5,0,1,10.0,6.69721e-08,-5.11416e-08,1.96328e-05,0.236743,0.123567,1.91592,0
6,0,1,10.0,7.04816e-08,-7.38379e-08,2.09807e-05,0.236721,0.1235,1.91677,0
7,0,1,10.0,7.02291e-08,-1.04717e-07,2.25405e-05,0.236711,0.123468,1.91718,0
8,0,1,10.0,7.21533e-08,-1.24912e-07,2.42913e-05,0.236706,0.123453,1.91737,0
9,0,1,10.0,7.8016e-08,-2.18468e-07,2.62265e-05,0.236703,0.123445,1.91748,0
10,0,1,10.0,1.04377e-07,-2.22813e-07,2.83144e-05,0.236702,0.123442,1.91752,0
11,0,1,10.0,1.58554e-07,-2.3826e-07,3.05412e-05,0.236702,0.12344,1.91754,0
12,0,1,10.0,9.82645e-08,-5.02092e-07,3.29115e-05,0.236701,0.12344,1.91754,0
13,0,1,10.0,1.29858e-07,-5.60947e-07,3.75374e-05,0.238296,0.12868,1.85185,0
14,0,1,10.0,1.15371e-07,-7.1578e-07,3.97283e-05,0.237472,0.125902,1.88617,0
15,0,1,10.0,1.90381e-07,-6.22264e-07,4.1533e-05,0.237073,0.124607,1.90256,0
16,0,1,10.0,2.55055e-07,-3.80859e-07,4.24963e-05,0.236881,0.123995,1.9104,0
17,0,1,10.0,2.10398e-07,-4.35705e-07,4.21394e-05,0.236788,0.123705,1.91414,0
18,0,1,10.0,2.29931e-07,-3.73221e-07,4.14324e-05,0.236743,0.123566,1.91592,0
19,0,1,10.0,2.1041e-07,-3.95138e-07,4.06661e-05,0.236721,0.1235,1.91677,0
20,0,1,10.0,1.53774e-07,-3.93631e-07,3.89239e-05,0.236711,0.123468,1.91719,0
21,0,1,10.0,1.38561e-07,-4.21207e-07,3.58513e-05,0.236706,0.123453,1.91738,0
22,0,1,10.0,7.69037e-08,-4.86927e-07,3.1309e-05,0.236703,0.123446,1.91747,0
23,0,1,10.0,2.07131e-08,-6.09899e-07,2.51832e-05,0.236702,0.123442,1.91751,0
0,1,1,10.0,6.32428e-09,-4.27259e-08,1.65701e-05,0.238325,0.128747,1.85111,0
1,1,1,10.0,1.68483e-07,2.13402e-07,1.64216e-05,0.2375,0.125964,1.88546,0
2,1,1,10.0,1.68388e-07,1.6403e-07,1.67272e-05,0.237103,0.124673,1.90181,0
3,1,1,10.0,1.77424e-07,1.41621e-07,1.73301e-05,0.236913,0.124065,1.90959,0
4,1,1,10.0,1.92041e-07,1.35355e-07,1.81758e-05,0.236821,0.123777,1.91329,0
5,1,1,10.0,2.09093e-07,1.39608e-07,1.92366e-05,0.236777,0.12364,1.91506,0
6,1,1,10.0,2.23867e-07,1.46789e-07,2.05003e-05,0.236756,0.123575,1.9159,0
7,1,1,10.0,2.34402e-07,1.49289e-07,2.19556e-05,0.236746,0.123544,1.91629,0
8,1,1,10.0,2.56805e-07,1.68115e-07,2.35882e-05,0.236741,0.123529,1.91648,0
9,1,1,10.0,2.85845e-07,1.47348e-07,2.53967e-05,0.236739,0.123521,1.91658,0
10,1,1,10.0,3.30146e-07,1.61044e-07,2.73522e-05,0.236738,0.123518,1.91662,0
11,1,1,10.0,4.24723e-07,1.39304e-07,2.94408e-05,0.236737,0.123517,1.91664,0
12,1,1,10.0,4.70057e-07,1.24562e-07,3.15866e-05,0.236737,0.123516,1.91665,0
13,1,1,10.0,4.89933e-07,5.96305e-08,3.57391e-05,0.238306,0.128703,1.8516,0
14,1,1,10.0,4.35492e-07,-1.33123e-07,3.76065e-05,0.237491,0.125944,1.88569,0
15,1,1,10.0,5.98596e-07,-3.35304e-09,3.89308e-05,0.237099,0.124663,1.90191,0
16,1,1,10.0,7.83595e-07,1.65938e-07,3.9712e-05,0.236911,0.12406,1.90965,0
17,1,1,10.0,7.37044e-07,1.91736e-07,3.95971e-05,0.23682,0.123775,1.91332,0
18,1,1,10.0,6.89455e-07,1.42366e-07,3.8864e-05,0.236777,0.123639,1.91507,0
19,1,1,10.0,6.72113e-07,2.27102e-07,3.80609e-05,0.236756,0.123574,1.9159,0
20,1,1,10.0,5.61866e-07,2.49462e-07,3.65846e-05,0.236746,0.123543,1.9163,0
21,1,1,10.0,4.31121e-07,1.6513e-07,3.3767e-05,0.236741,0.123529,1.91649,0
22,1,1,10.0,2.70902e-07,3.29077e-08,2.94747e-05,0.236739,0.123522,1.91658,0
23,1,1,10.0,7.41632e-08,-1.81832e-07,2.36253e-05,0.236738,0.123519,1.91662,0
0,2,1,10.0,-3.28912e-09,-4.83755e-08,1.63247e-05,0.238326,0.128747,1.85111,0
1,2,1,10.0,1.87329e-07,2.05825e-07,1.61761e-05,0.2375,0.125964,1.88546,0
2,2,1,10.0,1.76817e-07,1.54432e-07,1.64636e-05,0.237104,0.124673,1.9018,0
3,2,1,10.0,1.74149e-07,1.29631e-07,1.70312e-05,0.236913,0.124065,1.90958,0
4,2,1,10.0,1.76307e-07,1.21276e-07,1.78265e-05,0.236822,0.123777,1.91329,0
5,2,1,10.0,1.7855e-07,1.22986e-07,1.88199e-05,0.236778,0.12364,1.91506,0
6,2,1,10.0,1.73611e-07,1.27352e-07,1.99953e-05,0.236757,0.123575,1.91589,0
7,2,1,10.0,1.63912e-07,1.32613e-07,2.1341e-05,0.236747,0.123544,1.91629,0
8,2,1,10.0,1.67259e-07,1.4986e-07,2.28491e-05,0.236742,0.12353,1.91648,0
9,2,1,10.0,1.46594e-07,9.88281e-08,2.4519e-05,0.236739,0.123522,1.91658,0
10,2,1,10.0,2.06897e-07,1.56671e-07,2.63341e-05,0.236738,0.123519,1.91661,0
11,2,1,10.0,2.30726e-07,1.00083e-07,2.8263e-05,0.236738,0.123518,1.91663,0
12,2,1,10.0,2.80566e-07,3.99804e-08,3.02195e-05,0.236738,0.123517,1.91664,0
13,2,1,10.0,1.93832e-07,-1.97655e-08,3.3818e-05,0.238306,0.128703,1.8516,0
14,2,1,10.0,-2.16733e-08,-1.98402e-07,3.53419e-05,0.237491,0.125944,1.88569,0
15,2,1,10.0,5.03623e-08,-1.13993e-07,3.63118e-05,0.237099,0.124664,1.90191,0
16,2,1,10.0,2.23157e-07,-4.62806e-08,3.67694e-05,0.236911,0.12406,1.90964,0
17,2,1,10.0,2.80181e-07,2.45213e-08,3.66399e-05,0.236821,0.123775,1.91331,0
18,2,1,10.0,2.4216e-07,7.81481e-08,3.60428e-05,0.236777,0.12364,1.91506,0
19,2,1,10.0,3.4454e-07,2.05931e-07,3.52344e-05,0.236756,0.123575,1.91589,0
20,2,1,10.0,3.17386e-07,2.23485e-07,3.38765e-05,0.236746,0.123544,1.9163,0
21,2,1,10.0,1.17747e-07,1.31519e-07,3.13399e-05,0.236742,0.123529,1.91648,0
22,2,1,10.0,-5.82885e-08,1.17054e-08,2.73609e-05,0.236739,0.123522,1.91657,0
23,2,1,10.0,-2.75781e-07,-1.71032e-07,2.1835e-05,0.236738,0.123519,1.91661,0
0,3,1,10.0,-5.15458e-09,-5.05724e-08,1.60186e-05,0.238326,0.128747,1.85111,0
1,3,1,10.0,2.08533e-07,2.03245e-07,1.5876e-05,0.2375,0.125964,1.88546,0
2,3,1,10.0,1.94514e-07,1.48846e-07,1.61485e-05,0.237104,0.124673,1.9018,0
3,3,1,10.0,1.86553e-07,1.21567e-07,1.66856e-05,0.236913,0.124065,1.90958,0
4,3,1,10.0,1.8174e-07,1.10244e-07,1.7434e-05,0.236822,0.123777,1.91329,0
5,3,1,10.0,1.75186e-07,1.08745e-07,1.83614e-05,0.236778,0.12364,1.91506,0
6,3,1,10.0,1.61686e-07,1.12727e-07,1.94483e-05,0.236757,0.123575,1.91589,0
7,3,1,10.0,1.45779e-07,1.17338e-07,2.06826e-05,0.236747,0.123544,1.91629,0
8,3,1,10.0,1.39255e-07,1.24439e-07,2.2058e-05,0.236742,0.12353,1.91648,0
9,3,1,10.0,1.33199e-07,1.42392e-07,2.35712e-05,0.236739,0.123522,1.91658,0
10,3,1,10.0,1.67526e-07,9.96665e-08,2.52322e-05,0.236738,0.123519,1.91661,0
11,3,1,10.0,1.48734e-07,4.7438e-08,2.6969e-05,0.236738,0.123518,1.91663,0
12,3,1,10.0,1.41594e-07,4.48032e-08,2.86922e-05,0.236738,0.123517,1.91664,0
13,3,1,10.0,-9.48921e-09,-4.70524e-08,3.16938e-05,0.238306,0.128703,1.8516,0
14,3,1,10.0,-2.65732e-07,-1.77827e-07,3.28808e-05,0.237491,0.125944,1.88569,0
15,3,1,10.0,-1.8732e-07,-1.01227e-07,3.3585e-05,0.237099,0.124664,1.90191,0
16,3,1,10.0,-1.1397e-07,-7.64535e-08,3.38309e-05,0.236911,0.12406,1.90964,0
17,3,1,10.0,-3.03909e-08,-2.87215e-08,3.36127e-05,0.236821,0.123775,1.91331,0
18,3,1,10.0,4.11714e-08,2.89156e-08,3.29623e-05,0.236777,0.12364,1.91506,0
19,3,1,10.0,2.05192e-07,1.09278e-07,3.20118e-05,0.236756,0.123575,1.91589,0
20,3,1,10.0,2.17011e-07,1.43724e-07,3.0741e-05,0.236746,0.123544,1.9163,0
21,3,1,10.0,7.27055e-08,1.23892e-07,2.85713e-05,0.236742,0.123529,1.91648,0
22,3,1,10.0,-9.69009e-08,4.67649e-08,2.49106e-05,0.236739,0.123522,1.91657,0
23,3,1,10.0,-2.9782e-07,-1.1026e-07,1.97361e-05,0.236738,0.123519,1.91661,0
0,4,1,10.0,-3.20468e-10,-5.23538e-08,1.56858e-05,0.238326,0.128747,1.85111,0
1,4,1,10.0,2.22344e-07,2.02976e-07,1.55507e-05,0.2375,0.125964,1.88546,0
2,4,1,10.0,2.0886e-07,1.45833e-07,1.58125e-05,0.237104,0.124673,1.9018,0
3,4,1,10.0,1.98075e-07,1.15187e-07,1.63268e-05,0.236913,0.124065,1.90958,0
4,4,1,10.0,1.87599e-07,1.00474e-07,1.70382e-05,0.236822,0.123777,1.91329,0
5,4,1,10.0,1.73646e-07,9.6195e-08,1.79109e-05,0.236778,0.12364,1.91506,0
6,4,1,10.0,1.53691e-07,9.70044e-08,1.89222e-05,0.236757,0.123575,1.91589,0
7,4,1,10.0,1.33295e-07,9.93311e-08,2.00586e-05,0.236747,0.123544,1.91629,0
8,4,1,10.0,1.19127e-07,1.09047e-07,2.13126e-05,0.236742,0.12353,1.91648,0
9,4,1,10.0,1.28993e-07,1.00136e-07,2.26808e-05,0.236739,0.123522,1.91658,0
10,4,1,10.0,9.38051e-08,7.38657e-08,2.41601e-05,0.236738,0.123519,1.91661,0
11,4,1,10.0,7.53201e-08,6.70248e-08,2.56735e-05,0.236738,0.123518,1.91663,0
12,4,1,10.0,-2.12773e-08,-1.69552e-08,2.71425e-05,0.236738,0.123517,1.91664,0
13,4,1,10.0,-1.30491e-07,-2.38296e-08,2.95894e-05,0.238306,0.128703,1.8516,0
14,4,1,10.0,-3.9595e-07,-1.44046e-07,3.05022e-05,0.237491,0.125944,1.88569,0
15,4,1,10.0,-3.68798e-07,-1.32559e-07,3.09965e-05,0.237099,0.124664,1.90191,0
16,4,1,10.0,-2.92575e-07,-8.79084e-08,3.10874e-05,0.236911,0.12406,1.90964,0
17,4,1,10.0,-2.35034e-07,-4.63833e-08,3.07652e-05,0.236821,0.123775,1.91331,0
18,4,1,10.0,-1.01515e-07,1.13925e-08,3.00567e-05,0.236777,0.12364,1.91506,0
19,4,1,10.0,-1.8696e-09,3.27902e-08,2.90377e-05,0.236756,0.123575,1.91589,0
20,4,1,10.0,8.94736e-08,1.31895e-07,2.77644e-05,0.236746,0.123544,1.9163,0
21,4,1,10.0,7.60858e-08,1.58459e-07,2.57183e-05,0.236742,0.123529,1.91648,0
22,4,1,10.0,-3.767e-08,8.44399e-08,2.22841e-05,0.236739,0.123522,1.91657,0
23,4,1,10.0,-2.05741e-07,-5.73554e-08,1.74436e-05,0.236738,0.123519,1.91661,0
0,5,1,10.0,9.58412e-09,-5.04128e-08,1.53629e-05,0.238326,0.128747,1.85111,0
1,5,1,10.0,2.28347e-07,2.06763e-07,1.52322e-05,0.2375,0.125964,1.88546,0
2,5,1,10.0,2.20146e-07,1.4531e-07,1.54892e-05,0.237104,0.124673,1.9018,0
3,5,1,10.0,2.08663e-07,1.10447e-07,1.59908e-05,0.236913,0.124065,1.90958,0
4,5,1,10.0,1.93676e-07,9.21938e-08,1.66782e-05,0.236822,0.123777,1.91329,0
5,5,1,10.0,1.7321e-07,8.50292e-08,1.7512e-05,0.236778,0.12364,1.91506,0
6,5,1,10.0,1.4776e-07,8.47765e-08,1.84671e-05,0.236757,0.123575,1.91589,0
7,5,1,10.0,1.23078e-07,8.47796e-08,1.9527e-05,0.236747,0.123544,1.91629,0
8,5,1,10.0,1.07254e-07,9.30691e-08,2.06799e-05,0.236742,0.12353,1.91648,0
9,5,1,10.0,1.02897e-07,8.41567e-08,2.19193e-05,0.236739,0.123522,1.91658,0
10,5,1,10.0,5.91244e-08,5.66837e-08,2.32155e-05,0.236738,0.123519,1.91661,0
11,5,1,10.0,2.89965e-08,2.27841e-08,2.45264e-05,0.236738,0.123517,1.91663,0
12,5,1,10.0,-9.71541e-08,4.25497e-09,2.57545e-05,0.236738,0.123517,1.91664,0
13,5,1,10.0,-2.13056e-07,-3.96799e-09,2.7738e-05,0.238306,0.128703,1.8516,0
14,5,1,10.0,-4.82429e-07,-1.16346e-07,2.84147e-05,0.237491,0.125944,1.88569,0
15,5,1,10.0,-4.64902e-07,-8.30452e-08,2.87293e-05,0.237099,0.124664,1.90191,0
16,5,1,10.0,-4.33806e-07,-6.61199e-08,2.86866e-05,0.236911,0.12406,1.90964,0
17,5,1,10.0,-3.67024e-07,-5.6192e-08,2.82684e-05,0.236821,0.123775,1.91331,0
18,5,1,10.0,-2.39952e-07,-2.45318e-08,2.74926e-05,0.236777,0.123639,1.91506,0
19,5,1,10.0,-1.23141e-07,8.34503e-09,2.64021e-05,0.236756,0.123575,1.91589,0
20,5,1,10.0,2.78762e-08,9.21615e-08,2.50434e-05,0.236746,0.123544,1.9163,0
21,5,1,10.0,1.13839e-07,1.26336e-07,2.29779e-05,0.236742,0.123529,1.91648,0
22,5,1,10.0,1.15708e-08,4.69969e-08,1.97131e-05,0.236739,0.123522,1.91657,0
23,5,1,10.0,-2.52202e-07,-1.74902e-07,1.52055e-05,0.236738,0.123519,1.91661,0
0,6,1,10.0,2.0258e-08,-5.78123e-08,1.50867e-05,0.238326,0.128747,1.85111,0
1,6,1,10.0,2.32146e-07,2.13759e-07,1.49429e-05,0.2375,0.125964,1.88546,0
2,6,1,10.0,2.30831e-07,1.46717e-07,1.52015e-05,0.237104,0.124673,1.9018,0
3,6,1,10.0,2.20038e-07,1.06429e-07,1.57031e-05,0.236913,0.124065,1.90958,0
4,6,1,10.0,2.02033e-07,8.43374e-08,1.63828e-05,0.236822,0.123777,1.91329,0
5,6,1,10.0,1.76582e-07,7.5523e-08,1.71974e-05,0.236778,0.12364,1.91506,0
6,6,1,10.0,1.4531e-07,7.26988e-08,1.81195e-05,0.236757,0.123575,1.91589,0
7,6,1,10.0,1.16196e-07,7.20156e-08,1.91302e-05,0.236747,0.123544,1.91629,0
8,6,1,10.0,9.67693e-08,8.02321e-08,2.02154e-05,0.236742,0.12353,1.91648,0
9,6,1,10.0,7.51239e-08,5.4422e-08,2.13546e-05,0.236739,0.123522,1.91658,0
10,6,1,10.0,4.57594e-08,5.04169e-08,2.25155e-05,0.236738,0.123519,1.91661,0
11,6,1,10.0,-2.87062e-08,2.5521e-08,2.36606e-05,0.236738,0.123518,1.91663,0
12,6,1,10.0,-1.06584e-07,-1.31841e-08,2.47062e-05,0.236738,0.123517,1.91664,0
13,6,1,10.0,-2.77139e-07,-2.86029e-08,2.63025e-05,0.238306,0.128703,1.8516,0
14,6,1,10.0,-5.0429e-07,-1.08856e-07,2.67837e-05,0.237491,0.125944,1.88569,0
15,6,1,10.0,-5.06622e-07,-8.15164e-08,2.69366e-05,0.237099,0.124664,1.90191,0
16,6,1,10.0,-5.12519e-07,-6.74304e-08,2.6759e-05,0.236911,0.12406,1.90964,0
17,6,1,10.0,-4.61525e-07,-4.58563e-08,2.62379e-05,0.236821,0.123775,1.91331,0
18,6,1,10.0,-3.55486e-07,-3.56999e-08,2.53874e-05,0.236777,0.12364,1.91506,0
19,6,1,10.0,-2.55702e-07,-4.49828e-08,2.41826e-05,0.236756,0.123575,1.91589,0
20,6,1,10.0,-1.26428e-07,-4.79032e-08,2.25712e-05,0.236746,0.123544,1.9163,0
21,6,1,10.0,-6.82826e-08,-6.34433e-08,2.03542e-05,0.236742,0.123529,1.91648,0
22,6,1,10.0,-1.5887e-07,-1.26922e-07,1.73282e-05,0.236739,0.123522,1.91657,0
23,6,1,10.0,-4.45201e-07,-2.5092e-07,1.34248e-05,0.236738,0.123519,1.91661,0
0,7,1,10.0,2.82724e-08,-5.58653e-08,1.4843e-05,0.238326,0.128747,1.85111,0
1,7,1,10.0,2.32178e-07,2.2623e-07,1.46791e-05,0.2375,0.125964,1.88546,0
2,7,1,10.0,2.36688e-07,1.51452e-07,1.49475e-05,0.237104,0.124673,1.9018,0
3,7,1,10.0,2.29094e-07,1.05855e-07,1.54638e-05,0.236913,0.124065,1.90958,0
4,7,1,10.0,2.0904e-07,8.02488e-08,1.61527e-05,0.236822,0.123777,1.91329,0
5,7,1,10.0,1.79823e-07,6.7986e-08,1.69685e-05,0.236778,0.12364,1.91506,0
6,7,1,10.0,1.44454e-07,6.44073e-08,1.78809e-05,0.236757,0.123575,1.91589,0
7,7,1,10.0,1.13829e-07,6.24641e-08,1.8872e-05,0.236747,0.123544,1.91629,0
8,7,1,10.0,8.91537e-08,6.29716e-08,1.99319e-05,0.236742,0.12353,1.91648,0
9,7,1,10.0,6.37642e-08,5.10025e-08,2.10235e-05,0.236739,0.123522,1.91658,0
10,7,1,10.0,4.23133e-08,3.88595e-08,2.21139e-05,0.236738,0.123519,1.91661,0
11,7,1,10.0,-6.78683e-08,-4.06202e-09,2.31412e-05,0.236738,0.123518,1.91663,0
12,7,1,10.0,-1.73303e-07,-1.78616e-08,2.40512e-05,0.236738,0.123517,1.91664,0
13,7,1,10.0,-3.22558e-07,-3.05823e-08,2.53478e-05,0.238306,0.128703,1.8516,0
14,7,1,10.0,-5.23942e-07,-9.45605e-08,2.56863e-05,0.237491,0.125944,1.88569,0
15,7,1,10.0,-5.39621e-07,-7.52759e-08,2.57033e-05,0.237099,0.124664,1.90191,0
16,7,1,10.0,-5.50894e-07,-5.6171e-08,2.53955e-05,0.236911,0.12406,1.90964,0
17,7,1,10.0,-5.00797e-07,-4.51034e-08,2.47797e-05,0.236821,0.123775,1.91331,0
18,7,1,10.0,-4.39672e-07,-5.61735e-08,2.38484e-05,0.236777,0.12364,1.91506,0
19,7,1,10.0,-3.76099e-07,-7.04897e-08,2.25619e-05,0.236756,0.123575,1.91589,0
20,7,1,10.0,-3.55988e-07,-9.06246e-08,2.08532e-05,0.236746,0.123544,1.9163,0
21,7,1,10.0,-3.69404e-07,-1.29131e-07,1.86235e-05,0.236742,0.123529,1.91648,0
22,7,1,10.0,-4.47609e-07,-1.8653e-07,1.57729e-05,0.236739,0.123522,1.91657,0
23,7,1,10.0,-5.95242e-07,-2.73239e-07,1.22258e-05,0.236738,0.123519,1.91661,0
0,8,1,10.0,3.15622e-08,-6.85403e-08,1.46292e-05,0.238326,0.128747,1.85111,0
1,8,1,10.0,2.4551e-07,2.41027e-07,1.44229e-05,0.2375,0.125964,1.88546,0
2,8,1,10.0,2.43888e-07,1.56722e-07,1.47043e-05,0.237104,0.124673,1.9018,0
3,8,1,10.0,2.33796e-07,1.05083e-07,1.52458e-05,0.236913,0.124065,1.90958,0
4,8,1,10.0,2.22727e-07,7.52587e-08,1.59595e-05,0.236822,0.123777,1.91329,0
5,8,1,10.0,1.93599e-07,6.19156e-08,1.6792e-05,0.236778,0.12364,1.91506,0
6,8,1,10.0,1.60026e-07,5.6249e-08,1.77135e-05,0.236757,0.123575,1.91589,0
7,8,1,10.0,1.38937e-07,4.88616e-08,1.87087e-05,0.236747,0.123544,1.91629,0
8,8,1,10.0,7.77203e-08,3.86852e-08,1.97709e-05,0.236742,0.12353,1.91648,0
9,8,1,10.0,3.13613e-08,4.41681e-08,2.08623e-05,0.236739,0.123522,1.91658,0
10,8,1,10.0,1.02795e-08,-1.0952e-08,2.19541e-05,0.236738,0.123519,1.91661,0
11,8,1,10.0,-6.96096e-08,-2.74897e-08,2.29198e-05,0.236738,0.123518,1.91663,0
12,8,1,10.0,-1.66433e-07,-2.43976e-08,2.37382e-05,0.236738,0.123517,1.91664,0
13,8,1,10.0,-3.2473e-07,-5.88188e-08,2.48317e-05,0.238306,0.128703,1.8516,0
14,8,1,10.0,-4.94315e-07,-1.11714e-07,2.50908e-05,0.237491,0.125944,1.88569,0
15,8,1,10.0,-5.11505e-07,-9.3086e-08,2.50057e-05,0.237099,0.124664,1.90191,0
16,8,1,10.0,-5.08653e-07,-7.92842e-08,2.4595e-05,0.236911,0.12406,1.90964,0
17,8,1,10.0,-4.95549e-07,-7.3918e-08,2.38842e-05,0.236821,0.123775,1.91331,0
18,8,1,10.0,-4.61599e-07,-8.20026e-08,2.28737e-05,0.236777,0.12364,1.91506,0
19,8,1,10.0,-4.40641e-07,-9.98398e-08,2.15205e-05,0.236756,0.123575,1.91589,0
20,8,1,10.0,-4.47782e-07,-1.22337e-07,1.97665e-05,0.236746,0.123544,1.9163,0
21,8,1,10.0,-4.88055e-07,-1.55376e-07,1.75546e-05,0.236742,0.123529,1.91648,0
22,8,1,10.0,-5.60483e-07,-2.08999e-07,1.48224e-05,0.236739,0.123522,1.91657,0
23,8,1,10.0,-6.61095e-07,-2.88046e-07,1.14952e-05,0.236738,0.123519,1.91661,0
0,9,1,10.0,1.63393e-08,-6.76632e-08,1.436e-05,0.238335,0.128769,1.85087,0
1,9,1,10.0,2.42856e-07,2.45153e-07,1.41286e-05,0.237519,0.126006,1.88498,0
2,9,1,10.0,2.27302e-07,1.54575e-07,1.44212e-05,0.237129,0.124729,1.90116,0
3,9,1,10.0,2.10071e-07,9.57312e-08,1.49857e-05,0.236943,0.12413,1.90883,0
4,9,1,10.0,1.87424e-07,6.1933e-08,1.57252e-05,0.236854,0.123847,1.91247,0
5,9,1,10.0,1.5901e-07,4.44517e-08,1.65789e-05,0.236811,0.123712,1.91421,0
6,9,1,10.0,1.30146e-07,3.43199e-08,1.75168e-05,0.236791,0.123649,1.91502,0
7,9,1,10.0,1.12769e-07,2.21404e-08,1.85255e-05,0.236782,0.123619,1.91541,0
8,9,1,10.0,5.30641e-08,3.23152e-08,1.95864e-05,0.236767,0.123584,1.91584,0
9,9,1,10.0,2.6653e-08,-1.25995e-08,2.0697e-05,0.238316,0.128724,1.85136,0
10,9,1,10.0,-1.15946e-07,-1.3606e-07,2.18226e-05,0.23751,0.125986,1.88521,0
11,9,1,10.0,-1.63414e-07,-1.35903e-07,2.27568e-05,0.237125,0.124719,1.90127,0
12,9,1,10.0,-2.84531e-07,-1.53365e-07,2.35013e-05,0.236941,0.124125,1.90888,0
13,9,1,10.0,-4.22355e-07,-1.41819e-07,2.44314e-05,0.238316,0.128725,1.85136,0
14,9,1,10.0,-6.58764e-07,-2.56131e-07,2.46556e-05,0.23751,0.125986,1.88521,0
15,9,1,10.0,-6.56762e-07,-2.20256e-07,2.4501e-05,0.237125,0.12472,1.90127,0
16,9,1,10.0,-6.39746e-07,-1.83017e-07,2.40108e-05,0.236941,0.124125,1.90889,0
17,9,1,10.0,-6.08629e-07,-1.66523e-07,2.3225e-05,0.236853,0.123845,1.9125,0
18,9,1,10.0,-6.00207e-07,-1.6224e-07,2.21433e-05,0.236811,0.123712,1.91421,0
19,9,1,10.0,-5.9714e-07,-1.64889e-07,2.07397e-05,0.236791,0.123649,1.91503,0
20,9,1,10.0,-6.12842e-07,-1.7759e-07,1.89683e-05,0.236781,0.123619,1.91542,0
21,9,1,10.0,-6.39655e-07,-1.98021e-07,1.67865e-05,0.236777,0.123605,1.9156,0
22,9,1,10.0,-6.98172e-07,-2.41711e-07,1.41422e-05,0.236775,0.123598,1.91568,0
23,9,1,10.0,-7.67576e-07,-3.07126e-07,1.09697e-05,0.236774,0.123595,1.91572,0
0,10,1,10.0,3.98961e-09,-7.53719e-08,1.39941e-05,0.238326,0.128747,1.85111,0
1,10,1,10.0,2.29908e-07,2.72532e-07,1.37709e-05,0.2375,0.125964,1.88546,0
2,10,1,10.0,2.0449e-07,1.7439e-07,1.4069e-05,0.237104,0.124673,1.9018,0
3,10,1,10.0,1.8144e-07,1.14712e-07,1.46438e-05,0.236913,0.124066,1.90958,0
4,10,1,10.0,1.57633e-07,7.71379e-08,1.53965e-05,0.236822,0.123778,1.91328,0
5,10,1,10.0,1.33335e-07,5.6796e-08,1.62647e-05,0.236778,0.123641,1.91505,0
6,10,1,10.0,1.1106e-07,4.2759e-08,1.72157e-05,0.236757,0.123576,1.91589,0
7,10,1,10.0,9.03778e-08,2.68908e-08,1.82319e-05,0.236747,0.123545,1.91628,0
8,10,1,10.0,5.9637e-08,3.23781e-08,1.92857e-05,0.236732,0.123509,1.91672,0
9,10,1,10.0,-2.34738e-08,6.3814e-09,2.03837e-05,0.238306,0.128702,1.85161,0
10,10,1,10.0,-1.01654e-07,-1.24987e-07,2.14637e-05,0.237491,0.125944,1.88569,0
11,10,1,10.0,-1.91715e-07,-1.17645e-07,2.23528e-05,0.2371,0.124664,1.90191,0
12,10,1,10.0,-2.5733e-07,-1.16733e-07,2.30285e-05,0.236911,0.124061,1.90963,0
13,10,1,10.0,-4.00001e-07,-8.65642e-08,2.38145e-05,0.238306,0.128703,1.8516,0
14,10,1,10.0,-6.10282e-07,-1.95744e-07,2.3968e-05,0.237491,0.125944,1.88568,0
15,10,1,10.0,-6.30603e-07,-1.61843e-07,2.37617e-05,0.2371,0.124664,1.90191,0
16,10,1,10.0,-6.10342e-07,-1.36635e-07,2.32368e-05,0.236911,0.124061,1.90964,0
17,10,1,10.0,-6.00976e-07,-1.24139e-07,2.24162e-05,0.236821,0.123776,1.91331,0
18,10,1,10.0,-6.05954e-07,-1.18751e-07,2.13012e-05,0.236778,0.12364,1.91506,0
19,10,1,10.0,-6.28506e-07,-1.24893e-07,1.98805e-05,0.236757,0.123575,1.91589,0
20,10,1,10.0,-6.55146e-07,-1.37814e-07,1.81228e-05,0.236747,0.123544,1.91629,0
21,10,1,10.0,-6.90387e-07,-1.69204e-07,1.59937e-05,0.236742,0.12353,1.91648,0
22,10,1,10.0,-7.37544e-07,-2.12756e-07,1.34437e-05,0.23674,0.123523,1.91656,0
23,10,1,10.0,-7.82662e-07,-2.84427e-07,1.04128e-05,0.236739,0.12352,1.91661,0
0,11,1,10.0,1.39511e-08,-8.00531e-08,1.35989e-05,0.238326,0.128747,1.85111,0
1,11,1,10.0,2.04235e-07,2.8653e-07,1.34216e-05,0.2375,0.125964,1.88546,0
2,11,1,10.0,1.94433e-07,1.89336e-07,1.3731e-05,0.237104,0.124673,1.9018,0
3,11,1,10.0,1.80442e-07,1.21574e-07,1.4317e-05,0.236913,0.124065,1.90958,0
4,11,1,10.0,1.63763e-07,7.83739e-08,1.5082e-05,0.236822,0.123777,1.91329,0
5,11,1,10.0,1.4941e-07,5.24497e-08,1.59643e-05,0.236778,0.12364,1.91506,0
6,11,1,10.0,1.36234e-07,3.1136e-08,1.69278e-05,0.236757,0.123575,1.91589,0
7,11,1,10.0,1.17649e-07,9.99796e-09,1.79475e-05,0.236747,0.123544,1.91629,0
8,11,1,10.0,9.58483e-08,1.43398e-08,1.89891e-05,0.236732,0.123509,1.91672,0
9,11,1,10.0,-2.32981e-09,-1.14123e-08,2.00432e-05,0.238306,0.128702,1.85161,0
10,11,1,10.0,-5.5615e-08,-1.24718e-07,2.10805e-05,0.237491,0.125944,1.88569,0
11,11,1,10.0,-1.19696e-07,-1.25429e-07,2.19191e-05,0.237099,0.124664,1.90191,0
12,11,1,10.0,-1.72028e-07,-1.29833e-07,2.25489e-05,0.236911,0.124061,1.90963,0
13,11,1,10.0,-2.90039e-07,-8.27794e-08,2.32075e-05,0.238306,0.128703,1.8516,0
14,11,1,10.0,-5.03536e-07,-1.7627e-07,2.32848e-05,0.237491,0.125944,1.88569,0
15,11,1,10.0,-5.27901e-07,-1.47206e-07,2.30219e-05,0.237099,0.124664,1.90191,0
16,11,1,10.0,-5.41102e-07,-1.23639e-07,2.24617e-05,0.236911,0.12406,1.90964,0
17,11,1,10.0,-5.53967e-07,-1.09731e-07,2.16145e-05,0.236821,0.123775,1.91331,0
18,11,1,10.0,-5.67332e-07,-1.06324e-07,2.04862e-05,0.236777,0.12364,1.91506,0
19,11,1,10.0,-5.92575e-07,-1.11972e-07,1.90652e-05,0.236756,0.123575,1.91589,0
20,11,1,10.0,-6.19268e-07,-1.30039e-07,1.73322e-05,0.236746,0.123544,1.9163,0
21,11,1,10.0,-6.51804e-07,-1.59086e-07,1.52565e-05,0.236742,0.123529,1.91648,0
22,11,1,10.0,-6.87539e-07,-2.03855e-07,1.27951e-05,0.236739,0.123522,1.91657,0
23,11,1,10.0,-7.17025e-07,-2.79802e-07,9.89626e-06,0.236738,0.123519,1.91661,0
0,12,1,10.0,3.30242e-08,-5.01698e-08,1.33316e-05,0.238326,0.128747,1.85111,0
1,12,1,10.0,1.48519e-07,3.14684e-07,1.31896e-05,0.2375,0.125964,1.88546,0
2,12,1,10.0,1.60647e-07,2.01038e-07,1.35209e-05,0.237104,0.124673,1.9018,0
3,12,1,10.0,1.61602e-07,1.26451e-07,1.41299e-05,0.236913,0.124065,1.90958,0
4,12,1,10.0,1.59274e-07,7.70483e-08,1.49193e-05,0.236822,0.123777,1.91329,0
5,12,1,10.0,1.58449e-07,4.31667e-08,1.58273e-05,0.236778,0.12364,1.91506,0
6,12,1,10.0,1.54782e-07,1.56123e-08,1.68125e-05,0.236757,0.123575,1.91589,0
7,12,1,10.0,1.38329e-07,-6.09464e-09,1.78416e-05,0.236747,0.123544,1.91629,0
8,12,1,10.0,1.34816e-07,-1.81188e-08,1.88738e-05,0.236732,0.123509,1.91672,0
9,12,1,10.0,5.68594e-08,-9.55698e-09,1.9889e-05,0.238306,0.128702,1.85161,0
10,12,1,10.0,-5.50255e-10,-1.48174e-07,2.08777e-05,0.237491,0.125944,1.88569,0
11,12,1,10.0,-6.2517e-08,-1.39823e-07,2.16745e-05,0.237099,0.124664,1.90191,0
12,12,1,10.0,-9.18235e-08,-1.2282e-07,2.22733e-05,0.236911,0.124061,1.90963,0
13,12,1,10.0,-2.09026e-07,-9.893e-08,2.28288e-05,0.238296,0.12868,1.85185,0
14,12,1,10.0,-3.92556e-07,-1.77357e-07,2.28247e-05,0.237472,0.125902,1.88616,0
15,12,1,10.0,-4.11579e-07,-1.4586e-07,2.25074e-05,0.237074,0.124608,1.90255,0
16,12,1,10.0,-4.29091e-07,-1.23057e-07,2.19039e-05,0.236881,0.123996,1.91039,0
17,12,1,10.0,-4.59046e-07,-9.88225e-08,2.10226e-05,0.236807,0.123745,1.91367,0
18,12,1,10.0,-4.98284e-07,-9.74475e-08,1.98723e-05,0.236771,0.123625,1.91523,0
19,12,1,10.0,-5.33747e-07,-1.0617e-07,1.84466e-05,0.236753,0.123568,1.91597,0
20,12,1,10.0,-5.65046e-07,-1.23531e-07,1.67297e-05,0.236745,0.12354,1.91634,0
21,12,1,10.0,-5.94289e-07,-1.53257e-07,1.46938e-05,0.236741,0.123528,1.9165,0
22,12,1,10.0,-6.17242e-07,-2.00923e-07,1.23034e-05,0.236739,0.123522,1.91658,0
23,12,1,10.0,-6.45822e-07,-2.78322e-07,9.50191e-06,0.236738,0.123519,1.91662,0
0,13,1,10.0,7.15426e-08,-6.61595e-08,1.32988e-05,0.238326,0.128747,1.85111,0
1,13,1,10.0,7.75539e-08,3.60922e-07,1.31781e-05,0.2375,0.125964,1.88546,0
2,13,1,10.0,1.19968e-07,2.34072e-07,1.35358e-05,0.237104,0.124673,1.9018,0
3,13,1,10.0,1.47624e-07,1.38571e-07,1.41849e-05,0.236913,0.124065,1.90958,0
4,13,1,10.0,1.64916e-07,8.31454e-08,1.50244e-05,0.236822,0.123777,1.91329,0
5,13,1,10.0,1.81104e-07,4.07413e-08,1.59854e-05,0.236778,0.12364,1.91506,0
6,13,1,10.0,1.90697e-07,1.18512e-08,1.7017e-05,0.236757,0.123575,1.91589,0
7,13,1,10.0,1.8057e-07,-1.93256e-08,1.80742e-05,0.236747,0.123544,1.91629,0
8,13,1,10.0,1.73808e-07,-3.32176e-08,1.91118e-05,0.236742,0.123529,1.91648,0
9,13,1,10.0,9.1793e-08,-3.43026e-08,2.00946e-05,0.236748,0.123541,1.91635,0
10,13,1,10.0,1.4081e-08,-2.50619e-08,2.09955e-05,0.236747,0.123537,1.9164,0
11,13,1,10.0,-7.79982e-09,-4.43284e-08,2.17599e-05,0.236744,0.12353,1.91648,0
12,13,1,10.0,-6.20688e-08,-6.66062e-08,2.23334e-05,0.236741,0.123525,1.91655,0
13,13,1,10.0,-1.73478e-07,-5.33098e-08,2.27821e-05,0.238316,0.128725,1.85136,0
14,13,1,10.0,-2.94062e-07,-9.73139e-08,2.26959e-05,0.23751,0.125986,1.88521,0
15,13,1,10.0,-3.33419e-07,-8.53596e-08,2.23249e-05,0.237125,0.12472,1.90127,0
16,13,1,10.0,-3.75886e-07,-7.89733e-08,2.16737e-05,0.236941,0.124125,1.90889,0
17,13,1,10.0,-4.2316e-07,-4.33175e-08,2.07412e-05,0.236835,0.123805,1.91296,0
18,13,1,10.0,-4.62474e-07,-5.00164e-08,1.95468e-05,0.236784,0.123654,1.91489,0
19,13,1,10.0,-4.98753e-07,-6.39112e-08,1.80962e-05,0.23676,0.123582,1.91581,0
20,13,1,10.0,-5.25257e-07,-8.85012e-08,1.63746e-05,0.236748,0.123547,1.91626,0
21,13,1,10.0,-5.41074e-07,-1.23389e-07,1.4356e-05,0.236742,0.123531,1.91646,0
22,13,1,10.0,-5.56674e-07,-1.79214e-07,1.20027e-05,0.23674,0.123523,1.91656,0
23,13,1,10.0,-5.71196e-07,-2.57487e-07,9.25411e-06,0.236738,0.123519,1.91661,0
0,14,1,10.0,1.88083e-07,-1.08973e-07,1.43498e-05,0.238326,0.128747,1.85111,0
1,14,1,10.0,-1.46255e-07,4.98573e-07,1.41182e-05,0.2375,0.125964,1.88546,0
2,14,1,10.0,2.60314e-08,3.28058e-07,1.45666e-05,0.237104,0.124673,1.9018,0
3,14,1,10.0,1.35265e-07,2.09424e-07,1.54143e-05,0.236913,0.124065,1.90958,0
4,14,1,10.0,2.13766e-07,1.27141e-07,1.65087e-05,0.236822,0.123777,1.91329,0
5,14,1,10.0,2.72509e-07,7.69995e-08,1.77371e-05,0.236778,0.12364,1.91506,0
6,14,1,10.0,3.085e-07,4.23461e-08,1.90104e-05,0.236757,0.123575,1.91589,0
7,14,1,10.0,3.09559e-07,1.60748e-08,2.0251e-05,0.236747,0.123544,1.91629,0
8,14,1,10.0,2.9383e-07,-2.76133e-09,2.13957e-05,0.236742,0.12353,1.91648,0
9,14,1,10.0,2.01356e-07,-4.31866e-09,2.23993e-05,0.236739,0.123522,1.91658,0
10,14,1,10.0,1.46456e-07,-5.06626e-09,2.32773e-05,0.236738,0.123519,1.91661,0
11,14,1,10.0,1.77493e-08,-2.62749e-08,2.39686e-05,0.236738,0.123518,1.91663,0
12,14,1,10.0,-4.50394e-08,-5.60209e-08,2.44083e-05,0.236738,0.123517,1.91664,0
13,14,1,10.0,-1.49934e-07,-3.21881e-08,2.44878e-05,0.238306,0.128703,1.8516,0
14,14,1,10.0,-2.70928e-07,-5.11563e-08,2.41778e-05,0.237491,0.125944,1.88569,0
15,14,1,10.0,-3.29804e-07,-3.4844e-08,2.35808e-05,0.237099,0.124664,1.90191,0
16,14,1,10.0,-3.78773e-07,-2.54236e-08,2.27037e-05,0.236911,0.12406,1.90964,0
17,14,1,10.0,-4.07966e-07,-1.7515e-08,2.15712e-05,0.236821,0.123775,1.91331,0
18,14,1,10.0,-4.2067e-07,-2.25468e-08,2.01972e-05,0.236777,0.12364,1.91506,0
19,14,1,10.0,-4.2606e-07,-4.09205e-08,1.85961e-05,0.236756,0.123575,1.91589,0
20,14,1,10.0,-4.27982e-07,-7.13344e-08,1.67605e-05,0.236746,0.123544,1.9163,0
21,14,1,10.0,-4.23044e-07,-1.15698e-07,1.46681e-05,0.236742,0.123529,1.91648,0
22,14,1,10.0,-4.07176e-07,-1.75283e-07,1.22615e-05,0.236739,0.123522,1.91657,0
23,14,1,10.0,-3.65514e-07,-2.666e-07,9.46902e-06,0.236738,0.123519,1.91661,0
0,15,1,10.0,2.6243e-07,-1.41391e-07,1.54936e-05,0.238326,0.128747,1.85111,0
1,15,1,10.0,-2.26842e-07,5.75915e-07,1.51328e-05,0.2375,0.125964,1.88546,0
2,15,1,10.0,-2.88254e-10,3.80051e-07,1.56659e-05,0.237104,0.124673,1.9018,0
3,15,1,10.0,1.2604e-07,2.4095e-07,1.66873e-05,0.236913,0.124065,1.90958,0
4,15,1,10.0,2.42504e-07,1.45462e-07,1.80121e-05,0.236822,0.123777,1.91329,0
5,15,1,10.0,3.19424e-07,8.08796e-08,1.94868e-05,0.236778,0.12364,1.91506,0
6,15,1,10.0,3.62422e-07,4.1983e-08,2.09819e-05,0.236757,0.123575,1.91589,0
7,15,1,10.0,3.56199e-07,7.41907e-09,2.23997e-05,0.236747,0.123544,1.91629,0
8,15,1,10.0,3.25956e-07,-1.9043e-08,2.36636e-05,0.236742,0.12353,1.91648,0
9,15,1,10.0,2.8985e-07,-7.14866e-10,2.47456e-05,0.236739,0.123522,1.91658,0
10,15,1,10.0,1.45729e-07,-3.24803e-08,2.56309e-05,0.236738,0.123519,1.91661,0
11,15,1,10.0,2.82444e-08,-3.54196e-08,2.62492e-05,0.236738,0.123518,1.91663,0
12,15,1,10.0,-3.64403e-08,-1.02844e-08,2.65933e-05,0.236738,0.123517,1.91664,0
13,15,1,10.0,-1.25149e-07,-1.37836e-08,2.64138e-05,0.238306,0.128703,1.8516,0
14,15,1,10.0,-2.1376e-07,-2.83849e-08,2.59503e-05,0.237491,0.125944,1.88569,0
15,15,1,10.0,-2.84625e-07,1.57547e-09,2.51844e-05,0.237099,0.124664,1.90191,0
16,15,1,10.0,-3.31098e-07,4.58643e-09,2.41435e-05,0.236911,0.12406,1.90964,0
17,15,1,10.0,-3.46537e-07,3.29928e-09,2.28462e-05,0.236821,0.123775,1.91331,0
18,15,1,10.0,-3.44218e-07,-6.68998e-09,2.13226e-05,0.236777,0.12364,1.91506,0
19,15,1,10.0,-3.30337e-07,-2.7382e-08,1.95854e-05,0.236756,0.123575,1.91589,0
20,15,1,10.0,-3.13514e-07,-6.58367e-08,1.76355e-05,0.236746,0.123544,1.9163,0
21,15,1,10.0,-3.056e-07,-1.13344e-07,1.5441e-05,0.236742,0.123529,1.91648,0
22,15,1,10.0,-2.8346e-07,-1.77809e-07,1.29364e-05,0.236739,0.123522,1.91657,0
23,15,1,10.0,-2.38675e-07,-2.78657e-07,1.00272e-05,0.236738,0.123519,1.91661,0
0,16,1,10.0,3.10433e-07,-1.92031e-07,1.69958e-05,0.238326,0.128747,1.85111,0
1,16,1,10.0,-2.5288e-07,6.2948e-07,1.64355e-05,0.2375,0.125964,1.88546,0
2,16,1,10.0,-2.74837e-08,3.72808e-07,1.70669e-05,0.237104,0.124673,1.9018,0
3,16,1,10.0,1.84586e-07,2.20918e-07,1.83143e-05,0.236913,0.124065,1.90958,0
4,16,1,10.0,2.76332e-07,1.16688e-07,1.99176e-05,0.236822,0.123777,1.91329,0
5,16,1,10.0,3.46009e-07,2.43289e-08,2.16904e-05,0.236778,0.12364,1.91506,0
6,16,1,10.0,3.82795e-07,-5.1988e-08,2.34555e-05,0.236757,0.123575,1.91589,0
7,16,1,10.0,3.66251e-07,-7.61894e-08,2.50884e-05,0.236747,0.123544,1.91629,0
8,16,1,10.0,4.16396e-07,-6.95859e-08,2.65191e-05,0.236742,0.12353,1.91648,0
9,16,1,10.0,3.40176e-07,-1.07035e-07,2.76908e-05,0.236739,0.123522,1.91658,0
10,16,1,10.0,1.26076e-07,-4.81523e-08,2.85447e-05,0.236738,0.123519,1.91661,0
11,16,1,10.0,8.82191e-08,-6.13982e-08,2.90968e-05,0.236738,0.123517,1.91663,0
12,16,1,10.0,-6.16958e-09,-5.49689e-08,2.93436e-05,0.236738,0.123517,1.91664,0
13,16,1,10.0,-4.59892e-08,-1.52613e-08,2.89037e-05,0.238306,0.128703,1.8516,0
14,16,1,10.0,-1.18035e-07,-3.00949e-08,2.82839e-05,0.237491,0.125944,1.88569,0
15,16,1,10.0,-1.82363e-07,-1.54408e-08,2.73313e-05,0.237099,0.124664,1.90191,0
16,16,1,10.0,-2.40039e-07,1.8034e-08,2.60891e-05,0.236911,0.12406,1.90964,0
17,16,1,10.0,-2.24634e-07,-4.67416e-09,2.45896e-05,0.236821,0.123775,1.91331,0
18,16,1,10.0,-1.50678e-07,-1.02655e-08,2.28934e-05,0.236777,0.123639,1.91506,0
19,16,1,10.0,-1.04577e-07,-4.45022e-08,2.09903e-05,0.236756,0.123575,1.91589,0
20,16,1,10.0,-9.79753e-08,-8.35516e-08,1.88956e-05,0.236746,0.123544,1.9163,0
21,16,1,10.0,-9.42351e-08,-1.26569e-07,1.65654e-05,0.236742,0.123529,1.91648,0
22,16,1,10.0,-9.25449e-08,-1.94287e-07,1.39131e-05,0.236739,0.123522,1.91657,0
23,16,1,10.0,-6.72032e-08,-2.95503e-07,1.08293e-05,0.236738,0.123519,1.91661,0
0,17,1,10.0,2.93578e-07,-1.9176e-07,1.85703e-05,0.238335,0.128769,1.85087,0
1,17,1,10.0,-2.43746e-07,6.63318e-07,1.78079e-05,0.237519,0.126006,1.88498,0
2,17,1,10.0,3.61729e-08,4.57927e-07,1.85517e-05,0.237129,0.124729,1.90116,0
3,17,1,10.0,1.84197e-07,1.8066e-07,2.00325e-05,0.236943,0.12413,1.90883,0
4,17,1,10.0,3.25889e-07,3.59216e-08,2.19302e-05,0.236854,0.123847,1.91247,0
5,17,1,10.0,3.44754e-07,-5.78688e-08,2.39853e-05,0.236811,0.123713,1.91421,0
6,17,1,10.0,3.45043e-07,-4.82702e-08,2.60073e-05,0.236791,0.123649,1.91502,0
7,17,1,10.0,3.50076e-07,-1.06252e-07,2.78551e-05,0.236782,0.123619,1.91541,0
8,17,1,10.0,3.2226e-07,-1.78776e-07,2.9439e-05,0.236777,0.123605,1.91559,0
9,17,1,10.0,1.54466e-07,-1.0866e-07,3.06428e-05,0.236775,0.123598,1.91569,0
10,17,1,10.0,1.01365e-07,-8.41634e-08,3.14603e-05,0.236774,0.123595,1.91572,0
11,17,1,10.0,8.80527e-09,-7.42342e-08,3.19564e-05,0.236773,0.123593,1.91574,0
12,17,1,10.0,-9.35059e-08,3.11681e-10,3.20997e-05,0.236773,0.123593,1.91575,0
13,17,1,10.0,-9.09229e-08,-5.32472e-08,3.14455e-05,0.238316,0.128725,1.85136,0
14,17,1,10.0,-1.53355e-07,-4.48201e-08,3.06874e-05,0.23751,0.125986,1.88521,0
15,17,1,10.0,-2.20001e-07,1.36696e-08,2.95562e-05,0.237125,0.12472,1.90127,0
16,17,1,10.0,-2.57916e-07,1.17357e-08,2.81083e-05,0.236931,0.124104,1.90914,0
17,17,1,10.0,-2.11967e-07,5.08802e-08,2.63803e-05,0.238316,0.128725,1.85136,0
18,17,1,10.0,-3.33166e-07,1.32203e-07,2.4395e-05,0.23751,0.125986,1.88521,0
19,17,1,10.0,-2.51378e-07,7.99628e-08,2.23213e-05,0.237125,0.12472,1.90127,0
20,17,1,10.0,-2.01767e-07,4.15769e-08,2.00977e-05,0.236941,0.124125,1.90889,0
21,17,1,10.0,-1.98752e-07,-3.07381e-08,1.76421e-05,0.236853,0.123845,1.9125,0
22,17,1,10.0,-1.89114e-07,-9.17113e-08,1.48472e-05,0.236811,0.123712,1.91421,0
23,17,1,10.0,-1.35847e-07,-2.16323e-07,1.15915e-05,0.236791,0.123649,1.91503,0
0,18,1,10.0,2.22307e-07,-2.89552e-07,1.99352e-05,0.238326,0.128747,1.85111,0
1,18,1,10.0,-1.41528e-07,7.46961e-07,1.896e-05,0.2375,0.125964,1.88546,0
2,18,1,10.0,5.40744e-08,3.82096e-07,1.97958e-05,0.237104,0.124673,1.9018,0
3,18,1,10.0,2.41119e-07,2.13731e-07,2.1476e-05,0.236913,0.124066,1.90958,0
4,18,1,10.0,2.49816e-07,8.4106e-08,2.35807e-05,0.236822,0.123778,1.91328,0
5,18,1,10.0,2.71497e-07,1.63114e-08,2.5846e-05,0.236778,0.123641,1.91505,0
6,18,1,10.0,2.29524e-07,-8.5544e-08,2.80414e-05,0.236757,0.123576,1.91589,0
7,18,1,10.0,1.69749e-07,-1.21573e-07,3.00207e-05,0.236747,0.123545,1.91628,0
8,18,1,10.0,9.71536e-08,-1.25406e-07,3.16636e-05,0.236742,0.12353,1.91647,0
9,18,1,10.0,3.28115e-08,-5.51715e-08,3.2871e-05,0.23674,0.123523,1.91657,0
10,18,1,10.0,-2.15701e-08,-1.09824e-07,3.36681e-05,0.236739,0.12352,1.91661,0
11,18,1,10.0,-1.88314e-07,4.42441e-08,3.40725e-05,0.236738,0.123518,1.91663,0
12,18,1,10.0,-2.19073e-07,-2.86357e-08,3.41409e-05,0.236738,0.123517,1.91664,0
13,18,1,10.0,-2.01934e-07,-2.58716e-08,3.33423e-05,0.238306,0.128703,1.8516,0
14,18,1,10.0,-2.31626e-07,-1.16447e-08,3.25029e-05,0.237491,0.125944,1.88568,0
15,18,1,10.0,-2.46093e-07,-6.07565e-09,3.12603e-05,0.2371,0.124664,1.90191,0
16,18,1,10.0,-2.89895e-07,5.33048e-08,2.96702e-05,0.236901,0.12404,1.90988,0
17,18,1,10.0,-2.59695e-07,-2.55162e-08,2.77694e-05,0.238306,0.128703,1.8516,0
18,18,1,10.0,-2.94284e-07,1.39281e-07,2.55517e-05,0.237491,0.125944,1.88568,0
19,18,1,10.0,-2.32387e-07,5.38129e-08,2.33496e-05,0.2371,0.124664,1.90191,0
20,18,1,10.0,-2.16711e-07,-9.89118e-09,2.10373e-05,0.236911,0.124061,1.90964,0
21,18,1,10.0,-2.27896e-07,-3.78236e-08,1.84842e-05,0.236821,0.123776,1.91331,0
22,18,1,10.0,-2.0557e-07,-1.33611e-07,1.55859e-05,0.236778,0.12364,1.91506,0
23,18,1,10.0,-1.61283e-07,-2.55441e-07,1.22063e-05,0.236757,0.123575,1.91589,0
0,19,1,10.0,7.1384e-08,-1.21646e-07,2.06983e-05,0.238326,0.128747,1.85111,0
1,19,1,10.0,1.01619e-08,7.46507e-07,1.96367e-05,0.2375,0.125964,1.88546,0
2,19,1,10.0,1.77462e-07,5.16087e-07,2.05487e-05,0.237104,0.124673,1.9018,0
3,19,1,10.0,1.68599e-07,2.46376e-07,2.23344e-05,0.236913,0.124065,1.90958,0
4,19,1,10.0,2.4271e-07,9.28088e-08,2.45573e-05,0.236822,0.123777,1.91329,0
5,19,1,10.0,1.60745e-07,1.6173e-09,2.69108e-05,0.236778,0.12364,1.91506,0
6,19,1,10.0,6.12013e-08,-1.12528e-08,2.9134e-05,0.236757,0.123575,1.91589,0
7,19,1,10.0,-8.67452e-09,-8.75735e-08,3.11159e-05,0.236747,0.123544,1.91629,0
8,19,1,10.0,-1.15359e-07,-1.99578e-08,3.27511e-05,0.236742,0.12353,1.91648,0
9,19,1,10.0,-1.18281e-07,-1.15379e-07,3.39663e-05,0.236739,0.123522,1.91658,0
10,19,1,10.0,-2.64262e-07,-7.8818e-08,3.4718e-05,0.236738,0.123519,1.91661,0
11,19,1,10.0,-2.50548e-07,5.93935e-08,3.50531e-05,0.236738,0.123518,1.91663,0
12,19,1,10.0,-3.25137e-07,-4.85015e-09,3.50678e-05,0.236738,0.123517,1.91664,0
13,19,1,10.0,-2.56849e-07,-1.62621e-08,3.42553e-05,0.238306,0.128703,1.8516,0
14,19,1,10.0,-2.84685e-07,-2.55717e-08,3.34124e-05,0.237491,0.125944,1.88569,0
15,19,1,10.0,-3.17612e-07,1.3131e-09,3.21454e-05,0.237099,0.124664,1.90191,0
16,19,1,10.0,-3.3334e-07,6.54153e-08,3.05083e-05,0.236901,0.124039,1.90989,0
17,19,1,10.0,-3.23045e-07,1.09244e-08,2.85447e-05,0.238306,0.128703,1.8516,0
18,19,1,10.0,-2.37225e-07,9.18355e-08,2.62435e-05,0.237491,0.125944,1.88569,0
19,19,1,10.0,-2.34347e-07,6.04729e-08,2.39867e-05,0.237099,0.124664,1.90191,0
20,19,1,10.0,-2.46935e-07,1.96811e-09,2.16238e-05,0.236911,0.12406,1.90964,0
21,19,1,10.0,-2.4723e-07,-5.63016e-08,1.90205e-05,0.236821,0.123775,1.91331,0
22,19,1,10.0,-2.28308e-07,-1.44457e-07,1.60686e-05,0.236777,0.12364,1.91506,0
23,19,1,10.0,-2.18026e-07,-2.69654e-07,1.26106e-05,0.236756,0.123575,1.91589,0
0,20,1,10.0,-2.54517e-08,-3.21963e-07,2.08148e-05,0.238326,0.128747,1.85111,0
1,20,1,10.0,1.76634e-07,8.46188e-07,1.9692e-05,0.2375,0.125964,1.88546,0
2,20,1,10.0,1.62781e-07,4.58697e-07,2.06162e-05,0.237104,0.124673,1.9018,0
3,20,1,10.0,9.63969e-08,2.5651e-07,2.23953e-05,0.236913,0.124065,1.90958,0
4,20,1,10.0,6.79677e-08,1.2476e-07,2.46018e-05,0.236822,0.123777,1.91329,0
5,20,1,10.0,-1.53406e-07,3.83557e-08,2.68619e-05,0.236778,0.12364,1.91506,0
6,20,1,10.0,-1.82885e-07,-1.08384e-07,2.89851e-05,0.236757,0.123575,1.91589,0
7,20,1,10.0,-2.98034e-07,-2.78153e-08,3.08785e-05,0.236747,0.123544,1.91629,0
8,20,1,10.0,-3.99001e-07,-1.24681e-07,3.24377e-05,0.236742,0.12353,1.91648,0
9,20,1,10.0,-4.99818e-07,-1.67559e-07,3.36015e-05,0.236739,0.123522,1.91658,0
10,20,1,10.0,-4.80404e-07,-1.95678e-08,3.4298e-05,0.236738,0.123519,1.91661,0
11,20,1,10.0,-5.24139e-07,-6.73244e-08,3.46406e-05,0.236738,0.123517,1.91663,0
12,20,1,10.0,-4.502e-07,2.17085e-08,3.4703e-05,0.236738,0.123517,1.91664,0
13,20,1,10.0,-4.12781e-07,-1.53163e-08,3.4035e-05,0.238306,0.128703,1.8516,0
14,20,1,10.0,-4.01003e-07,-3.36237e-08,3.32845e-05,0.237491,0.125944,1.88569,0
15,20,1,10.0,-3.99545e-07,5.72673e-08,3.20822e-05,0.237099,0.124664,1.90191,0
16,20,1,10.0,-4.01031e-07,4.81098e-08,3.0516e-05,0.236901,0.124039,1.90989,0
17,20,1,10.0,-3.77227e-07,2.40095e-08,2.8621e-05,0.238306,0.128703,1.8516,0
18,20,1,10.0,-1.72185e-07,1.3946e-07,2.63803e-05,0.237491,0.125944,1.88569,0
19,20,1,10.0,-2.37838e-07,5.09185e-08,2.4147e-05,0.237099,0.124664,1.90191,0
20,20,1,10.0,-2.75875e-07,5.69748e-09,2.17865e-05,0.236911,0.12406,1.90964,0
21,20,1,10.0,-2.82365e-07,-6.45688e-08,1.91838e-05,0.236821,0.123775,1.91331,0
22,20,1,10.0,-2.78568e-07,-1.51537e-07,1.62248e-05,0.236777,0.123639,1.91506,0
23,20,1,10.0,-2.80063e-07,-2.63138e-07,1.27445e-05,0.236756,0.123575,1.91589,0
0,21,1,10.0,-1.75396e-07,-2.81559e-07,2.01859e-05,0.238326,0.128747,1.85111,0
1,21,1,10.0,2.95211e-07,7.73578e-07,1.90838e-05,0.2375,0.125964,1.88546,0
2,21,1,10.0,5.23606e-08,4.76956e-07,1.99334e-05,0.237104,0.124673,1.9018,0
3,21,1,10.0,7.03057e-09,2.53936e-07,2.15969e-05,0.236913,0.124065,1.90958,0
4,21,1,10.0,-2.34013e-07,8.22686e-08,2.36207e-05,0.236822,0.123777,1.91329,0
5,21,1,10.0,-2.85678e-07,-7.43478e-08,2.56541e-05,0.236778,0.12364,1.91506,0
6,21,1,10.0,-4.39361e-07,-3.53364e-08,2.75809e-05,0.236757,0.123575,1.91589,0
7,21,1,10.0,-5.51593e-07,-1.06434e-07,2.92805e-05,0.236747,0.123544,1.91629,0
8,21,1,10.0,-6.21928e-07,-1.49606e-07,3.06988e-05,0.236742,0.12353,1.91648,0
9,21,1,10.0,-7.66194e-07,-1.02504e-07,3.17431e-05,0.236739,0.123522,1.91658,0
10,21,1,10.0,-7.18295e-07,-8.88556e-08,3.24429e-05,0.236738,0.123519,1.91661,0
11,21,1,10.0,-6.71005e-07,-3.41801e-09,3.2854e-05,0.236738,0.123518,1.91663,0
12,21,1,10.0,-6.73859e-07,-5.50132e-11,3.30564e-05,0.236738,0.123517,1.91664,0
13,21,1,10.0,-4.72718e-07,-2.93219e-08,3.2776e-05,0.238306,0.128703,1.8516,0
14,21,1,10.0,-4.95293e-07,-4.35688e-08,3.21759e-05,0.237491,0.125944,1.88569,0
15,21,1,10.0,-4.53467e-07,-2.63186e-08,3.11245e-05,0.237099,0.124664,1.90191,0
16,21,1,10.0,-4.39281e-07,4.05951e-08,2.97159e-05,0.236901,0.124039,1.90989,0
17,21,1,10.0,-4.41608e-07,-1.77516e-08,2.80056e-05,0.238306,0.128703,1.8516,0
18,21,1,10.0,-8.69229e-08,6.85123e-08,2.5983e-05,0.237491,0.125944,1.88569,0
19,21,1,10.0,-2.1281e-07,3.27492e-08,2.38378e-05,0.237099,0.124664,1.90191,0
20,21,1,10.0,-2.71046e-07,-9.22789e-09,2.15219e-05,0.236911,0.12406,1.90964,0
21,21,1,10.0,-2.88263e-07,-6.48047e-08,1.89599e-05,0.236821,0.123775,1.91331,0
22,21,1,10.0,-2.93848e-07,-1.42316e-07,1.60363e-05,0.236777,0.12364,1.91506,0
23,21,1,10.0,-3.13276e-07,-2.7381e-07,1.25948e-05,0.236756,0.123575,1.91589,0
0,22,1,10.0,-2.72125e-07,-2.90032e-07,1.89269e-05,0.238326,0.128747,1.85111,0
1,22,1,10.0,2.7998e-07,7.97165e-07,1.79497e-05,0.2375,0.125964,1.88546,0
2,22,1,10.0,7.24306e-08,4.63611e-07,1.8684e-05,0.237104,0.124673,1.9018,0
3,22,1,10.0,-1.89052e-07,2.42095e-07,2.0136e-05,0.236913,0.124065,1.90958,0
4,22,1,10.0,-3.77518e-07,9.42243e-08,2.18648e-05,0.236822,0.123777,1.91329,0
5,22,1,10.0,-4.87883e-07,2.09664e-08,2.36374e-05,0.236778,0.12364,1.91506,0
6,22,1,10.0,-5.87026e-07,-1.0434e-08,2.52967e-05,0.236757,0.123575,1.91589,0
7,22,1,10.0,-6.51307e-07,-3.23874e-08,2.67782e-05,0.236747,0.123544,1.91629,0
8,22,1,10.0,-8.59343e-07,-2.90846e-08,2.80152e-05,0.236742,0.12353,1.91648,0
9,22,1,10.0,-8.8766e-07,-1.2675e-08,2.89676e-05,0.236739,0.123522,1.91658,0
10,22,1,10.0,-8.02149e-07,3.71301e-08,2.97088e-05,0.236738,0.123519,1.91661,0
11,22,1,10.0,-7.07451e-07,3.69744e-08,3.02463e-05,0.236738,0.123518,1.91663,0
12,22,1,10.0,-7.22753e-07,5.43231e-08,3.06089e-05,0.236738,0.123517,1.91664,0
13,22,1,10.0,-5.99799e-07,-1.93877e-08,3.08418e-05,0.238316,0.128724,1.85136,0
14,22,1,10.0,-6.42547e-07,-6.53883e-08,3.03524e-05,0.237106,0.124678,1.90175,0
15,22,1,10.0,-5.74442e-07,-3.7949e-08,2.94761e-05,0.236915,0.12407,1.90953,0
16,22,1,10.0,-5.47602e-07,3.61809e-08,2.82561e-05,0.236813,0.123759,1.9135,0
17,22,1,10.0,-5.56315e-07,-1.07341e-08,2.67675e-05,0.238306,0.128703,1.8516,0
18,22,1,10.0,-2.86779e-07,2.65827e-08,2.50283e-05,0.237491,0.125944,1.88569,0
19,22,1,10.0,-3.45928e-07,1.34574e-08,2.30265e-05,0.237099,0.124664,1.90191,0
20,22,1,10.0,-3.73102e-07,-1.99809e-08,2.08086e-05,0.236911,0.12406,1.90964,0
21,22,1,10.0,-3.73051e-07,-6.90966e-08,1.83279e-05,0.236821,0.123775,1.91331,0
22,22,1,10.0,-3.78725e-07,-1.58219e-07,1.54904e-05,0.236777,0.12364,1.91506,0
23,22,1,10.0,-3.89937e-07,-2.67825e-07,1.21444e-05,0.236756,0.123575,1.91589,0
0,23,1,10.0,-2.80937e-07,-2.57502e-07,1.74732e-05,0.238326,0.128747,1.85111,0
1,23,1,10.0,2.1001e-07,8.11312e-07,1.66952e-05,0.2375,0.125964,1.88546,0
2,23,1,10.0,-8.1814e-08,5.06616e-07,1.73118e-05,0.237104,0.124673,1.9018,0
3,23,1,10.0,-2.96625e-07,3.14229e-07,1.85096e-05,0.236913,0.124065,1.90958,0
4,23,1,10.0,-4.56702e-07,1.84983e-07,1.99688e-05,0.236822,0.123777,1.91329,0
5,23,1,10.0,-5.66357e-07,1.29611e-07,2.14735e-05,0.236778,0.12364,1.91506,0
6,23,1,10.0,-6.58045e-07,1.03686e-07,2.29038e-05,0.236757,0.123575,1.91589,0
7,23,1,10.0,-7.67065e-07,9.45626e-08,2.41914e-05,0.236747,0.123544,1.91629,0
8,23,1,10.0,-8.45894e-07,8.92104e-08,2.52875e-05,0.236742,0.12353,1.91648,0
9,23,1,10.0,-8.03821e-07,1.18122e-07,2.6221e-05,0.236739,0.123522,1.91658,0
10,23,1,10.0,-7.97056e-07,8.06659e-08,2.70237e-05,0.236738,0.123519,1.91661,0
11,23,1,10.0,-6.9025e-07,1.0116e-07,2.76832e-05,0.236738,0.123518,1.91663,0
12,23,1,10.0,-6.28303e-07,1.11708e-07,2.81878e-05,0.236738,0.123517,1.91664,0
13,23,1,10.0,-6.264e-07,3.1951e-08,2.85388e-05,0.238306,0.128702,1.85161,0
14,23,1,10.0,-6.93711e-07,-2.3178e-08,2.82919e-05,0.237099,0.124664,1.90191,0
15,23,1,10.0,-6.36202e-07,1.4347e-08,2.75738e-05,0.236911,0.124061,1.90963,0
16,23,1,10.0,-5.76341e-07,7.93952e-08,2.65276e-05,0.236811,0.123754,1.91356,0
17,23,1,10.0,-5.65489e-07,4.07962e-08,2.52251e-05,0.238306,0.128703,1.8516,0
18,23,1,10.0,-3.65207e-07,4.07275e-08,2.36946e-05,0.237491,0.125944,1.88569,0
19,23,1,10.0,-3.81914e-07,2.85121e-08,2.186e-05,0.237099,0.124664,1.90191,0
20,23,1,10.0,-3.81923e-07,3.28027e-09,1.97699e-05,0.236911,0.12406,1.90964,0
21,23,1,10.0,-3.80994e-07,-5.58425e-08,1.74079e-05,0.236821,0.123775,1.91331,0
22,23,1,10.0,-3.79795e-07,-1.35689e-07,1.4685e-05,0.236777,0.12364,1.91506,0
23,23,1,10.0,-3.80062e-07,-2.56793e-07,1.14836e-05,0.236756,0.123575,1.91589,0
0,0,2,10.0,1.81141e-09,-1.29474e-07,1.60287e-05,0.238368,0.134681,1.76987,0
1,0,2,10.0,4.74733e-08,1.84794e-07,1.59104e-05,0.237583,0.134603,1.76507,0
2,0,2,10.0,4.53171e-08,5.01664e-08,1.62048e-05,0.237214,0.134564,1.76283,0
3,0,2,10.0,4.75631e-08,-4.24385e-08,1.67724e-05,0.237041,0.134546,1.76179,0
4,0,2,10.0,4.93225e-08,-1.05873e-07,1.75667e-05,0.236959,0.134536,1.7613,0
5,0,2,10.0,5.22601e-08,-1.58581e-07,1.85596e-05,0.236921,0.134532,1.76107,0
6,0,2,10.0,5.47355e-08,-2.14041e-07,1.97373e-05,0.236903,0.13453,1.76097,0
7,0,2,10.0,5.33666e-08,-2.8502e-07,2.10851e-05,0.236894,0.134529,1.76092,0
8,0,2,10.0,5.61404e-08,-3.67155e-07,2.25843e-05,0.23689,0.134528,1.7609,0
9,0,2,10.0,7.30322e-08,-4.58824e-07,2.42177e-05,0.236888,0.134528,1.76089,0
10,0,2,10.0,7.89177e-08,-6.13809e-07,2.60025e-05,0.236887,0.134528,1.76088,0
11,0,2,10.0,5.55453e-08,-8.11075e-07,2.78993e-05,0.236887,0.134528,1.76088,0
12,0,2,10.0,1.29641e-07,-1.0404e-06,2.97807e-05,0.236887,0.134528,1.76088,0
13,0,2,10.0,1.09375e-07,-1.40889e-06,3.34365e-05,0.238349,0.134676,1.7698,0
14,0,2,10.0,1.09411e-07,-1.79567e-06,3.50404e-05,0.237574,0.1346,1.76504,0
15,0,2,10.0,1.52307e-07,-1.63611e-06,3.61695e-05,0.23721,0.134563,1.76282,0
16,0,2,10.0,1.57937e-07,-1.44871e-06,3.67206e-05,0.237038,0.134545,1.76178,0
17,0,2,10.0,1.23808e-07,-1.39795e-06,3.65598e-05,0.236958,0.134536,1.7613,0
18,0,2,10.0,1.26265e-07,-1.33634e-06,3.60031e-05,0.23692,0.134532,1.76107,0
19,0,2,10.0,1.89729e-07,-1.13165e-06,3.52839e-05,0.236903,0.13453,1.76097,0
20,0,2,10.0,1.8552e-07,-1.06403e-06,3.38176e-05,0.236894,0.134529,1.76092,0
21,0,2,10.0,1.22058e-07,-1.15544e-06,3.10203e-05,0.23689,0.134528,1.7609,0
22,0,2,10.0,8.50646e-08,-1.29822e-06,2.69322e-05,0.236888,0.134528,1.76089,0
23,0,2,10.0,4.28119e-08,-1.5435e-06,2.14955e-05,0.236888,0.134528,1.76088,0
0,1,2,10.0,2.49536e-09,-9.26937e-08,1.58103e-05,0.238377,0.134684,1.7699,0
1,1,2,10.0,1.50918e-07,4.27927e-07,1.57206e-05,0.237601,0.134608,1.76513,0
2,1,2,10.0,1.47183e-07,3.19484e-07,1.59953e-05,0.237238,0.134571,1.76292,0
3,1,2,10.0,1.53572e-07,2.60513e-07,1.65297e-05,0.237069,0.134554,1.76189,0
4,1,2,10.0,1.63926e-07,2.34037e-07,1.72795e-05,0.236989,0.134545,1.76141,0
5,1,2,10.0,1.76522e-07,2.28731e-07,1.82186e-05,0.236952,0.134541,1.76119,0
6,1,2,10.0,1.86975e-07,2.27676e-07,1.933e-05,0.236935,0.134539,1.76109,0
7,1,2,10.0,1.98314e-07,2.27787e-07,2.0597e-05,0.236927,0.134538,1.76104,0
8,1,2,10.0,2.1508e-07,2.30027e-07,2.20073e-05,0.236923,0.134538,1.76102,0
9,1,2,10.0,2.38252e-07,2.24548e-07,2.35467e-05,0.236921,0.134538,1.761,0
10,1,2,10.0,2.98575e-07,1.81801e-07,2.52205e-05,0.236921,0.134537,1.761,0
11,1,2,10.0,3.09194e-07,8.30766e-08,2.6971e-05,0.23692,0.134537,1.761,0
12,1,2,10.0,3.68262e-07,-4.58765e-08,2.87532e-05,0.23692,0.134537,1.761,0
13,1,2,10.0,4.07638e-07,-1.86312e-07,3.20539e-05,0.238359,0.134679,1.76983,0
14,1,2,10.0,3.74303e-07,-5.50049e-07,3.34688e-05,0.237592,0.134605,1.7651,0
15,1,2,10.0,4.54151e-07,-4.17801e-07,3.44154e-05,0.237234,0.13457,1.7629,0
16,1,2,10.0,5.19842e-07,-2.57599e-07,3.48532e-05,0.237067,0.134553,1.76188,0
17,1,2,10.0,5.08541e-07,-1.8673e-07,3.47066e-05,0.236989,0.134545,1.76141,0
18,1,2,10.0,5.40375e-07,-1.2108e-07,3.41247e-05,0.236952,0.134541,1.76119,0
19,1,2,10.0,6.30803e-07,1.32147e-08,3.33342e-05,0.236935,0.134539,1.76109,0
20,1,2,10.0,6.04977e-07,9.87037e-08,3.18927e-05,0.236927,0.134538,1.76104,0
21,1,2,10.0,4.24599e-07,-1.13609e-08,2.92783e-05,0.236923,0.134538,1.76102,0
22,1,2,10.0,2.87389e-07,-3.22747e-07,2.54208e-05,0.236921,0.134538,1.76101,0
23,1,2,10.0,1.20087e-07,-7.95939e-07,2.0227e-05,0.236921,0.134537,1.761,0
0,2,2,10.0,-5.96501e-09,-1.0319e-07,1.55571e-05,0.238377,0.134684,1.7699,0
1,2,2,10.0,1.79284e-07,4.14095e-07,1.54771e-05,0.237601,0.134608,1.76513,0
2,2,2,10.0,1.66056e-07,3.02195e-07,1.57377e-05,0.237238,0.134571,1.76292,0
3,2,2,10.0,1.60993e-07,2.39517e-07,1.62431e-05,0.237069,0.134554,1.76189,0
4,2,2,10.0,1.6084e-07,2.08773e-07,1.69509e-05,0.23699,0.134545,1.76141,0
5,2,2,10.0,1.60189e-07,1.9776e-07,1.78337e-05,0.236953,0.134541,1.76119,0
6,2,2,10.0,1.55648e-07,1.9392e-07,1.88722e-05,0.236935,0.134539,1.76109,0
7,2,2,10.0,1.51709e-07,1.91829e-07,2.00518e-05,0.236927,0.134538,1.76104,0
8,2,2,10.0,1.44667e-07,1.88998e-07,2.13613e-05,0.236924,0.134538,1.76102,0
9,2,2,10.0,1.75431e-07,1.9192e-07,2.27886e-05,0.236922,0.134538,1.76101,0
10,2,2,10.0,1.72348e-07,8.94049e-08,2.43433e-05,0.236921,0.134538,1.761,0
11,2,2,10.0,2.18611e-07,3.86006e-08,2.59604e-05,0.236921,0.134538,1.761,0
12,2,2,10.0,1.80027e-07,-1.57925e-07,2.75706e-05,0.23692,0.134538,1.761,0
13,2,2,10.0,1.82792e-07,-2.89099e-07,3.04674e-05,0.238359,0.134679,1.76983,0
14,2,2,10.0,4.98352e-08,-6.41072e-07,3.16434e-05,0.237592,0.134605,1.7651,0
15,2,2,10.0,1.10757e-07,-5.37213e-07,3.2378e-05,0.237234,0.13457,1.7629,0
16,2,2,10.0,1.84211e-07,-4.64304e-07,3.26574e-05,0.237067,0.134553,1.76188,0
17,2,2,10.0,2.4936e-07,-3.63976e-07,3.24663e-05,0.236989,0.134545,1.76141,0
18,2,2,10.0,2.89048e-07,-2.65192e-07,3.18683e-05,0.236952,0.134541,1.76119,0
19,2,2,10.0,3.75283e-07,-9.45981e-08,3.09485e-05,0.236935,0.134539,1.76109,0
20,2,2,10.0,3.52672e-07,4.5429e-09,2.95913e-05,0.236927,0.134538,1.76104,0
21,2,2,10.0,2.03847e-07,-9.60175e-08,2.72924e-05,0.236923,0.134538,1.76102,0
22,2,2,10.0,5.94697e-08,-3.45048e-07,2.36879e-05,0.236922,0.134538,1.76101,0
23,2,2,10.0,-1.18292e-07,-7.48478e-07,1.87716e-05,0.236921,0.134538,1.761,0
0,3,2,10.0,-6.79348e-09,-1.07055e-07,1.52521e-05,0.238377,0.134684,1.7699,0
1,3,2,10.0,2.07706e-07,4.0743e-07,1.51773e-05,0.237601,0.134608,1.76513,0
2,3,2,10.0,1.90669e-07,2.89843e-07,1.54252e-05,0.237238,0.134571,1.76292,0
3,3,2,10.0,1.79272e-07,2.2151e-07,1.5904e-05,0.237069,0.134554,1.76189,0
4,3,2,10.0,1.71042e-07,1.84922e-07,1.65713e-05,0.23699,0.134545,1.76141,0
5,3,2,10.0,1.61937e-07,1.68446e-07,1.73972e-05,0.236953,0.134541,1.76119,0
6,3,2,10.0,1.49332e-07,1.59477e-07,1.83615e-05,0.236935,0.134539,1.76109,0
7,3,2,10.0,1.35694e-07,1.55096e-07,1.9449e-05,0.236927,0.134538,1.76104,0
8,3,2,10.0,1.27441e-07,1.58568e-07,2.06493e-05,0.236924,0.134538,1.76102,0
9,3,2,10.0,1.46776e-07,1.34912e-07,2.19614e-05,0.236922,0.134538,1.76101,0
10,3,2,10.0,1.32636e-07,7.29717e-08,2.33675e-05,0.236921,0.134538,1.761,0
11,3,2,10.0,1.4535e-07,-5.48875e-08,2.48277e-05,0.236921,0.134538,1.761,0
12,3,2,10.0,9.18337e-08,-2.13236e-07,2.62394e-05,0.23692,0.134538,1.761,0
13,3,2,10.0,5.8558e-08,-3.29765e-07,2.86875e-05,0.238359,0.134679,1.76983,0
14,3,2,10.0,-1.03155e-07,-6.23801e-07,2.96157e-05,0.237592,0.134605,1.7651,0
15,3,2,10.0,-6.53249e-08,-5.77307e-07,3.0153e-05,0.237234,0.13457,1.7629,0
16,3,2,10.0,9.60359e-09,-5.0987e-07,3.02915e-05,0.237067,0.134553,1.76188,0
17,3,2,10.0,6.9256e-08,-4.63253e-07,3.00266e-05,0.236989,0.134545,1.76141,0
18,3,2,10.0,1.5119e-07,-3.27659e-07,2.93777e-05,0.236952,0.134541,1.76119,0
19,3,2,10.0,2.05878e-07,-2.62226e-07,2.83871e-05,0.236935,0.134539,1.76109,0
20,3,2,10.0,2.7923e-07,-1.43441e-07,2.70663e-05,0.236927,0.134538,1.76104,0
21,3,2,10.0,2.17354e-07,-1.33139e-07,2.49617e-05,0.236924,0.134538,1.76102,0
22,3,2,10.0,8.23755e-08,-3.2002e-07,2.16035e-05,0.236922,0.134538,1.76101,0
23,3,2,10.0,-9.20498e-08,-6.98993e-07,1.69835e-05,0.236921,0.134538,1.761,0
0,4,2,10.0,-2.6024e-09,-1.10828e-07,1.49194e-05,0.238377,0.134684,1.7699,0
1,4,2,10.0,2.27573e-07,4.05317e-07,1.48485e-05,0.237601,0.134608,1.76513,0
2,4,2,10.0,2.09497e-07,2.82435e-07,1.50865e-05,0.237238,0.134571,1.76292,0
3,4,2,10.0,1.93479e-07,2.07221e-07,1.55441e-05,0.237069,0.134554,1.76189,0
4,4,2,10.0,1.78495e-07,1.63562e-07,1.61774e-05,0.23699,0.134545,1.76141,0
5,4,2,10.0,1.6166e-07,1.40449e-07,1.69548e-05,0.236953,0.134541,1.76119,0
6,4,2,10.0,1.41291e-07,1.2765e-07,1.78539e-05,0.236935,0.134539,1.76109,0
7,4,2,10.0,1.22337e-07,1.20389e-07,1.88588e-05,0.236927,0.134538,1.76104,0
8,4,2,10.0,1.18603e-07,1.12996e-07,1.9959e-05,0.236924,0.134538,1.76102,0
9,4,2,10.0,1.02736e-07,9.60407e-08,2.11481e-05,0.236922,0.134538,1.76101,0
10,4,2,10.0,1.09046e-07,2.07553e-08,2.24078e-05,0.236921,0.134538,1.761,0
11,4,2,10.0,5.67535e-08,-1.23347e-07,2.36908e-05,0.236921,0.134538,1.761,0
12,4,2,10.0,4.14352e-08,-1.98926e-07,2.49061e-05,0.23692,0.134538,1.761,0
13,4,2,10.0,-5.17531e-08,-3.3898e-07,2.69287e-05,0.238359,0.134679,1.76983,0
14,4,2,10.0,-2.11258e-07,-6.05844e-07,2.76401e-05,0.237592,0.134605,1.7651,0
15,4,2,10.0,-1.73861e-07,-5.36669e-07,2.80056e-05,0.237234,0.13457,1.7629,0
16,4,2,10.0,-1.35277e-07,-5.31948e-07,2.80234e-05,0.237067,0.134553,1.76188,0
17,4,2,10.0,-7.20865e-08,-4.67838e-07,2.76752e-05,0.236989,0.134545,1.76141,0
18,4,2,10.0,-2.12222e-08,-4.18971e-07,2.69627e-05,0.236952,0.134541,1.76119,0
19,4,2,10.0,8.68598e-08,-3.08381e-07,2.59052e-05,0.236935,0.134539,1.76109,0
20,4,2,10.0,1.8565e-07,-2.37508e-07,2.44768e-05,0.236927,0.134538,1.76104,0
21,4,2,10.0,2.04322e-07,-2.18516e-07,2.24625e-05,0.236923,0.134538,1.76102,0
22,4,2,10.0,8.09118e-08,-3.73318e-07,1.9307e-05,0.236922,0.134538,1.76101,0
23,4,2,10.0,-1.29524e-07,-6.94106e-07,1.49651e-05,0.236921,0.134538,1.761,0
0,5,2,10.0,4.50073e-09,-1.12376e-07,1.45938e-05,0.238377,0.134684,1.7699,0
1,5,2,10.0,2.38283e-07,4.12657e-07,1.4516e-05,0.237601,0.134608,1.76513,0
2,5,2,10.0,2.22456e-07,2.80739e-07,1.47475e-05,0.237238,0.134571,1.76292,0
3,5,2,10.0,2.03505e-07,1.96887e-07,1.51917e-05,0.237069,0.134554,1.76189,0
4,5,2,10.0,1.82728e-07,1.45801e-07,1.58018e-05,0.23699,0.134545,1.76141,0
5,5,2,10.0,1.5939e-07,1.1701e-07,1.65444e-05,0.236953,0.134541,1.76119,0
6,5,2,10.0,1.32719e-07,9.96681e-08,1.73951e-05,0.236935,0.134539,1.76109,0
7,5,2,10.0,1.09803e-07,8.95555e-08,1.8336e-05,0.236927,0.134538,1.76104,0
8,5,2,10.0,9.69425e-08,7.81638e-08,1.93545e-05,0.236924,0.134538,1.76102,0
9,5,2,10.0,7.86993e-08,4.71945e-08,2.04331e-05,0.236922,0.134538,1.76101,0
10,5,2,10.0,7.03835e-08,-1.34866e-08,2.15574e-05,0.236921,0.134538,1.761,0
11,5,2,10.0,-9.14705e-09,-1.39335e-07,2.26662e-05,0.236921,0.134538,1.761,0
12,5,2,10.0,-1.3908e-08,-2.15491e-07,2.37139e-05,0.23692,0.134538,1.761,0
13,5,2,10.0,-1.53226e-07,-3.21722e-07,2.53547e-05,0.238359,0.134679,1.76983,0
14,5,2,10.0,-3.02579e-07,-5.47497e-07,2.58883e-05,0.237592,0.134605,1.7651,0
15,5,2,10.0,-2.79565e-07,-5.27293e-07,2.611e-05,0.237234,0.13457,1.7629,0
16,5,2,10.0,-2.66411e-07,-5.09405e-07,2.60106e-05,0.237067,0.134553,1.76188,0
17,5,2,10.0,-2.36849e-07,-4.7855e-07,2.55713e-05,0.236989,0.134545,1.76141,0
18,5,2,10.0,-1.39787e-07,-4.01091e-07,2.4794e-05,0.236952,0.134541,1.76119,0
19,5,2,10.0,-6.39252e-08,-3.9693e-07,2.36824e-05,0.236935,0.134539,1.76109,0
20,5,2,10.0,9.33797e-09,-3.31324e-07,2.21843e-05,0.236927,0.134538,1.76104,0
21,5,2,10.0,5.11505e-08,-3.24824e-07,2.00932e-05,0.236923,0.134538,1.76102,0
22,5,2,10.0,-4.22599e-08,-4.52371e-07,1.71438e-05,0.236922,0.134538,1.76101,0
23,5,2,10.0,-3.15125e-07,-8.23359e-07,1.32672e-05,0.236921,0.134538,1.761,0
0,6,2,10.0,1.19861e-08,-1.21956e-07,1.42763e-05,0.238377,0.134684,1.7699,0
1,6,2,10.0,2.46596e-07,4.26151e-07,1.41918e-05,0.237601,0.134608,1.76513,0
2,6,2,10.0,2.33042e-07,2.82712e-07,1.44229e-05,0.237238,0.134571,1.76292,0
3,6,2,10.0,2.12325e-07,1.87961e-07,1.48641e-05,0.237069,0.134554,1.76189,0
4,6,2,10.0,1.87792e-07,1.28479e-07,1.54652e-05,0.23699,0.134545,1.76141,0
5,6,2,10.0,1.58432e-07,9.38447e-08,1.61903e-05,0.236953,0.134541,1.76119,0
6,6,2,10.0,1.26759e-07,7.27092e-08,1.70131e-05,0.236935,0.134539,1.76109,0
7,6,2,10.0,9.9252e-08,5.72199e-08,1.79142e-05,0.236927,0.134538,1.76104,0
8,6,2,10.0,7.19435e-08,3.52579e-08,1.8878e-05,0.236924,0.134538,1.76102,0
9,6,2,10.0,5.83695e-08,1.52173e-08,1.98776e-05,0.236922,0.134538,1.76101,0
10,6,2,10.0,2.91934e-08,-6.90533e-08,2.08998e-05,0.236921,0.134538,1.761,0
11,6,2,10.0,-1.59841e-08,-1.46021e-07,2.18749e-05,0.236921,0.134538,1.761,0
12,6,2,10.0,-1.47252e-07,-2.29957e-07,2.27631e-05,0.23692,0.134538,1.761,0
13,6,2,10.0,-2.26204e-07,-3.14028e-07,2.40951e-05,0.238359,0.134679,1.76983,0
14,6,2,10.0,-3.76592e-07,-5.0179e-07,2.44777e-05,0.237592,0.134605,1.7651,0
15,6,2,10.0,-3.9095e-07,-4.90255e-07,2.4566e-05,0.237234,0.13457,1.7629,0
16,6,2,10.0,-3.91702e-07,-4.84174e-07,2.4351e-05,0.237067,0.134553,1.76188,0
17,6,2,10.0,-3.3947e-07,-4.4711e-07,2.3825e-05,0.236989,0.134545,1.76141,0
18,6,2,10.0,-2.73668e-07,-4.44237e-07,2.29864e-05,0.236952,0.134541,1.76119,0
19,6,2,10.0,-2.14676e-07,-4.43737e-07,2.18047e-05,0.236935,0.134539,1.76109,0
20,6,2,10.0,-1.72663e-07,-4.79691e-07,2.02266e-05,0.236927,0.134538,1.76104,0
21,6,2,10.0,-1.62955e-07,-5.37412e-07,1.81247e-05,0.236924,0.134538,1.76102,0
22,6,2,10.0,-2.57763e-07,-6.73026e-07,1.53636e-05,0.236922,0.134538,1.76101,0
23,6,2,10.0,-4.4639e-07,-8.82326e-07,1.1876e-05,0.236921,0.134538,1.761,0
0,7,2,10.0,1.651e-08,-1.29757e-07,1.3989e-05,0.238377,0.134684,1.7699,0
1,7,2,10.0,2.51681e-07,4.47304e-07,1.38764e-05,0.237601,0.134608,1.76513,0
2,7,2,10.0,2.39043e-07,2.85617e-07,1.4111e-05,0.237238,0.134571,1.76292,0
3,7,2,10.0,2.17082e-07,1.78832e-07,1.45608e-05,0.237069,0.134554,1.76189,0
4,7,2,10.0,1.89582e-07,1.11628e-07,1.51679e-05,0.23699,0.134545,1.76141,0
5,7,2,10.0,1.56799e-07,7.186e-08,1.58928e-05,0.236953,0.134541,1.76119,0
6,7,2,10.0,1.20934e-07,4.76907e-08,1.67082e-05,0.236935,0.134539,1.76109,0
7,7,2,10.0,8.79516e-08,2.72091e-08,1.75933e-05,0.236927,0.134538,1.76104,0
8,7,2,10.0,5.38556e-08,1.07771e-08,1.85348e-05,0.236924,0.134538,1.76102,0
9,7,2,10.0,5.73223e-08,-2.32678e-08,1.95018e-05,0.236922,0.134538,1.76101,0
10,7,2,10.0,-5.30136e-08,-1.23943e-07,2.04538e-05,0.236921,0.134538,1.761,0
11,7,2,10.0,-7.2002e-08,-1.71173e-07,2.13498e-05,0.236921,0.134538,1.761,0
12,7,2,10.0,-1.54182e-07,-2.30596e-07,2.212e-05,0.23692,0.134538,1.761,0
13,7,2,10.0,-2.93797e-07,-2.83273e-07,2.32185e-05,0.238359,0.134679,1.76983,0
14,7,2,10.0,-4.29857e-07,-4.70653e-07,2.34852e-05,0.237592,0.134605,1.7651,0
15,7,2,10.0,-4.45057e-07,-4.57773e-07,2.34586e-05,0.237234,0.13457,1.7629,0
16,7,2,10.0,-4.48824e-07,-4.32747e-07,2.31387e-05,0.237067,0.134553,1.76188,0
17,7,2,10.0,-4.23859e-07,-4.29075e-07,2.25321e-05,0.236989,0.134545,1.76141,0
18,7,2,10.0,-3.69976e-07,-4.26809e-07,2.16267e-05,0.236952,0.134541,1.76119,0
19,7,2,10.0,-3.35466e-07,-4.70888e-07,2.03917e-05,0.236935,0.134539,1.76109,0
20,7,2,10.0,-3.28835e-07,-5.20911e-07,1.87746e-05,0.236927,0.134538,1.76104,0
21,7,2,10.0,-3.5886e-07,-6.03058e-07,1.67014e-05,0.236924,0.134538,1.76102,0
22,7,2,10.0,-4.32254e-07,-7.12777e-07,1.40917e-05,0.236922,0.134538,1.76101,0
23,7,2,10.0,-5.73291e-07,-9.01926e-07,1.08821e-05,0.236921,0.134538,1.761,0
0,8,2,10.0,1.95881e-08,-1.45543e-07,1.36845e-05,0.238377,0.134684,1.7699,0
1,8,2,10.0,2.67789e-07,4.74121e-07,1.35535e-05,0.237601,0.134608,1.76513,0
2,8,2,10.0,2.54027e-07,2.94127e-07,1.37982e-05,0.237238,0.134571,1.76292,0
3,8,2,10.0,2.31699e-07,1.74247e-07,1.42661e-05,0.237069,0.134554,1.76189,0
4,8,2,10.0,2.03807e-07,9.70329e-08,1.48915e-05,0.23699,0.134545,1.76141,0
5,8,2,10.0,1.69994e-07,5.19756e-08,1.56302e-05,0.236953,0.134541,1.76119,0
6,8,2,10.0,1.32622e-07,2.30199e-08,1.6453e-05,0.236935,0.134539,1.76109,0
7,8,2,10.0,1.06675e-07,-8.93484e-10,1.734e-05,0.236927,0.134538,1.76104,0
8,8,2,10.0,5.81506e-08,-3.47432e-08,1.82803e-05,0.236924,0.134538,1.76102,0
9,8,2,10.0,1.32905e-08,-8.78701e-08,1.92468e-05,0.236922,0.134538,1.76101,0
10,8,2,10.0,-1.30929e-08,-1.39638e-07,2.01905e-05,0.236921,0.134538,1.761,0
11,8,2,10.0,-1.1433e-07,-2.18733e-07,2.10403e-05,0.236921,0.134538,1.761,0
12,8,2,10.0,-1.70982e-07,-2.86892e-07,2.17507e-05,0.23692,0.134538,1.761,0
13,8,2,10.0,-3.11828e-07,-3.18203e-07,2.26827e-05,0.238359,0.134679,1.76983,0
14,8,2,10.0,-4.43825e-07,-4.58945e-07,2.28859e-05,0.237592,0.134605,1.7651,0
15,8,2,10.0,-4.64396e-07,-4.41794e-07,2.27757e-05,0.237234,0.13457,1.7629,0
16,8,2,10.0,-4.65713e-07,-4.30121e-07,2.23677e-05,0.237067,0.134553,1.76188,0
17,8,2,10.0,-4.46418e-07,-4.14348e-07,2.16812e-05,0.236989,0.134545,1.76141,0
18,8,2,10.0,-4.22732e-07,-4.44686e-07,2.07146e-05,0.236952,0.134541,1.76119,0
19,8,2,10.0,-4.07971e-07,-4.83351e-07,1.94356e-05,0.236935,0.134539,1.76109,0
20,8,2,10.0,-4.19069e-07,-5.38938e-07,1.78009e-05,0.236927,0.134538,1.76104,0
21,8,2,10.0,-4.58333e-07,-6.12276e-07,1.5761e-05,0.236924,0.134538,1.76102,0
22,8,2,10.0,-5.32004e-07,-7.29557e-07,1.32609e-05,0.236922,0.134538,1.76101,0
23,8,2,10.0,-6.20821e-07,-8.78947e-07,1.02407e-05,0.236921,0.134538,1.761,0
0,9,2,10.0,1.11277e-08,-1.50764e-07,1.33603e-05,0.238386,0.134687,1.76993,0
1,9,2,10.0,2.69962e-07,5.01549e-07,1.31955e-05,0.237619,0.134613,1.7652,0
2,9,2,10.0,2.4566e-07,3.03536e-07,1.34489e-05,0.237262,0.134578,1.76301,0
3,9,2,10.0,2.18414e-07,1.65888e-07,1.39359e-05,0.237097,0.134562,1.76199,0
4,9,2,10.0,1.87747e-07,7.69848e-08,1.45821e-05,0.23702,0.134554,1.76152,0
5,9,2,10.0,1.52709e-07,2.13642e-08,1.53377e-05,0.236984,0.13455,1.7613,0
6,9,2,10.0,1.17567e-07,-1.4291e-08,1.61724e-05,0.236967,0.134549,1.7612,0
7,9,2,10.0,9.3609e-08,-5.21627e-08,1.70681e-05,0.23696,0.134548,1.76116,0
8,9,2,10.0,3.41544e-08,-9.34034e-08,1.80086e-05,0.236947,0.134545,1.7611,0
9,9,2,10.0,-1.04729e-08,-1.41223e-07,1.89745e-05,0.238368,0.134681,1.76987,0
10,9,2,10.0,-8.24108e-08,-4.69495e-07,1.99562e-05,0.23761,0.134611,1.76517,0
11,9,2,10.0,-1.85668e-07,-4.98069e-07,2.07716e-05,0.237258,0.134577,1.76299,0
12,9,2,10.0,-2.44424e-07,-5.21844e-07,2.14271e-05,0.237095,0.134561,1.76198,0
13,9,2,10.0,-3.77269e-07,-4.82901e-07,2.22374e-05,0.238368,0.134681,1.76987,0
14,9,2,10.0,-5.91228e-07,-7.93745e-07,2.2414e-05,0.23761,0.134611,1.76517,0
15,9,2,10.0,-5.97454e-07,-7.36524e-07,2.22433e-05,0.237258,0.134577,1.76299,0
16,9,2,10.0,-5.84791e-07,-6.67146e-07,2.17708e-05,0.237095,0.134561,1.76198,0
17,9,2,10.0,-5.64157e-07,-6.42514e-07,2.10224e-05,0.237019,0.134554,1.76152,0
18,9,2,10.0,-5.52273e-07,-6.30405e-07,2.00031e-05,0.236984,0.13455,1.7613,0
19,9,2,10.0,-5.49867e-07,-6.47622e-07,1.86953e-05,0.236967,0.134549,1.7612,0
20,9,2,10.0,-5.64157e-07,-6.71995e-07,1.70592e-05,0.23696,0.134548,1.76115,0
21,9,2,10.0,-5.98656e-07,-7.30715e-07,1.50581e-05,0.236956,0.134547,1.76113,0
22,9,2,10.0,-6.52268e-07,-8.0837e-07,1.26458e-05,0.236954,0.134547,1.76112,0
23,9,2,10.0,-7.21216e-07,-9.52129e-07,9.76797e-06,0.236954,0.134547,1.76112,0
0,10,2,10.0,-6.40576e-11,-1.67211e-07,1.29327e-05,0.238377,0.134684,1.7699,0
1,10,2,10.0,2.57946e-07,5.42123e-07,1.27861e-05,0.237601,0.134608,1.76513,0
2,10,2,10.0,2.29361e-07,3.33839e-07,1.30479e-05,0.237238,0.134571,1.76292,0
3,10,2,10.0,1.99078e-07,1.88845e-07,1.35473e-05,0.237069,0.134554,1.76189,0
4,10,2,10.0,1.66574e-07,9.14811e-08,1.42064e-05,0.23699,0.134546,1.76141,0
5,10,2,10.0,1.34877e-07,2.86926e-08,1.49728e-05,0.236953,0.134541,1.76119,0
6,10,2,10.0,1.02615e-07,-1.5034e-08,1.58147e-05,0.236936,0.13454,1.76109,0
7,10,2,10.0,7.37826e-08,-6.11189e-08,1.67121e-05,0.236928,0.134539,1.76104,0
8,10,2,10.0,3.33528e-08,-1.00973e-07,1.76432e-05,0.236915,0.134535,1.76098,0
9,10,2,10.0,2.25468e-09,-1.61859e-07,1.85967e-05,0.238359,0.134679,1.76983,0
10,10,2,10.0,-1.34222e-07,-4.42171e-07,1.95411e-05,0.237592,0.134605,1.7651,0
11,10,2,10.0,-1.68759e-07,-4.86954e-07,2.03171e-05,0.237234,0.13457,1.7629,0
12,10,2,10.0,-2.26006e-07,-5.02472e-07,2.09234e-05,0.237067,0.134553,1.76188,0
13,10,2,10.0,-3.55744e-07,-4.56368e-07,2.16239e-05,0.238359,0.134679,1.76983,0
14,10,2,10.0,-5.51545e-07,-7.57742e-07,2.17402e-05,0.237592,0.134605,1.7651,0
15,10,2,10.0,-5.6232e-07,-7.01001e-07,2.15277e-05,0.237234,0.13457,1.7629,0
16,10,2,10.0,-5.54911e-07,-6.55289e-07,2.10241e-05,0.237067,0.134553,1.76188,0
17,10,2,10.0,-5.49729e-07,-6.21481e-07,2.02491e-05,0.236989,0.134545,1.76141,0
18,10,2,10.0,-5.54376e-07,-6.09573e-07,1.92111e-05,0.236953,0.134541,1.76119,0
19,10,2,10.0,-5.74341e-07,-6.21002e-07,1.79e-05,0.236936,0.134539,1.76109,0
20,10,2,10.0,-5.98438e-07,-6.50764e-07,1.62877e-05,0.236927,0.134539,1.76104,0
21,10,2,10.0,-6.34037e-07,-7.03849e-07,1.43419e-05,0.236924,0.134538,1.76102,0
22,10,2,10.0,-6.81182e-07,-7.89963e-07,1.20221e-05,0.236922,0.134538,1.76101,0
23,10,2,10.0,-7.33836e-07,-9.19105e-07,9.27681e-06,0.236921,0.134538,1.761,0
0,11,2,10.0,1.71384e-08,-1.44937e-07,1.25399e-05,0.238377,0.134684,1.7699,0
1,11,2,10.0,2.53621e-07,5.8742e-07,1.23966e-05,0.237601,0.134608,1.76513,0
2,11,2,10.0,2.2763e-07,3.62426e-07,1.26646e-05,0.237238,0.134571,1.76292,0
3,11,2,10.0,2.00637e-07,2.02696e-07,1.31723e-05,0.237069,0.134554,1.76189,0
4,11,2,10.0,1.7205e-07,9.15905e-08,1.38394e-05,0.23699,0.134545,1.76141,0
5,11,2,10.0,1.45014e-07,1.44317e-08,1.46138e-05,0.236953,0.134541,1.76119,0
6,11,2,10.0,1.18973e-07,-4.20232e-08,1.546e-05,0.236935,0.134539,1.76109,0
7,11,2,10.0,9.25176e-08,-9.9657e-08,1.63573e-05,0.236927,0.134538,1.76104,0
8,11,2,10.0,5.05766e-08,-1.49964e-07,1.7274e-05,0.236914,0.134535,1.76098,0
9,11,2,10.0,2.99771e-08,-1.88685e-07,1.82105e-05,0.238358,0.134679,1.76983,0
10,11,2,10.0,-9.05568e-08,-4.74721e-07,1.91084e-05,0.237592,0.134605,1.7651,0
11,11,2,10.0,-1.15012e-07,-5.20532e-07,1.98528e-05,0.237234,0.13457,1.7629,0
12,11,2,10.0,-1.5267e-07,-5.3161e-07,2.04198e-05,0.237067,0.134553,1.76188,0
13,11,2,10.0,-2.75018e-07,-4.75027e-07,2.10145e-05,0.238359,0.134679,1.76983,0
14,11,2,10.0,-4.65281e-07,-7.53712e-07,2.10683e-05,0.237592,0.134605,1.7651,0
15,11,2,10.0,-4.89176e-07,-6.97598e-07,2.08097e-05,0.237234,0.13457,1.7629,0
16,11,2,10.0,-5.09093e-07,-6.58913e-07,2.02761e-05,0.237067,0.134553,1.76188,0
17,11,2,10.0,-5.11141e-07,-6.13483e-07,1.9487e-05,0.236989,0.134545,1.76141,0
18,11,2,10.0,-5.2023e-07,-6.01271e-07,1.84464e-05,0.236952,0.134541,1.76119,0
19,11,2,10.0,-5.47182e-07,-6.1165e-07,1.7143e-05,0.236935,0.134539,1.76109,0
20,11,2,10.0,-5.76353e-07,-6.4118e-07,1.55598e-05,0.236927,0.134538,1.76104,0
21,11,2,10.0,-6.11618e-07,-6.94794e-07,1.36705e-05,0.236924,0.134538,1.76102,0
22,11,2,10.0,-6.47792e-07,-7.70574e-07,1.14389e-05,0.236922,0.134538,1.76101,0
23,11,2,10.0,-6.9017e-07,-9.12163e-07,8.81533e-06,0.236921,0.134538,1.761,0
0,12,2,10.0,3.62949e-08,-1.60611e-07,1.22681e-05,0.238377,0.134684,1.7699,0
1,12,2,10.0,2.19283e-07,6.49493e-07,1.21155e-05,0.237601,0.134608,1.76513,0
2,12,2,10.0,2.02662e-07,4.09691e-07,1.23899e-05,0.237238,0.134571,1.76292,0
3,12,2,10.0,1.80668e-07,2.22741e-07,1.29076e-05,0.237069,0.134554,1.76189,0
4,12,2,10.0,1.61774e-07,9.63265e-08,1.3588e-05,0.23699,0.134545,1.76141,0
5,12,2,10.0,1.44549e-07,5.40214e-09,1.43782e-05,0.236953,0.134541,1.76119,0
6,12,2,10.0,1.31864e-07,-6.49215e-08,1.52379e-05,0.236935,0.134539,1.76109,0
7,12,2,10.0,8.5876e-08,-1.41291e-07,1.61374e-05,0.236927,0.134538,1.76104,0
8,12,2,10.0,8.90864e-08,-1.81373e-07,1.70506e-05,0.236914,0.134535,1.76098,0
9,12,2,10.0,1.86001e-08,-2.3311e-07,1.79728e-05,0.238358,0.134679,1.76983,0
10,12,2,10.0,-1.01897e-08,-5.05437e-07,1.88419e-05,0.237592,0.134605,1.7651,0
11,12,2,10.0,-5.45082e-08,-5.36151e-07,1.9558e-05,0.237234,0.13457,1.7629,0
12,12,2,10.0,-1.15842e-07,-5.65136e-07,2.00915e-05,0.237067,0.134553,1.76188,0
13,12,2,10.0,-2.28253e-07,-4.9715e-07,2.05868e-05,0.238349,0.134676,1.7698,0
14,12,2,10.0,-3.76075e-07,-7.69799e-07,2.05781e-05,0.237574,0.1346,1.76504,0
15,12,2,10.0,-3.97228e-07,-7.13683e-07,2.02759e-05,0.23721,0.134563,1.76282,0
16,12,2,10.0,-4.14553e-07,-6.58577e-07,1.97115e-05,0.237039,0.134545,1.76178,0
17,12,2,10.0,-4.259e-07,-6.16814e-07,1.89035e-05,0.236976,0.134541,1.76136,0
18,12,2,10.0,-4.56476e-07,-5.97005e-07,1.78548e-05,0.236946,0.134539,1.76117,0
19,12,2,10.0,-4.9464e-07,-6.01216e-07,1.65537e-05,0.236932,0.134538,1.76108,0
20,12,2,10.0,-5.29298e-07,-6.32345e-07,1.4989e-05,0.236926,0.134538,1.76103,0
21,12,2,10.0,-5.62065e-07,-6.84812e-07,1.31423e-05,0.236923,0.134538,1.76101,0
22,12,2,10.0,-5.93827e-07,-7.73159e-07,1.09812e-05,0.236922,0.134538,1.76101,0
23,12,2,10.0,-6.23548e-07,-9.07641e-07,8.45475e-06,0.236921,0.134538,1.761,0
0,13,2,10.0,5.02418e-08,-1.80905e-07,1.2119e-05,0.238377,0.134684,1.7699,0
1,13,2,10.0,1.15185e-07,7.2808e-07,1.19941e-05,0.237601,0.134608,1.76513,0
2,13,2,10.0,1.52377e-07,4.52661e-07,1.22855e-05,0.237238,0.134571,1.76292,0
3,13,2,10.0,1.52414e-07,2.46619e-07,1.28285e-05,0.237069,0.134554,1.76189,0
4,13,2,10.0,1.45478e-07,9.98379e-08,1.35434e-05,0.23699,0.134545,1.76141,0
5,13,2,10.0,1.46015e-07,-1.06482e-08,1.4374e-05,0.236953,0.134541,1.76119,0
6,13,2,10.0,1.46271e-07,-1.0424e-07,1.52696e-05,0.236935,0.134539,1.76109,0
7,13,2,10.0,1.10428e-07,-1.88089e-07,1.61875e-05,0.236927,0.134538,1.76104,0
8,13,2,10.0,1.26213e-07,-2.19212e-07,1.71196e-05,0.236924,0.134538,1.76102,0
9,13,2,10.0,-8.86828e-09,-2.45259e-07,1.80138e-05,0.23693,0.13454,1.76104,0
10,13,2,10.0,2.48673e-09,-3.02435e-07,1.88504e-05,0.236929,0.13454,1.76103,0
11,13,2,10.0,-3.72451e-08,-3.64235e-07,1.9538e-05,0.236926,0.134539,1.76102,0
12,13,2,10.0,-1.06067e-07,-4.25998e-07,2.00249e-05,0.236924,0.134539,1.76101,0
13,13,2,10.0,-2.06972e-07,-3.82798e-07,2.04235e-05,0.238368,0.134681,1.76987,0
14,13,2,10.0,-2.89602e-07,-5.44043e-07,2.03465e-05,0.23761,0.134611,1.76517,0
15,13,2,10.0,-3.30293e-07,-5.24038e-07,2.00019e-05,0.237258,0.134577,1.76299,0
16,13,2,10.0,-3.54133e-07,-4.97485e-07,1.94052e-05,0.237095,0.134561,1.76198,0
17,13,2,10.0,-3.92157e-07,-4.76824e-07,1.85644e-05,0.237002,0.134549,1.76145,0
18,13,2,10.0,-4.35339e-07,-4.66442e-07,1.74891e-05,0.236958,0.134543,1.76121,0
19,13,2,10.0,-4.63584e-07,-4.9545e-07,1.6175e-05,0.236938,0.13454,1.7611,0
20,13,2,10.0,-4.93768e-07,-5.46533e-07,1.46132e-05,0.236928,0.134539,1.76104,0
21,13,2,10.0,-5.17526e-07,-6.16881e-07,1.27919e-05,0.236924,0.134538,1.76102,0
22,13,2,10.0,-5.36734e-07,-7.12378e-07,1.06761e-05,0.236922,0.134538,1.76101,0
23,13,2,10.0,-5.52489e-07,-8.6438e-07,8.21336e-06,0.236921,0.134538,1.761,0
0,14,2,10.0,1.40083e-07,-2.69349e-07,1.26622e-05,0.238377,0.134684,1.7699,0
1,14,2,10.0,-6.01021e-08,9.48233e-07,1.24672e-05,0.237601,0.134608,1.76513,0
2,14,2,10.0,4.59937e-08,5.68945e-07,1.28423e-05,0.237238,0.134571,1.76292,0
3,14,2,10.0,1.08089e-07,2.86224e-07,1.35466e-05,0.237069,0.134554,1.76189,0
4,14,2,10.0,1.55734e-07,7.09563e-08,1.44752e-05,0.23699,0.134545,1.76141,0
5,14,2,10.0,1.84949e-07,-8.05712e-08,1.55292e-05,0.236953,0.134541,1.76119,0
6,14,2,10.0,2.03938e-07,-2.00155e-07,1.66318e-05,0.236935,0.134539,1.76109,0
7,14,2,10.0,2.04153e-07,-2.87603e-07,1.77112e-05,0.236927,0.134538,1.76104,0
8,14,2,10.0,1.5158e-07,-3.34454e-07,1.87185e-05,0.236924,0.134538,1.76102,0
9,14,2,10.0,1.08349e-07,-3.55865e-07,1.96215e-05,0.236922,0.134538,1.76101,0
10,14,2,10.0,-2.64456e-08,-3.83972e-07,2.04008e-05,0.236921,0.134538,1.761,0
11,14,2,10.0,-7.22361e-08,-4.55584e-07,2.10069e-05,0.236921,0.134538,1.761,0
12,14,2,10.0,-1.14585e-07,-4.84262e-07,2.13953e-05,0.23692,0.134538,1.761,0
13,14,2,10.0,-2.22076e-07,-4.34713e-07,2.15029e-05,0.238359,0.134679,1.76983,0
14,14,2,10.0,-2.94316e-07,-5.59392e-07,2.12552e-05,0.237592,0.134605,1.7651,0
15,14,2,10.0,-3.2835e-07,-5.31976e-07,2.07385e-05,0.237234,0.13457,1.7629,0
16,14,2,10.0,-3.75119e-07,-4.89036e-07,1.99721e-05,0.237067,0.134553,1.76188,0
17,14,2,10.0,-4.00604e-07,-4.84118e-07,1.89788e-05,0.236989,0.134545,1.76141,0
18,14,2,10.0,-4.07951e-07,-4.7512e-07,1.77715e-05,0.236952,0.134541,1.76119,0
19,14,2,10.0,-4.16929e-07,-5.103e-07,1.636e-05,0.236935,0.134539,1.76109,0
20,14,2,10.0,-4.15753e-07,-5.56923e-07,1.47393e-05,0.236927,0.134538,1.76104,0
21,14,2,10.0,-4.14616e-07,-6.43405e-07,1.28914e-05,0.236924,0.134538,1.76102,0
22,14,2,10.0,-4.00161e-07,-7.44291e-07,1.07692e-05,0.236922,0.134538,1.76101,0
23,14,2,10.0,-3.75271e-07,-9.26308e-07,8.30312e-06,0.236921,0.134538,1.761,0
0,15,2,10.0,1.85325e-07,-3.54206e-07,1.34143e-05,0.238377,0.134684,1.7699,0
1,15,2,10.0,-1.60209e-07,1.07016e-06,1.31488e-05,0.237601,0.134608,1.76513,0
2,15,2,10.0,-2.22555e-08,6.26723e-07,1.35961e-05,0.237238,0.134571,1.76292,0
3,15,2,10.0,9.63988e-08,2.85939e-07,1.44531e-05,0.237069,0.134554,1.76189,0
4,15,2,10.0,1.54193e-07,5.12003e-08,1.55749e-05,0.23699,0.134545,1.76141,0
5,15,2,10.0,1.97045e-07,-1.43806e-07,1.68299e-05,0.236953,0.134541,1.76119,0
6,15,2,10.0,1.90135e-07,-2.82488e-07,1.81137e-05,0.236935,0.134539,1.76109,0
7,15,2,10.0,1.87599e-07,-3.70013e-07,1.93419e-05,0.236927,0.134538,1.76104,0
8,15,2,10.0,1.83282e-07,-4.29781e-07,2.04446e-05,0.236924,0.134538,1.76102,0
9,15,2,10.0,6.94693e-08,-4.69443e-07,2.13959e-05,0.236922,0.134538,1.76101,0
10,15,2,10.0,-2.17592e-08,-4.90065e-07,2.21566e-05,0.236921,0.134538,1.761,0
11,15,2,10.0,-8.76095e-08,-5.40277e-07,2.27161e-05,0.236921,0.134538,1.761,0
12,15,2,10.0,-1.73279e-07,-5.56515e-07,2.30349e-05,0.23692,0.134538,1.761,0
13,15,2,10.0,-2.35571e-07,-4.84115e-07,2.29358e-05,0.238359,0.134679,1.76983,0
14,15,2,10.0,-2.82883e-07,-6.23966e-07,2.25708e-05,0.237592,0.134605,1.7651,0
15,15,2,10.0,-3.34552e-07,-5.80159e-07,2.19271e-05,0.237234,0.13457,1.7629,0
16,15,2,10.0,-3.6394e-07,-5.41015e-07,2.10335e-05,0.237067,0.134553,1.76188,0
17,15,2,10.0,-3.75819e-07,-5.23468e-07,1.99135e-05,0.236989,0.134545,1.76141,0
18,15,2,10.0,-3.73677e-07,-5.243e-07,1.85947e-05,0.236952,0.134541,1.76119,0
19,15,2,10.0,-3.57555e-07,-5.55483e-07,1.70871e-05,0.236935,0.134539,1.76109,0
20,15,2,10.0,-3.46365e-07,-6.06419e-07,1.53893e-05,0.236927,0.134538,1.76104,0
21,15,2,10.0,-3.28487e-07,-6.9192e-07,1.3476e-05,0.236924,0.134538,1.76102,0
22,15,2,10.0,-3.11976e-07,-8.15458e-07,1.1287e-05,0.236922,0.134538,1.76101,0
23,15,2,10.0,-2.73456e-07,-9.93311e-07,8.73767e-06,0.236921,0.134538,1.761,0
0,16,2,10.0,2.44558e-07,-4.35166e-07,1.44898e-05,0.238377,0.134684,1.7699,0
1,16,2,10.0,-1.90305e-07,1.21993e-06,1.41013e-05,0.237601,0.134608,1.76513,0
2,16,2,10.0,4.61414e-08,7.21894e-07,1.46366e-05,0.237238,0.134571,1.76292,0
3,16,2,10.0,1.4569e-07,3.15902e-07,1.56814e-05,0.237069,0.134554,1.76189,0
4,16,2,10.0,1.98399e-07,2.96565e-08,1.70324e-05,0.23699,0.134545,1.76141,0
5,16,2,10.0,2.40765e-07,-1.9996e-07,1.85287e-05,0.236953,0.134541,1.76119,0
6,16,2,10.0,2.816e-07,-3.36549e-07,2.00341e-05,0.236935,0.134539,1.76109,0
7,16,2,10.0,2.44061e-07,-4.36589e-07,2.14379e-05,0.236927,0.134538,1.76104,0
8,16,2,10.0,2.01963e-07,-5.43872e-07,2.26687e-05,0.236924,0.134538,1.76102,0
9,16,2,10.0,1.06551e-07,-5.53722e-07,2.36649e-05,0.236922,0.134538,1.76101,0
10,16,2,10.0,7.34065e-08,-5.9892e-07,2.44272e-05,0.236921,0.134538,1.761,0
11,16,2,10.0,-6.94876e-08,-5.90728e-07,2.49289e-05,0.236921,0.134538,1.761,0
12,16,2,10.0,-1.26864e-07,-6.14177e-07,2.51539e-05,0.23692,0.134538,1.761,0
13,16,2,10.0,-1.75417e-07,-5.61035e-07,2.48529e-05,0.238359,0.134679,1.76983,0
14,16,2,10.0,-1.97721e-07,-6.86391e-07,2.43715e-05,0.237592,0.134605,1.7651,0
15,16,2,10.0,-2.29798e-07,-6.24728e-07,2.35841e-05,0.237234,0.13457,1.7629,0
16,16,2,10.0,-2.73682e-07,-5.88223e-07,2.25429e-05,0.237067,0.134553,1.76188,0
17,16,2,10.0,-2.51257e-07,-5.51931e-07,2.12731e-05,0.236989,0.134545,1.76141,0
18,16,2,10.0,-1.88938e-07,-5.64158e-07,1.98229e-05,0.236952,0.134541,1.76119,0
19,16,2,10.0,-1.70074e-07,-5.85819e-07,1.81903e-05,0.236935,0.134539,1.76109,0
20,16,2,10.0,-1.44337e-07,-6.46904e-07,1.63868e-05,0.236927,0.134538,1.76104,0
21,16,2,10.0,-1.58471e-07,-7.35611e-07,1.43729e-05,0.236923,0.134538,1.76102,0
22,16,2,10.0,-1.52457e-07,-8.49803e-07,1.20749e-05,0.236922,0.134538,1.76101,0
23,16,2,10.0,-1.19547e-07,-1.05019e-06,9.39269e-06,0.236921,0.134538,1.761,0
0,17,2,10.0,2.19014e-07,-5.06904e-07,1.57457e-05,0.238386,0.134687,1.76993,0
1,17,2,10.0,-1.61847e-07,1.35862e-06,1.51514e-05,0.237619,0.134613,1.7652,0
2,17,2,10.0,3.09122e-08,7.25361e-07,1.57819e-05,0.237262,0.134578,1.76301,0
3,17,2,10.0,1.52829e-07,3.25996e-07,1.70124e-05,0.237097,0.134562,1.76199,0
4,17,2,10.0,1.85596e-07,-3.53988e-08,1.85869e-05,0.23702,0.134554,1.76152,0
5,17,2,10.0,2.58479e-07,-2.86878e-07,2.03293e-05,0.236984,0.13455,1.7613,0
6,17,2,10.0,2.05513e-07,-4.74509e-07,2.20521e-05,0.236967,0.134549,1.7612,0
7,17,2,10.0,1.76075e-07,-6.09903e-07,2.36177e-05,0.23696,0.134548,1.76116,0
8,17,2,10.0,1.26347e-07,-6.96133e-07,2.49437e-05,0.236956,0.134547,1.76113,0
9,17,2,10.0,1.13309e-07,-7.49592e-07,2.59898e-05,0.236954,0.134547,1.76112,0
10,17,2,10.0,-6.72661e-08,-7.23683e-07,2.67315e-05,0.236954,0.134547,1.76112,0
11,17,2,10.0,-1.60122e-07,-7.34301e-07,2.71644e-05,0.236953,0.134547,1.76112,0
12,17,2,10.0,-1.46875e-07,-7.44218e-07,2.73234e-05,0.236953,0.134547,1.76112,0
13,17,2,10.0,-1.91135e-07,-6.75862e-07,2.6834e-05,0.238368,0.134681,1.76987,0
14,17,2,10.0,-2.31384e-07,-8.08317e-07,2.62526e-05,0.23761,0.134611,1.76517,0
15,17,2,10.0,-2.51779e-07,-7.48127e-07,2.53356e-05,0.237258,0.134577,1.76299,0
16,17,2,10.0,-3.00703e-07,-6.57282e-07,2.41357e-05,0.237086,0.134559,1.76195,0
17,17,2,10.0,-2.82627e-07,-6.61616e-07,2.26918e-05,0.238368,0.134681,1.76987,0
18,17,2,10.0,-3.6136e-07,-1.64114e-07,2.1022e-05,0.23761,0.134611,1.76517,0
19,17,2,10.0,-2.82762e-07,-2.86356e-07,1.92554e-05,0.237258,0.134577,1.76299,0
20,17,2,10.0,-2.66529e-07,-3.88247e-07,1.73567e-05,0.237095,0.134561,1.76198,0
21,17,2,10.0,-2.50043e-07,-5.06847e-07,1.5246e-05,0.237019,0.134554,1.76152,0
22,17,2,10.0,-2.28056e-07,-6.69534e-07,1.28403e-05,0.236984,0.13455,1.7613,0
23,17,2,10.0,-1.92907e-07,-8.9362e-07,1.00252e-05,0.236967,0.134549,1.7612,0
0,18,2,10.0,1.68293e-07,-5.20354e-07,1.66981e-05,0.238377,0.134684,1.7699,0
1,18,2,10.0,-9.69622e-08,1.44076e-06,1.60116e-05,0.237601,0.134608,1.76513,0
2,18,2,10.0,7.49544e-08,8.62699e-07,1.67226e-05,0.237238,0.134571,1.76292,0
3,18,2,10.0,1.06034e-07,3.17603e-07,1.80979e-05,0.237069,0.134554,1.76189,0
4,18,2,10.0,2.10353e-07,-1.79197e-08,1.98658e-05,0.23699,0.134546,1.76141,0
5,18,2,10.0,1.35419e-07,-2.85804e-07,2.17669e-05,0.236953,0.134541,1.76119,0
6,18,2,10.0,8.1713e-08,-4.63312e-07,2.36102e-05,0.236936,0.13454,1.76109,0
7,18,2,10.0,1.58389e-08,-6.12988e-07,2.52627e-05,0.236928,0.134539,1.76104,0
8,18,2,10.0,-1.43335e-08,-7.2289e-07,2.6652e-05,0.236924,0.134538,1.76102,0
9,18,2,10.0,-9.64627e-08,-7.82376e-07,2.77113e-05,0.236922,0.134538,1.76101,0
10,18,2,10.0,-2.21089e-07,-6.67451e-07,2.84022e-05,0.236921,0.134538,1.761,0
11,18,2,10.0,-2.16086e-07,-7.20602e-07,2.87917e-05,0.236921,0.134538,1.761,0
12,18,2,10.0,-2.96273e-07,-6.94084e-07,2.8886e-05,0.236921,0.134538,1.761,0
13,18,2,10.0,-2.71764e-07,-6.67268e-07,2.82794e-05,0.238359,0.134679,1.76983,0
14,18,2,10.0,-3.08577e-07,-8.36363e-07,2.76259e-05,0.237592,0.134605,1.7651,0
15,18,2,10.0,-3.50703e-07,-7.48099e-07,2.662e-05,0.237234,0.13457,1.7629,0
16,18,2,10.0,-3.64404e-07,-7.03425e-07,2.53146e-05,0.237058,0.134551,1.76185,0
17,18,2,10.0,-3.35671e-07,-6.53125e-07,2.37371e-05,0.238359,0.134679,1.76983,0
18,18,2,10.0,-3.46613e-07,-2.5221e-07,2.18971e-05,0.237592,0.134605,1.7651,0
19,18,2,10.0,-2.86429e-07,-3.66427e-07,2.00464e-05,0.237234,0.13457,1.7629,0
20,18,2,10.0,-2.73282e-07,-4.70893e-07,1.80767e-05,0.237067,0.134553,1.76188,0
21,18,2,10.0,-2.62699e-07,-5.92937e-07,1.59023e-05,0.236989,0.134545,1.76141,0
22,18,2,10.0,-2.50756e-07,-7.52258e-07,1.34198e-05,0.236953,0.134541,1.76119,0
23,18,2,10.0,-2.23403e-07,-9.92482e-07,1.0506e-05,0.236936,0.134539,1.76109,0
0,19,2,10.0,7.42739e-08,-6.58507e-07,1.73915e-05,0.238377,0.134684,1.7699,0
1,19,2,10.0,4.89923e-08,1.56267e-06,1.64958e-05,0.237601,0.134608,1.76513,0
2,19,2,10.0,7.86525e-08,7.81924e-07,1.72416e-05,0.237238,0.134571,1.76292,0
3,19,2,10.0,1.97122e-07,3.37926e-07,1.87164e-05,0.237069,0.134554,1.76189,0
4,19,2,10.0,1.26583e-07,-6.74787e-08,2.05725e-05,0.23699,0.134545,1.76141,0
5,19,2,10.0,1.11439e-07,-3.58393e-07,2.25189e-05,0.236953,0.134541,1.76119,0
6,19,2,10.0,1.92398e-09,-5.68467e-07,2.43809e-05,0.236935,0.134539,1.76109,0
7,19,2,10.0,-6.50867e-08,-6.82906e-07,2.60397e-05,0.236927,0.134538,1.76104,0
8,19,2,10.0,-1.08582e-07,-8.06774e-07,2.74218e-05,0.236924,0.134538,1.76102,0
9,19,2,10.0,-2.54333e-07,-8.22363e-07,2.84395e-05,0.236922,0.134538,1.76101,0
10,19,2,10.0,-2.12556e-07,-8.08225e-07,2.90989e-05,0.236921,0.134538,1.761,0
11,19,2,10.0,-3.12103e-07,-7.78872e-07,2.94497e-05,0.236921,0.134538,1.761,0
12,19,2,10.0,-3.36832e-07,-6.94473e-07,2.95064e-05,0.23692,0.134538,1.761,0
13,19,2,10.0,-3.17204e-07,-7.36716e-07,2.88767e-05,0.238359,0.134679,1.76983,0
14,19,2,10.0,-3.18835e-07,-8.9476e-07,2.82234e-05,0.237592,0.134605,1.7651,0
15,19,2,10.0,-3.37111e-07,-7.9731e-07,2.71996e-05,0.237234,0.13457,1.7629,0
16,19,2,10.0,-3.54538e-07,-7.35824e-07,2.58682e-05,0.237057,0.134551,1.76185,0
17,19,2,10.0,-3.21877e-07,-7.3915e-07,2.42559e-05,0.238359,0.134679,1.76983,0
18,19,2,10.0,-2.81088e-07,-2.80994e-07,2.23492e-05,0.237592,0.134605,1.7651,0
19,19,2,10.0,-2.93842e-07,-4.19354e-07,2.04661e-05,0.237234,0.13457,1.7629,0
20,19,2,10.0,-2.91003e-07,-5.24921e-07,1.84731e-05,0.237067,0.134553,1.76188,0
21,19,2,10.0,-2.99591e-07,-6.45449e-07,1.62666e-05,0.236989,0.134545,1.76141,0
22,19,2,10.0,-2.92478e-07,-8.1628e-07,1.37487e-05,0.236952,0.134541,1.76119,0
23,19,2,10.0,-2.64996e-07,-1.0528e-06,1.07877e-05,0.236935,0.134539,1.76109,0
0,20,2,10.0,-4.13079e-08,-5.56172e-07,1.72348e-05,0.238377,0.134684,1.7699,0
1,20,2,10.0,1.39067e-07,1.56213e-06,1.64194e-05,0.237601,0.134608,1.76513,0
2,20,2,10.0,1.39431e-07,8.89798e-07,1.71817e-05,0.237238,0.134571,1.76292,0
3,20,2,10.0,1.44849e-07,3.35019e-07,1.86793e-05,0.237069,0.134554,1.76189,0
4,20,2,10.0,-1.87674e-08,-6.67776e-08,2.04969e-05,0.23699,0.134545,1.76141,0
5,20,2,10.0,-5.09024e-08,-3.99925e-07,2.23747e-05,0.236953,0.134541,1.76119,0
6,20,2,10.0,-1.8748e-07,-4.54448e-07,2.41503e-05,0.236935,0.134539,1.76109,0
7,20,2,10.0,-2.20143e-07,-6.89577e-07,2.57331e-05,0.236927,0.134538,1.76104,0
8,20,2,10.0,-3.3294e-07,-8.09245e-07,2.70336e-05,0.236924,0.134538,1.76102,0
9,20,2,10.0,-3.96085e-07,-8.0673e-07,2.79786e-05,0.236922,0.134538,1.76101,0
10,20,2,10.0,-4.39719e-07,-8.00424e-07,2.86202e-05,0.236921,0.134538,1.761,0
11,20,2,10.0,-4.20179e-07,-6.51355e-07,2.8952e-05,0.236921,0.134538,1.761,0
12,20,2,10.0,-4.54491e-07,-7.09924e-07,2.90396e-05,0.23692,0.134538,1.761,0
13,20,2,10.0,-3.8132e-07,-7.42965e-07,2.85294e-05,0.238359,0.134679,1.76983,0
14,20,2,10.0,-4.13356e-07,-9.02968e-07,2.79577e-05,0.237592,0.134605,1.7651,0
15,20,2,10.0,-4.02259e-07,-8.24399e-07,2.69979e-05,0.237234,0.13457,1.7629,0
16,20,2,10.0,-4.09199e-07,-7.38848e-07,2.5723e-05,0.237057,0.134551,1.76185,0
17,20,2,10.0,-4.14272e-07,-7.48836e-07,2.41733e-05,0.238359,0.134679,1.76983,0
18,20,2,10.0,-1.98386e-07,-3.56836e-07,2.23285e-05,0.237592,0.134605,1.7651,0
19,20,2,10.0,-2.4959e-07,-4.49953e-07,2.04711e-05,0.237234,0.13457,1.7629,0
20,20,2,10.0,-2.95837e-07,-5.54353e-07,1.84916e-05,0.237067,0.134553,1.76188,0
21,20,2,10.0,-2.97015e-07,-6.63098e-07,1.62978e-05,0.236989,0.134545,1.76141,0
22,20,2,10.0,-2.94992e-07,-8.45968e-07,1.37894e-05,0.236952,0.134541,1.76119,0
23,20,2,10.0,-2.97716e-07,-1.08378e-06,1.08344e-05,0.236935,0.134539,1.76109,0
0,21,2,10.0,-1.17269e-07,-6.02711e-07,1.65921e-05,0.238377,0.134684,1.7699,0
1,21,2,10.0,2.32165e-07,1.60521e-06,1.57808e-05,0.237601,0.134608,1.76513,0
2,21,2,10.0,1.94304e-07,8.72488e-07,1.65186e-05,0.237238,0.134571,1.76292,0
3,21,2,10.0,-6.86272e-08,3.47518e-07,1.79127e-05,0.237069,0.134554,1.76189,0
4,21,2,10.0,-6.83635e-08,-9.10228e-08,1.95723e-05,0.23699,0.134545,1.76141,0
5,21,2,10.0,-2.17671e-07,-2.8292e-07,2.12835e-05,0.236953,0.134541,1.76119,0
6,21,2,10.0,-2.5785e-07,-5.04222e-07,2.28963e-05,0.236935,0.134539,1.76109,0
7,21,2,10.0,-3.6814e-07,-6.22003e-07,2.4323e-05,0.236927,0.134538,1.76104,0
8,21,2,10.0,-5.18147e-07,-6.96264e-07,2.54816e-05,0.236924,0.134538,1.76102,0
9,21,2,10.0,-5.33082e-07,-7.19902e-07,2.63555e-05,0.236922,0.134538,1.76101,0
10,21,2,10.0,-5.68722e-07,-6.64734e-07,2.69673e-05,0.236921,0.134538,1.761,0
11,21,2,10.0,-4.85212e-07,-6.35787e-07,2.73559e-05,0.236921,0.134538,1.761,0
12,21,2,10.0,-5.22239e-07,-6.50859e-07,2.75295e-05,0.23692,0.134538,1.761,0
13,21,2,10.0,-4.21098e-07,-7.02884e-07,2.73137e-05,0.238359,0.134679,1.76983,0
14,21,2,10.0,-5.06065e-07,-8.83713e-07,2.68454e-05,0.237592,0.134605,1.7651,0
15,21,2,10.0,-4.71309e-07,-7.84026e-07,2.60074e-05,0.237234,0.13457,1.7629,0
16,21,2,10.0,-4.59803e-07,-7.20658e-07,2.48678e-05,0.237057,0.134551,1.76185,0
17,21,2,10.0,-4.62126e-07,-7.21515e-07,2.34693e-05,0.238359,0.134679,1.76983,0
18,21,2,10.0,-1.82696e-07,-3.93573e-07,2.18102e-05,0.237592,0.134605,1.7651,0
19,21,2,10.0,-2.53136e-07,-4.75938e-07,2.00472e-05,0.237234,0.13457,1.7629,0
20,21,2,10.0,-2.84488e-07,-5.43558e-07,1.8125e-05,0.237067,0.134553,1.76188,0
21,21,2,10.0,-3.03155e-07,-6.82358e-07,1.59838e-05,0.236989,0.134545,1.76141,0
22,21,2,10.0,-3.0792e-07,-8.49921e-07,1.35295e-05,0.236952,0.134541,1.76119,0
23,21,2,10.0,-3.33174e-07,-1.09441e-06,1.06269e-05,0.236935,0.134539,1.76109,0
0,22,2,10.0,-2.27334e-07,-6.19425e-07,1.54304e-05,0.238377,0.134684,1.7699,0
1,22,2,10.0,3.40007e-07,1.60251e-06,1.47478e-05,0.237601,0.134608,1.76513,0
2,22,2,10.0,3.32185e-08,9.01593e-07,1.53926e-05,0.237238,0.134571,1.76292,0
3,22,2,10.0,-8.01773e-08,3.53398e-07,1.65915e-05,0.237069,0.134554,1.76189,0
4,22,2,10.0,-2.07631e-07,-1.8761e-08,1.80527e-05,0.23699,0.134545,1.76141,0
5,22,2,10.0,-2.98227e-07,-2.45121e-07,1.95358e-05,0.236953,0.134541,1.76119,0
6,22,2,10.0,-4.17808e-07,-3.72746e-07,2.09377e-05,0.236935,0.134539,1.76109,0
7,22,2,10.0,-5.27005e-07,-4.79336e-07,2.21746e-05,0.236927,0.134538,1.76104,0
8,22,2,10.0,-5.86912e-07,-5.40265e-07,2.31959e-05,0.236924,0.134538,1.76102,0
9,22,2,10.0,-6.01075e-07,-5.33386e-07,2.40098e-05,0.236922,0.134538,1.76101,0
10,22,2,10.0,-5.76909e-07,-5.28797e-07,2.46282e-05,0.236921,0.134538,1.761,0
11,22,2,10.0,-5.73333e-07,-5.31418e-07,2.51008e-05,0.236921,0.134538,1.761,0
12,22,2,10.0,-4.99509e-07,-5.17614e-07,2.53964e-05,0.23692,0.134538,1.761,0
13,22,2,10.0,-4.62269e-07,-6.21192e-07,2.5543e-05,0.238368,0.134681,1.76987,0
14,22,2,10.0,-5.61988e-07,-8.60466e-07,2.51283e-05,0.23724,0.134572,1.76293,0
15,22,2,10.0,-5.19369e-07,-7.69132e-07,2.44388e-05,0.237071,0.134554,1.7619,0
16,22,2,10.0,-4.9164e-07,-6.87217e-07,2.34674e-05,0.236982,0.134543,1.76138,0
17,22,2,10.0,-4.9746e-07,-6.96e-07,2.22543e-05,0.238359,0.134679,1.76983,0
18,22,2,10.0,-2.62471e-07,-5.57734e-07,2.08246e-05,0.237592,0.134605,1.7651,0
19,22,2,10.0,-3.21708e-07,-5.64309e-07,1.9196e-05,0.237234,0.13457,1.7629,0
20,22,2,10.0,-3.44773e-07,-6.38324e-07,1.73743e-05,0.237067,0.134553,1.76188,0
21,22,2,10.0,-3.49499e-07,-7.27494e-07,1.53222e-05,0.236989,0.134545,1.76141,0
22,22,2,10.0,-3.64136e-07,-9.07009e-07,1.29579e-05,0.236952,0.134541,1.76119,0
23,22,2,10.0,-3.72988e-07,-1.116e-06,1.01616e-05,0.236935,0.134539,1.76109,0
0,23,2,10.0,-2.37425e-07,-5.72345e-07,1.41474e-05,0.238377,0.134684,1.7699,0
1,23,2,10.0,2.16597e-07,1.56688e-06,1.36349e-05,0.237601,0.134608,1.76513,0
2,23,2,10.0,-1.31024e-09,8.86396e-07,1.41657e-05,0.237238,0.134571,1.76292,0
3,23,2,10.0,-1.79653e-07,3.98679e-07,1.51836e-05,0.237069,0.134554,1.76189,0
4,23,2,10.0,-3.11193e-07,5.85819e-08,1.64172e-05,0.23699,0.134545,1.76141,0
5,23,2,10.0,-3.95528e-07,-1.22806e-07,1.76894e-05,0.236953,0.134541,1.76119,0
6,23,2,10.0,-4.72469e-07,-2.64344e-07,1.88927e-05,0.236935,0.134539,1.76109,0
7,23,2,10.0,-5.53972e-07,-3.39379e-07,1.99703e-05,0.236927,0.134538,1.76104,0
8,23,2,10.0,-6.02938e-07,-3.81146e-07,2.08959e-05,0.236924,0.134538,1.76102,0
9,23,2,10.0,-6.28419e-07,-4.01055e-07,2.16832e-05,0.236922,0.134538,1.76101,0
10,23,2,10.0,-5.30529e-07,-3.71704e-07,2.23459e-05,0.236921,0.134538,1.761,0
11,23,2,10.0,-5.28811e-07,-4.15079e-07,2.28892e-05,0.236921,0.134538,1.761,0
12,23,2,10.0,-5.20885e-07,-4.63994e-07,2.32878e-05,0.23692,0.134538,1.761,0
13,23,2,10.0,-5.16225e-07,-5.30904e-07,2.3513e-05,0.238359,0.134679,1.76983,0
14,23,2,10.0,-5.47076e-07,-7.65973e-07,2.32858e-05,0.237234,0.13457,1.7629,0
15,23,2,10.0,-5.14774e-07,-6.88655e-07,2.273e-05,0.237067,0.134553,1.76188,0
16,23,2,10.0,-4.80132e-07,-6.03217e-07,2.19072e-05,0.236979,0.134542,1.76137,0
17,23,2,10.0,-4.80909e-07,-6.08633e-07,2.08482e-05,0.238359,0.134679,1.76983,0
18,23,2,10.0,-3.13855e-07,-5.15784e-07,1.95844e-05,0.237592,0.134605,1.7651,0
19,23,2,10.0,-3.36475e-07,-5.41807e-07,1.80933e-05,0.237234,0.13457,1.7629,0
20,23,2,10.0,-3.37406e-07,-5.73621e-07,1.63907e-05,0.237067,0.134553,1.76188,0
21,23,2,10.0,-3.4248e-07,-7.01831e-07,1.44489e-05,0.236989,0.134545,1.76141,0
22,23,2,10.0,-3.39796e-07,-8.4576e-07,1.21987e-05,0.236952,0.134541,1.76119,0
23,23,2,10.0,-3.56312e-07,-1.09795e-06,9.53832e-06,0.236935,0.134539,1.76109,0
0,0,3,10.0,-1.09705e-09,-1.80864e-07,1.35058e-05,0.238377,0.134733,1.76925,0
1,0,3,10.0,2.58716e-08,3.44695e-07,1.34471e-05,0.237597,0.134691,1.76401,0
2,0,3,10.0,2.1188e-08,1.44797e-07,1.36237e-05,0.237233,0.134675,1.76152,0
3,0,3,10.0,1.7386e-08,6.1409e-09,1.39628e-05,0.237062,0.13467,1.76033,0
4,0,3,10.0,1.71505e-08,-9.98796e-08,1.44315e-05,0.236983,0.134668,1.75976,0
5,0,3,10.0,1.57081e-08,-1.85166e-07,1.50107e-05,0.236945,0.134667,1.75948,0
6,0,3,10.0,1.25438e-08,-2.76502e-07,1.56769e-05,0.236928,0.134667,1.75935,0
7,0,3,10.0,9.97946e-09,-3.72668e-07,1.64032e-05,0.23692,0.134668,1.75929,0
8,0,3,10.0,6.16422e-09,-4.76814e-07,1.7168e-05,0.236916,0.134668,1.75926,0
9,0,3,10.0,1.86517e-08,-6.14061e-07,1.79429e-05,0.236914,0.134668,1.75925,0
10,0,3,10.0,3.59133e-09,-8.29288e-07,1.87155e-05,0.236913,0.134668,1.75924,0
11,0,3,10.0,-2.75504e-08,-1.13135e-06,1.94611e-05,0.236913,0.134668,1.75924,0
12,0,3,10.0,3.22514e-08,-1.42414e-06,2.01655e-05,0.236913,0.134668,1.75924,0
13,0,3,10.0,6.1043e-09,-1.84065e-06,2.13282e-05,0.238357,0.134729,1.76915,0
14,0,3,10.0,4.58614e-09,-2.37966e-06,2.17483e-05,0.237588,0.134689,1.76397,0
15,0,3,10.0,2.73283e-08,-2.31454e-06,2.19237e-05,0.237228,0.134674,1.7615,0
16,0,3,10.0,3.28827e-08,-2.19839e-06,2.18562e-05,0.23706,0.134669,1.76031,0
17,0,3,10.0,-5.19986e-09,-2.04342e-06,2.15484e-05,0.236982,0.134668,1.75975,0
18,0,3,10.0,-1.42568e-08,-1.93003e-06,2.0942e-05,0.236945,0.134667,1.75948,0
19,0,3,10.0,2.51643e-08,-1.81702e-06,2.00079e-05,0.236928,0.134667,1.75935,0
20,0,3,10.0,2.31097e-08,-1.79091e-06,1.86394e-05,0.236919,0.134668,1.75929,0
21,0,3,10.0,-1.27123e-08,-1.87833e-06,1.67236e-05,0.236916,0.134668,1.75926,0
22,0,3,10.0,-1.68704e-08,-2.06826e-06,1.41808e-05,0.236914,0.134668,1.75925,0
23,0,3,10.0,-1.88285e-08,-2.38741e-06,1.09758e-05,0.236913,0.134668,1.75924,0
0,1,3,10.0,-3.02888e-09,-1.30151e-07,1.33288e-05,0.238386,0.134735,1.76929,0
1,1,3,10.0,1.12322e-07,7.36523e-07,1.32869e-05,0.237616,0.134695,1.76411,0
2,1,3,10.0,9.87931e-08,5.81039e-07,1.34547e-05,0.237258,0.13468,1.76164,0
3,1,3,10.0,9.12658e-08,4.89786e-07,1.37766e-05,0.237092,0.134675,1.76047,0
4,1,3,10.0,8.8915e-08,4.43803e-07,1.42252e-05,0.237015,0.134674,1.75991,0
5,1,3,10.0,8.63359e-08,4.23712e-07,1.4778e-05,0.236978,0.134674,1.75965,0
6,1,3,10.0,8.17494e-08,4.15895e-07,1.54123e-05,0.236962,0.134674,1.75952,0
7,1,3,10.0,7.85286e-08,4.16995e-07,1.61055e-05,0.236954,0.134674,1.75946,0
8,1,3,10.0,7.42765e-08,4.24404e-07,1.68355e-05,0.23695,0.134674,1.75944,0
9,1,3,10.0,6.88092e-08,4.10581e-07,1.75768e-05,0.236949,0.134674,1.75942,0
10,1,3,10.0,9.4633e-08,3.45028e-07,1.83119e-05,0.236948,0.134674,1.75942,0
11,1,3,10.0,7.1469e-08,1.83828e-07,1.90279e-05,0.236948,0.134674,1.75941,0
12,1,3,10.0,9.97926e-08,4.17794e-08,1.97045e-05,0.236947,0.134674,1.75941,0
13,1,3,10.0,7.43173e-08,-1.75947e-07,2.08219e-05,0.238367,0.134731,1.7692,0
14,1,3,10.0,6.00583e-08,-6.64242e-07,2.11992e-05,0.237607,0.134693,1.76406,0
15,1,3,10.0,8.80921e-08,-5.60688e-07,2.13568e-05,0.237254,0.134679,1.76162,0
16,1,3,10.0,9.84704e-08,-4.64284e-07,2.12805e-05,0.23709,0.134675,1.76046,0
17,1,3,10.0,8.51039e-08,-3.59557e-07,2.09398e-05,0.237014,0.134674,1.75991,0
18,1,3,10.0,8.78992e-08,-2.89206e-07,2.03276e-05,0.236978,0.134674,1.75965,0
19,1,3,10.0,1.12676e-07,-2.60234e-07,1.93989e-05,0.236962,0.134674,1.75952,0
20,1,3,10.0,1.03417e-07,-3.38219e-07,1.80558e-05,0.236954,0.134674,1.75946,0
21,1,3,10.0,5.7746e-08,-5.73553e-07,1.61802e-05,0.23695,0.134674,1.75944,0
22,1,3,10.0,1.91244e-08,-9.6871e-07,1.3707e-05,0.236949,0.134674,1.75942,0
23,1,3,10.0,-3.74696e-08,-1.56165e-06,1.05945e-05,0.236948,0.134674,1.75942,0
0,2,3,10.0,-1.09207e-08,-1.32678e-07,1.30784e-05,0.238386,0.134735,1.76929,0
1,2,3,10.0,1.55295e-07,7.23323e-07,1.30513e-05,0.237616,0.134695,1.76411,0
2,2,3,10.0,1.30128e-07,5.63033e-07,1.32127e-05,0.237259,0.13468,1.76164,0
3,2,3,10.0,1.11827e-07,4.6593e-07,1.35196e-05,0.237092,0.134675,1.76047,0
4,2,3,10.0,9.70593e-08,4.13344e-07,1.39461e-05,0.237015,0.134674,1.75992,0
5,2,3,10.0,8.23655e-08,3.88823e-07,1.44695e-05,0.236979,0.134674,1.75965,0
6,2,3,10.0,6.60377e-08,3.76617e-07,1.50683e-05,0.236962,0.134674,1.75953,0
7,2,3,10.0,5.0912e-08,3.72708e-07,1.57211e-05,0.236954,0.134674,1.75947,0
8,2,3,10.0,2.60668e-08,3.72327e-07,1.64076e-05,0.236951,0.134674,1.75944,0
9,2,3,10.0,4.10392e-08,3.5462e-07,1.71046e-05,0.236949,0.134674,1.75942,0
10,2,3,10.0,2.64709e-08,2.62302e-07,1.78004e-05,0.236948,0.134674,1.75942,0
11,2,3,10.0,3.25319e-08,1.14141e-07,1.84666e-05,0.236948,0.134674,1.75941,0
12,2,3,10.0,2.46933e-08,-5.09817e-08,1.91003e-05,0.236948,0.134674,1.75941,0
13,2,3,10.0,5.07959e-10,-2.46004e-07,2.01119e-05,0.238367,0.134731,1.7692,0
14,2,3,10.0,-5.79563e-08,-7.05898e-07,2.0438e-05,0.237607,0.134693,1.76406,0
15,2,3,10.0,-4.00535e-08,-6.18628e-07,2.05582e-05,0.237254,0.134679,1.76162,0
16,2,3,10.0,-2.97089e-08,-5.42265e-07,2.04456e-05,0.23709,0.134675,1.76046,0
17,2,3,10.0,-6.44609e-09,-4.53246e-07,2.00833e-05,0.237014,0.134674,1.75991,0
18,2,3,10.0,1.78395e-08,-3.9124e-07,1.94535e-05,0.236978,0.134674,1.75965,0
19,2,3,10.0,2.77277e-08,-3.78349e-07,1.85234e-05,0.236962,0.134674,1.75952,0
20,2,3,10.0,1.82705e-08,-4.49704e-07,1.72082e-05,0.236954,0.134674,1.75946,0
21,2,3,10.0,-5.94755e-09,-6.50191e-07,1.5405e-05,0.236951,0.134674,1.75944,0
22,2,3,10.0,-5.60856e-08,-1.00929e-06,1.30366e-05,0.236949,0.134674,1.75942,0
23,2,3,10.0,-1.38924e-07,-1.55502e-06,1.00598e-05,0.236948,0.134674,1.75942,0
0,3,3,10.0,-1.18166e-08,-1.40166e-07,1.27651e-05,0.238386,0.134735,1.76929,0
1,3,3,10.0,1.98321e-07,7.13539e-07,1.27449e-05,0.237616,0.134695,1.76411,0
2,3,3,10.0,1.66299e-07,5.46163e-07,1.28991e-05,0.237259,0.13468,1.76164,0
3,3,3,10.0,1.38877e-07,4.40525e-07,1.31901e-05,0.237092,0.134675,1.76047,0
4,3,3,10.0,1.1498e-07,3.79424e-07,1.35926e-05,0.237015,0.134674,1.75992,0
5,3,3,10.0,9.09265e-08,3.46446e-07,1.4084e-05,0.236979,0.134674,1.75965,0
6,3,3,10.0,6.5595e-08,3.27907e-07,1.46438e-05,0.236962,0.134674,1.75953,0
7,3,3,10.0,4.04837e-08,3.1761e-07,1.52525e-05,0.236954,0.134674,1.75947,0
8,3,3,10.0,1.54267e-08,3.10742e-07,1.58897e-05,0.236951,0.134674,1.75944,0
9,3,3,10.0,2.43364e-08,2.81277e-07,1.65418e-05,0.236949,0.134674,1.75942,0
10,3,3,10.0,-8.74231e-09,1.76343e-07,1.7182e-05,0.236948,0.134674,1.75942,0
11,3,3,10.0,1.62739e-09,3.33032e-08,1.77973e-05,0.236948,0.134674,1.75941,0
12,3,3,10.0,-2.42925e-08,-1.41998e-07,1.83709e-05,0.236948,0.134674,1.75941,0
13,3,3,10.0,-4.75471e-08,-3.07447e-07,1.92511e-05,0.238367,0.134731,1.7692,0
14,3,3,10.0,-1.33528e-07,-7.2316e-07,1.95108e-05,0.237607,0.134693,1.76406,0
15,3,3,10.0,-1.34207e-07,-6.58569e-07,1.95747e-05,0.237254,0.134679,1.76162,0
16,3,3,10.0,-1.11984e-07,-5.97984e-07,1.94185e-05,0.23709,0.134675,1.76046,0
17,3,3,10.0,-7.70182e-08,-5.42047e-07,1.90272e-05,0.237014,0.134674,1.75991,0
18,3,3,10.0,-5.19305e-08,-4.78706e-07,1.83822e-05,0.236978,0.134674,1.75965,0
19,3,3,10.0,-4.28588e-08,-4.86462e-07,1.7444e-05,0.236962,0.134674,1.75952,0
20,3,3,10.0,-3.42246e-08,-5.52685e-07,1.61602e-05,0.236954,0.134674,1.75946,0
21,3,3,10.0,-4.78754e-08,-7.27087e-07,1.44403e-05,0.236951,0.134674,1.75944,0
22,3,3,10.0,-1.10753e-07,-1.04686e-06,1.21975e-05,0.236949,0.134674,1.75942,0
23,3,3,10.0,-2.08527e-07,-1.53772e-06,9.38958e-06,0.236948,0.134674,1.75942,0
0,4,3,10.0,-1.08735e-08,-1.48378e-07,1.24149e-05,0.238386,0.134735,1.76929,0
1,4,3,10.0,2.33222e-07,7.14282e-07,1.23852e-05,0.237616,0.134695,1.76411,0
2,4,3,10.0,1.96108e-07,5.35008e-07,1.2531e-05,0.237259,0.13468,1.76164,0
3,4,3,10.0,1.61284e-07,4.18705e-07,1.28071e-05,0.237092,0.134675,1.76047,0
4,4,3,10.0,1.29096e-07,3.4784e-07,1.31873e-05,0.237015,0.134674,1.75992,0
5,4,3,10.0,9.7606e-08,3.06685e-07,1.36496e-05,0.236979,0.134674,1.75965,0
6,4,3,10.0,6.45027e-08,2.80521e-07,1.41739e-05,0.236962,0.134674,1.75953,0
7,4,3,10.0,3.19163e-08,2.63074e-07,1.47417e-05,0.236954,0.134674,1.75947,0
8,4,3,10.0,1.42307e-08,2.47093e-07,1.53351e-05,0.236951,0.134674,1.75944,0
9,4,3,10.0,-1.96025e-08,2.1072e-07,1.59398e-05,0.236949,0.134674,1.75942,0
10,4,3,10.0,-1.68821e-08,1.05758e-07,1.65279e-05,0.236948,0.134674,1.75942,0
11,4,3,10.0,-4.31867e-08,-6.23331e-08,1.70959e-05,0.236948,0.134674,1.75941,0
12,4,3,10.0,-6.00238e-08,-1.70682e-07,1.76009e-05,0.236948,0.134674,1.75941,0
13,4,3,10.0,-1.04691e-07,-3.53678e-07,1.83519e-05,0.238367,0.134731,1.7692,0
14,4,3,10.0,-1.90948e-07,-7.31053e-07,1.85392e-05,0.237607,0.134693,1.76406,0
15,4,3,10.0,-1.96813e-07,-6.79524e-07,1.85375e-05,0.237254,0.134679,1.76162,0
16,4,3,10.0,-1.78353e-07,-6.41583e-07,1.83301e-05,0.23709,0.134675,1.76046,0
17,4,3,10.0,-1.59013e-07,-5.94221e-07,1.79052e-05,0.237014,0.134674,1.75991,0
18,4,3,10.0,-1.4063e-07,-5.6668e-07,1.7235e-05,0.236978,0.134674,1.75965,0
19,4,3,10.0,-1.10503e-07,-5.75181e-07,1.62915e-05,0.236962,0.134674,1.75952,0
20,4,3,10.0,-9.05293e-08,-6.5634e-07,1.50327e-05,0.236954,0.134674,1.75946,0
21,4,3,10.0,-1.1416e-07,-8.18463e-07,1.33895e-05,0.236951,0.134674,1.75944,0
22,4,3,10.0,-1.78024e-07,-1.10338e-06,1.12755e-05,0.236949,0.134674,1.75942,0
23,4,3,10.0,-2.78687e-07,-1.53884e-06,8.65495e-06,0.236948,0.134674,1.75942,0
0,5,3,10.0,-1.09785e-08,-1.63625e-07,1.20161e-05,0.238386,0.134735,1.76929,0
1,5,3,10.0,2.63996e-07,7.23108e-07,1.19772e-05,0.237616,0.134695,1.76411,0
2,5,3,10.0,2.20774e-07,5.3005e-07,1.21167e-05,0.237258,0.13468,1.76164,0
3,5,3,10.0,1.79275e-07,4.01659e-07,1.23817e-05,0.237092,0.134675,1.76047,0
4,5,3,10.0,1.41045e-07,3.20724e-07,1.27456e-05,0.237015,0.134674,1.75992,0
5,5,3,10.0,1.02454e-07,2.70283e-07,1.31864e-05,0.236979,0.134674,1.75965,0
6,5,3,10.0,6.32534e-08,2.36613e-07,1.36842e-05,0.236962,0.134674,1.75953,0
7,5,3,10.0,2.60441e-08,2.11435e-07,1.42209e-05,0.236954,0.134674,1.75947,0
8,5,3,10.0,-6.58918e-10,1.87098e-07,1.47812e-05,0.236951,0.134674,1.75944,0
9,5,3,10.0,-3.77465e-08,1.37435e-07,1.53443e-05,0.236949,0.134674,1.75942,0
10,5,3,10.0,-4.64194e-08,4.05787e-08,1.58941e-05,0.236948,0.134674,1.75942,0
11,5,3,10.0,-8.60518e-08,-1.22713e-07,1.64101e-05,0.236948,0.134674,1.75941,0
12,5,3,10.0,-8.03198e-08,-2.03151e-07,1.68606e-05,0.236948,0.134674,1.75941,0
13,5,3,10.0,-1.75201e-07,-3.84114e-07,1.74792e-05,0.238367,0.134731,1.7692,0
14,5,3,10.0,-2.52317e-07,-7.22243e-07,1.7603e-05,0.237607,0.134693,1.76406,0
15,5,3,10.0,-2.52008e-07,-6.82298e-07,1.75378e-05,0.237254,0.134679,1.76162,0
16,5,3,10.0,-2.56043e-07,-6.56691e-07,1.7279e-05,0.23709,0.134675,1.76046,0
17,5,3,10.0,-2.5491e-07,-6.25406e-07,1.68088e-05,0.237014,0.134674,1.75991,0
18,5,3,10.0,-2.24442e-07,-6.09782e-07,1.61145e-05,0.236978,0.134674,1.75965,0
19,5,3,10.0,-1.83257e-07,-6.40947e-07,1.51681e-05,0.236962,0.134674,1.75952,0
20,5,3,10.0,-1.76948e-07,-7.33631e-07,1.39346e-05,0.236954,0.134674,1.75946,0
21,5,3,10.0,-2.09326e-07,-8.96595e-07,1.2353e-05,0.236951,0.134674,1.75944,0
22,5,3,10.0,-2.65003e-07,-1.14829e-06,1.03672e-05,0.236949,0.134674,1.75942,0
23,5,3,10.0,-3.61075e-07,-1.52296e-06,7.93987e-06,0.236948,0.134674,1.75942,0
0,6,3,10.0,-1.29646e-08,-1.81193e-07,1.15762e-05,0.238386,0.134735,1.76929,0
1,6,3,10.0,2.90954e-07,7.46606e-07,1.15239e-05,0.237616,0.134695,1.76411,0
2,6,3,10.0,2.42212e-07,5.3239e-07,1.1659e-05,0.237259,0.13468,1.76164,0
3,6,3,10.0,1.95996e-07,3.90001e-07,1.19191e-05,0.237092,0.134675,1.76047,0
4,6,3,10.0,1.51813e-07,2.97802e-07,1.22757e-05,0.237015,0.134674,1.75992,0
5,6,3,10.0,1.08739e-07,2.38329e-07,1.27056e-05,0.236979,0.134674,1.75965,0
6,6,3,10.0,6.38901e-08,1.96198e-07,1.31887e-05,0.236962,0.134674,1.75953,0
7,6,3,10.0,2.40127e-08,1.6254e-07,1.37069e-05,0.236954,0.134674,1.75947,0
8,6,3,10.0,-1.95792e-08,1.28346e-07,1.42465e-05,0.236951,0.134674,1.75944,0
9,6,3,10.0,-4.80347e-08,7.66301e-08,1.47871e-05,0.236949,0.134674,1.75942,0
10,6,3,10.0,-6.71976e-08,-3.1951e-08,1.53108e-05,0.236948,0.134674,1.75942,0
11,6,3,10.0,-1.03034e-07,-1.57985e-07,1.57812e-05,0.236948,0.134674,1.75941,0
12,6,3,10.0,-1.77851e-07,-2.58247e-07,1.61763e-05,0.236948,0.134674,1.75941,0
13,6,3,10.0,-2.22138e-07,-3.9235e-07,1.66856e-05,0.238367,0.134731,1.7692,0
14,6,3,10.0,-3.25973e-07,-7.00786e-07,1.67503e-05,0.237607,0.134693,1.76406,0
15,6,3,10.0,-3.43577e-07,-6.67269e-07,1.66295e-05,0.237254,0.134679,1.76162,0
16,6,3,10.0,-3.51653e-07,-6.44766e-07,1.63183e-05,0.23709,0.134675,1.76046,0
17,6,3,10.0,-3.27291e-07,-6.27e-07,1.58112e-05,0.237014,0.134674,1.75991,0
18,6,3,10.0,-2.94644e-07,-6.27657e-07,1.5095e-05,0.236978,0.134674,1.75965,0
19,6,3,10.0,-2.8359e-07,-6.75353e-07,1.41482e-05,0.236962,0.134674,1.75952,0
20,6,3,10.0,-2.84211e-07,-7.76447e-07,1.29355e-05,0.236954,0.134674,1.75946,0
21,6,3,10.0,-3.01267e-07,-9.33856e-07,1.14165e-05,0.236951,0.134674,1.75944,0
22,6,3,10.0,-3.59847e-07,-1.16464e-06,9.54911e-06,0.236949,0.134674,1.75942,0
23,6,3,10.0,-4.49802e-07,-1.48929e-06,7.30167e-06,0.236948,0.134674,1.75942,0
0,7,3,10.0,-1.64295e-08,-2.04414e-07,1.10735e-05,0.238386,0.134735,1.76929,0
1,7,3,10.0,3.15657e-07,7.7891e-07,1.10227e-05,0.237616,0.134695,1.76411,0
2,7,3,10.0,2.63032e-07,5.43105e-07,1.11599e-05,0.237259,0.13468,1.76164,0
3,7,3,10.0,2.11301e-07,3.84048e-07,1.1423e-05,0.237092,0.134675,1.76047,0
4,7,3,10.0,1.634e-07,2.79503e-07,1.17822e-05,0.237015,0.134674,1.75992,0
5,7,3,10.0,1.14845e-07,2.10553e-07,1.22127e-05,0.236979,0.134674,1.75965,0
6,7,3,10.0,6.52723e-08,1.59022e-07,1.26914e-05,0.236962,0.134674,1.75953,0
7,7,3,10.0,1.81466e-08,1.17541e-07,1.32017e-05,0.236954,0.134674,1.75947,0
8,7,3,10.0,-3.18396e-08,7.50154e-08,1.37317e-05,0.236951,0.134674,1.75944,0
9,7,3,10.0,-7.33643e-08,1.05657e-08,1.42629e-05,0.236949,0.134674,1.75942,0
10,7,3,10.0,-1.33505e-07,-1.07556e-07,1.4771e-05,0.236948,0.134674,1.75942,0
11,7,3,10.0,-1.64962e-07,-2.1974e-07,1.52158e-05,0.236948,0.134674,1.75941,0
12,7,3,10.0,-1.64004e-07,-2.77188e-07,1.55744e-05,0.236948,0.134674,1.75941,0
13,7,3,10.0,-2.74964e-07,-3.93545e-07,1.60046e-05,0.238367,0.134731,1.7692,0
14,7,3,10.0,-3.68382e-07,-6.77243e-07,1.60235e-05,0.237607,0.134693,1.76406,0
15,7,3,10.0,-3.91619e-07,-6.44767e-07,1.58559e-05,0.237254,0.134679,1.76162,0
16,7,3,10.0,-3.98886e-07,-6.21577e-07,1.55025e-05,0.23709,0.134675,1.76046,0
17,7,3,10.0,-3.90383e-07,-6.12584e-07,1.49647e-05,0.237014,0.134674,1.75991,0
18,7,3,10.0,-3.73273e-07,-6.31425e-07,1.42317e-05,0.236978,0.134674,1.75965,0
19,7,3,10.0,-3.59894e-07,-6.90404e-07,1.32834e-05,0.236962,0.134674,1.75952,0
20,7,3,10.0,-3.66389e-07,-7.91052e-07,1.20961e-05,0.236954,0.134674,1.75946,0
21,7,3,10.0,-3.97151e-07,-9.43536e-07,1.06377e-05,0.236951,0.134674,1.75944,0
22,7,3,10.0,-4.50379e-07,-1.15546e-06,8.87479e-06,0.236949,0.134674,1.75942,0
23,7,3,10.0,-5.28645e-07,-1.44755e-06,6.77904e-06,0.236948,0.134674,1.75942,0
0,8,3,10.0,-1.6684e-08,-2.24417e-07,1.05475e-05,0.238386,0.134735,1.76929,0
1,8,3,10.0,3.47689e-07,8.25436e-07,1.04803e-05,0.237616,0.134695,1.76411,0
2,8,3,10.0,2.89711e-07,5.63205e-07,1.0622e-05,0.237259,0.13468,1.76164,0
3,8,3,10.0,2.34856e-07,3.85223e-07,1.08946e-05,0.237092,0.134675,1.76047,0
4,8,3,10.0,1.82549e-07,2.65969e-07,1.12646e-05,0.237015,0.134674,1.75992,0
5,8,3,10.0,1.29815e-07,1.83169e-07,1.17024e-05,0.236979,0.134674,1.75965,0
6,8,3,10.0,7.66855e-08,1.2222e-07,1.21835e-05,0.236962,0.134674,1.75953,0
7,8,3,10.0,3.13286e-08,7.08284e-08,1.26905e-05,0.236954,0.134674,1.75947,0
8,8,3,10.0,-1.94745e-08,2.24185e-08,1.32165e-05,0.236951,0.134674,1.75944,0
9,8,3,10.0,-7.74768e-08,-7.51009e-08,1.37462e-05,0.236949,0.134674,1.75942,0
10,8,3,10.0,-1.24071e-07,-1.84878e-07,1.42579e-05,0.236948,0.134674,1.75942,0
11,8,3,10.0,-1.61386e-07,-2.78842e-07,1.46964e-05,0.236948,0.134674,1.75941,0
12,8,3,10.0,-1.9829e-07,-3.53606e-07,1.50464e-05,0.236948,0.134674,1.75941,0
13,8,3,10.0,-2.87759e-07,-4.40678e-07,1.54274e-05,0.238367,0.134731,1.7692,0
14,8,3,10.0,-3.87987e-07,-6.604e-07,1.54329e-05,0.237607,0.134693,1.76406,0
15,8,3,10.0,-4.09765e-07,-6.24409e-07,1.52315e-05,0.237254,0.134679,1.76162,0
16,8,3,10.0,-4.18771e-07,-5.98638e-07,1.48437e-05,0.23709,0.134675,1.76046,0
17,8,3,10.0,-4.16021e-07,-5.97959e-07,1.42765e-05,0.237014,0.134674,1.75991,0
18,8,3,10.0,-4.07148e-07,-6.27202e-07,1.35281e-05,0.236978,0.134674,1.75965,0
19,8,3,10.0,-4.06726e-07,-6.90537e-07,1.25859e-05,0.236962,0.134674,1.75952,0
20,8,3,10.0,-4.20675e-07,-7.91601e-07,1.14255e-05,0.236954,0.134674,1.75946,0
21,8,3,10.0,-4.54086e-07,-9.34187e-07,1.00222e-05,0.236951,0.134674,1.75944,0
22,8,3,10.0,-5.11026e-07,-1.13457e-06,8.34931e-06,0.236949,0.134674,1.75942,0
23,8,3,10.0,-5.76154e-07,-1.40625e-06,6.37923e-06,0.236948,0.134674,1.75942,0
0,9,3,10.0,-2.37197e-08,-2.49475e-07,9.95836e-06,0.238396,0.134737,1.76934,0
1,9,3,10.0,3.70239e-07,8.77939e-07,9.88242e-06,0.237635,0.134699,1.7642,0
2,9,3,10.0,3.00778e-07,5.85268e-07,1.00299e-05,0.237284,0.134685,1.76177,0
3,9,3,10.0,2.38682e-07,3.82664e-07,1.03136e-05,0.237122,0.134681,1.76062,0
4,9,3,10.0,1.77953e-07,2.4229e-07,1.06937e-05,0.237047,0.13468,1.76007,0
5,9,3,10.0,1.19022e-07,1.44497e-07,1.11383e-05,0.237012,0.13468,1.75981,0
6,9,3,10.0,6.18895e-08,6.90762e-08,1.16205e-05,0.236996,0.13468,1.75969,0
7,9,3,10.0,1.97031e-08,4.15737e-09,1.21234e-05,0.236988,0.13468,1.75964,0
8,9,3,10.0,-4.24016e-08,-5.43271e-08,1.26398e-05,0.236975,0.134679,1.75956,0
9,9,3,10.0,-9.43564e-08,-1.60251e-07,1.31734e-05,0.238376,0.134733,1.76925,0
10,9,3,10.0,-1.71254e-07,-6.40508e-07,1.36958e-05,0.237626,0.134697,1.76416,0
11,9,3,10.0,-2.34496e-07,-6.98124e-07,1.41289e-05,0.23728,0.134684,1.76175,0
12,9,3,10.0,-2.85034e-07,-7.4335e-07,1.44658e-05,0.23712,0.134681,1.76061,0
13,9,3,10.0,-3.56611e-07,-7.45286e-07,1.48249e-05,0.238377,0.134733,1.76925,0
14,9,3,10.0,-5.13593e-07,-1.23563e-06,1.48293e-05,0.237626,0.134697,1.76416,0
15,9,3,10.0,-5.23251e-07,-1.11159e-06,1.46102e-05,0.23728,0.134684,1.76175,0
16,9,3,10.0,-5.23284e-07,-1.01685e-06,1.41984e-05,0.237119,0.134681,1.76061,0
17,9,3,10.0,-5.10693e-07,-9.53968e-07,1.36163e-05,0.237046,0.13468,1.76007,0
18,9,3,10.0,-5.03217e-07,-9.37393e-07,1.28667e-05,0.237011,0.13468,1.75981,0
19,9,3,10.0,-5.09948e-07,-9.59445e-07,1.19377e-05,0.236996,0.13468,1.75969,0
20,9,3,10.0,-5.25058e-07,-1.01489e-06,1.08136e-05,0.236988,0.13468,1.75963,0
21,9,3,10.0,-5.55992e-07,-1.11979e-06,9.46946e-06,0.236985,0.134681,1.75961,0
22,9,3,10.0,-6.0449e-07,-1.27982e-06,7.88282e-06,0.236983,0.134681,1.75959,0
23,9,3,10.0,-6.56539e-07,-1.51524e-06,6.02833e-06,0.236983,0.134681,1.75959,0
0,10,3,10.0,-3.47531e-08,-2.73485e-07,9.29916e-06,0.238386,0.134735,1.76929,0
1,10,3,10.0,3.73875e-07,9.55526e-07,9.22194e-06,0.237616,0.134695,1.76411,0
2,10,3,10.0,3.06283e-07,6.3535e-07,9.37772e-06,0.237259,0.13468,1.76165,0
3,10,3,10.0,2.33233e-07,4.10624e-07,9.66776e-06,0.237092,0.134675,1.76047,0
4,10,3,10.0,1.65619e-07,2.52994e-07,1.00505e-05,0.237015,0.134674,1.75992,0
5,10,3,10.0,1.03378e-07,1.40277e-07,1.04937e-05,0.236979,0.134674,1.75965,0
6,10,3,10.0,4.60299e-08,5.63488e-08,1.09687e-05,0.236963,0.134674,1.75953,0
7,10,3,10.0,-7.75942e-10,-1.20754e-08,1.14608e-05,0.236955,0.134674,1.75947,0
8,10,3,10.0,-4.81454e-08,-6.71913e-08,1.19639e-05,0.236941,0.134672,1.75939,0
9,10,3,10.0,-8.68441e-08,-1.90825e-07,1.24814e-05,0.238367,0.134731,1.7692,0
10,10,3,10.0,-2.2479e-07,-6.22723e-07,1.29903e-05,0.237607,0.134693,1.76406,0
11,10,3,10.0,-2.47161e-07,-6.74183e-07,1.34092e-05,0.237255,0.134679,1.76162,0
12,10,3,10.0,-2.74422e-07,-7.04627e-07,1.37341e-05,0.23709,0.134675,1.76046,0
13,10,3,10.0,-3.6998e-07,-7.03334e-07,1.40656e-05,0.238367,0.134731,1.7692,0
14,10,3,10.0,-5.12175e-07,-1.19395e-06,1.40521e-05,0.237607,0.134693,1.76406,0
15,10,3,10.0,-5.3079e-07,-1.07324e-06,1.38208e-05,0.237255,0.134679,1.76162,0
16,10,3,10.0,-5.24011e-07,-9.79357e-07,1.34082e-05,0.23709,0.134675,1.76046,0
17,10,3,10.0,-5.2145e-07,-9.3053e-07,1.28331e-05,0.237014,0.134674,1.75991,0
18,10,3,10.0,-5.307e-07,-9.17215e-07,1.21008e-05,0.236979,0.134674,1.75965,0
19,10,3,10.0,-5.43108e-07,-9.38809e-07,1.12062e-05,0.236962,0.134674,1.75953,0
20,10,3,10.0,-5.68789e-07,-9.982e-07,1.01325e-05,0.236955,0.134674,1.75947,0
21,10,3,10.0,-6.02326e-07,-1.10247e-06,8.86136e-06,0.236951,0.134674,1.75944,0
22,10,3,10.0,-6.43776e-07,-1.264e-06,7.37229e-06,0.23695,0.134674,1.75942,0
23,10,3,10.0,-6.95147e-07,-1.49919e-06,5.63921e-06,0.236949,0.134674,1.75942,0
0,11,3,10.0,-1.67425e-08,-2.91097e-07,8.63387e-06,0.238386,0.134735,1.76929,0
1,11,3,10.0,4.11321e-07,1.0446e-06,8.54933e-06,0.237616,0.134695,1.76411,0
2,11,3,10.0,3.09568e-07,6.82425e-07,8.70439e-06,0.237259,0.13468,1.76164,0
3,11,3,10.0,2.39181e-07,4.29514e-07,8.99614e-06,0.237092,0.134675,1.76047,0
4,11,3,10.0,1.78263e-07,2.56675e-07,9.37775e-06,0.237015,0.134674,1.75992,0
5,11,3,10.0,1.0997e-07,1.17851e-07,9.81209e-06,0.236979,0.134674,1.75965,0
6,11,3,10.0,4.94726e-08,1.99054e-08,1.02727e-05,0.236962,0.134674,1.75953,0
7,11,3,10.0,5.67583e-09,-5.67091e-08,1.07489e-05,0.236954,0.134674,1.75947,0
8,11,3,10.0,-4.67799e-08,-1.22675e-07,1.12436e-05,0.236941,0.134672,1.75939,0
9,11,3,10.0,-6.8517e-08,-2.19228e-07,1.17553e-05,0.238367,0.134731,1.7692,0
10,11,3,10.0,-1.81423e-07,-6.7441e-07,1.22552e-05,0.237607,0.134693,1.76406,0
11,11,3,10.0,-2.32245e-07,-7.41337e-07,1.26692e-05,0.237254,0.134679,1.76162,0
12,11,3,10.0,-2.65349e-07,-7.47537e-07,1.29781e-05,0.23709,0.134675,1.76046,0
13,11,3,10.0,-3.50658e-07,-7.2363e-07,1.32702e-05,0.238367,0.134731,1.7692,0
14,11,3,10.0,-4.95737e-07,-1.1966e-06,1.32332e-05,0.237607,0.134693,1.76406,0
15,11,3,10.0,-5.11537e-07,-1.07057e-06,1.29883e-05,0.237254,0.134679,1.76162,0
16,11,3,10.0,-5.2868e-07,-9.83041e-07,1.25769e-05,0.23709,0.134675,1.76046,0
17,11,3,10.0,-5.24717e-07,-9.27583e-07,1.20175e-05,0.237014,0.134674,1.75991,0
18,11,3,10.0,-5.21333e-07,-9.15178e-07,1.13164e-05,0.236978,0.134674,1.75965,0
19,11,3,10.0,-5.50492e-07,-9.39218e-07,1.04639e-05,0.236962,0.134674,1.75952,0
20,11,3,10.0,-5.75227e-07,-9.87054e-07,9.44666e-06,0.236954,0.134674,1.75946,0
21,11,3,10.0,-6.06633e-07,-1.09364e-06,8.25259e-06,0.236951,0.134674,1.75944,0
22,11,3,10.0,-6.47418e-07,-1.25681e-06,6.86309e-06,0.236949,0.134674,1.75942,0
23,11,3,10.0,-6.91203e-07,-1.49414e-06,5.25065e-06,0.236948,0.134674,1.75942,0
0,12,3,10.0,-3.70845e-09,-3.28951e-07,8.08335e-06,0.238386,0.134735,1.76929,0
1,12,3,10.0,4.22419e-07,1.1453e-06,7.91882e-06,0.237616,0.134695,1.76411,0
2,12,3,10.0,3.00504e-07,7.54507e-07,8.05181e-06,0.237259,0.13468,1.76164,0
3,12,3,10.0,2.33906e-07,4.62278e-07,8.33962e-06,0.237092,0.134675,1.76047,0
4,12,3,10.0,1.81584e-07,2.61856e-07,8.72664e-06,0.237015,0.134674,1.75992,0
5,12,3,10.0,1.12181e-07,1.04556e-07,9.1535e-06,0.236979,0.134674,1.75965,0
6,12,3,10.0,5.94462e-08,-1.03896e-08,9.59865e-06,0.236962,0.134674,1.75953,0
7,12,3,10.0,1.8723e-08,-1.03636e-07,1.0064e-05,0.236954,0.134674,1.75947,0
8,12,3,10.0,-4.26368e-08,-1.74409e-07,1.05506e-05,0.236941,0.134672,1.75939,0
9,12,3,10.0,-4.49205e-08,-2.95795e-07,1.10885e-05,0.238367,0.134731,1.7692,0
10,12,3,10.0,-1.78975e-07,-7.59648e-07,1.15972e-05,0.237607,0.134693,1.76406,0
11,12,3,10.0,-2.52931e-07,-8.09574e-07,1.19808e-05,0.237254,0.134679,1.76162,0
12,12,3,10.0,-2.85467e-07,-8.15161e-07,1.22667e-05,0.23709,0.134675,1.76046,0
13,12,3,10.0,-3.61811e-07,-7.70784e-07,1.25245e-05,0.238357,0.134729,1.76915,0
14,12,3,10.0,-4.92932e-07,-1.23724e-06,1.24751e-05,0.237588,0.134689,1.76397,0
15,12,3,10.0,-5.04953e-07,-1.10711e-06,1.22213e-05,0.237229,0.134675,1.7615,0
16,12,3,10.0,-5.1657e-07,-1.0042e-06,1.18108e-05,0.237061,0.134669,1.76032,0
17,12,3,10.0,-4.84768e-07,-9.6026e-07,1.12783e-05,0.237,0.134671,1.75984,0
18,12,3,10.0,-5.04452e-07,-9.51249e-07,1.06101e-05,0.236972,0.134673,1.75962,0
19,12,3,10.0,-5.5348e-07,-9.57065e-07,9.78958e-06,0.236959,0.134673,1.75951,0
20,12,3,10.0,-5.75036e-07,-1.00129e-06,8.82448e-06,0.236953,0.134674,1.75946,0
21,12,3,10.0,-5.98663e-07,-1.10602e-06,7.70537e-06,0.23695,0.134674,1.75943,0
22,12,3,10.0,-6.35886e-07,-1.27105e-06,6.40899e-06,0.236949,0.134674,1.75942,0
23,12,3,10.0,-6.73842e-07,-1.51819e-06,4.90854e-06,0.236948,0.134674,1.75942,0
0,13,3,10.0,-3.22877e-08,-3.89296e-07,7.51998e-06,0.238397,0.134738,1.76934,0
1,13,3,10.0,3.26025e-07,1.26829e-06,7.2936e-06,0.237605,0.134693,1.76404,0
2,13,3,10.0,2.9656e-07,8.7175e-07,7.41428e-06,0.237235,0.134677,1.76152,0
3,13,3,10.0,2.23737e-07,5.23665e-07,7.70926e-06,0.237081,0.134674,1.76041,0
4,13,3,10.0,1.46239e-07,2.81329e-07,8.11021e-06,0.23701,0.134673,1.75989,0
5,13,3,10.0,1.04601e-07,1.00291e-07,8.54458e-06,0.236976,0.134674,1.75964,0
6,13,3,10.0,6.97571e-08,-4.55149e-08,8.99212e-06,0.236961,0.134674,1.75952,0
7,13,3,10.0,1.98756e-09,-1.6534e-07,9.45822e-06,0.236954,0.134674,1.75946,0
8,13,3,10.0,1.39445e-08,-2.64822e-07,9.95005e-06,0.236941,0.134672,1.75939,0
9,13,3,10.0,-1.10943e-07,-3.24871e-07,1.04982e-05,0.238377,0.134734,1.76924,0
10,13,3,10.0,-1.85852e-07,-8.13441e-07,1.10187e-05,0.237592,0.134691,1.76398,0
11,13,3,10.0,-1.94073e-07,-7.97368e-07,1.13722e-05,0.237227,0.134675,1.76148,0
12,13,3,10.0,-2.42019e-07,-7.74626e-07,1.16279e-05,0.237077,0.134673,1.76039,0
13,13,3,10.0,-3.28588e-07,-7.27901e-07,1.18477e-05,0.238377,0.134733,1.76925,0
14,13,3,10.0,-4.44927e-07,-1.2305e-06,1.18118e-05,0.237626,0.134697,1.76416,0
15,13,3,10.0,-4.67781e-07,-1.08583e-06,1.15513e-05,0.23728,0.134684,1.76175,0
16,13,3,10.0,-4.56203e-07,-9.90357e-07,1.115e-05,0.237119,0.134681,1.76061,0
17,13,3,10.0,-4.75985e-07,-9.37703e-07,1.06372e-05,0.237047,0.134681,1.76006,0
18,13,3,10.0,-5.28533e-07,-9.1557e-07,9.98288e-06,0.236973,0.134674,1.75961,0
19,13,3,10.0,-5.3384e-07,-9.16274e-07,9.18676e-06,0.236939,0.134671,1.7594,0
20,13,3,10.0,-5.59924e-07,-9.87412e-07,8.27048e-06,0.236944,0.134673,1.7594,0
21,13,3,10.0,-5.87833e-07,-1.08893e-06,7.22249e-06,0.236946,0.134674,1.75941,0
22,13,3,10.0,-6.14854e-07,-1.27262e-06,6.01199e-06,0.236947,0.134674,1.75941,0
23,13,3,10.0,-6.43072e-07,-1.532e-06,4.61141e-06,0.236947,0.134674,1.75941,0
0,14,3,10.0,1.27471e-08,-5.2667e-07,6.26796e-06,0.238386,0.134735,1.76929,0
1,14,3,10.0,3.00561e-07,1.64727e-06,6.14759e-06,0.237616,0.134695,1.76411,0
2,14,3,10.0,2.47348e-07,1.04988e-06,6.33315e-06,0.237259,0.13468,1.76164,0
3,14,3,10.0,1.99114e-07,6.1038e-07,6.68982e-06,0.237092,0.134675,1.76047,0
4,14,3,10.0,1.40049e-07,2.71098e-07,7.15279e-06,0.237015,0.134674,1.75992,0
5,14,3,10.0,1.18163e-07,1.84833e-08,7.67974e-06,0.236979,0.134674,1.75965,0
6,14,3,10.0,8.51713e-08,-1.77783e-07,8.2296e-06,0.236962,0.134674,1.75953,0
7,14,3,10.0,7.85363e-08,-3.11712e-07,8.77696e-06,0.236954,0.134674,1.75947,0
8,14,3,10.0,-9.24934e-09,-3.94479e-07,9.30975e-06,0.236951,0.134674,1.75944,0
9,14,3,10.0,-4.75743e-08,-4.78797e-07,9.78958e-06,0.236949,0.134674,1.75942,0
10,14,3,10.0,-1.30889e-07,-5.44691e-07,1.01937e-05,0.236948,0.134674,1.75942,0
11,14,3,10.0,-1.99068e-07,-5.90076e-07,1.05083e-05,0.236948,0.134674,1.75941,0
12,14,3,10.0,-2.24184e-07,-6.00041e-07,1.07237e-05,0.236948,0.134674,1.75941,0
13,14,3,10.0,-3.23911e-07,-5.92998e-07,1.08377e-05,0.238367,0.134731,1.7692,0
14,14,3,10.0,-3.97368e-07,-8.15178e-07,1.07205e-05,0.237607,0.134693,1.76406,0
15,14,3,10.0,-4.06635e-07,-7.42473e-07,1.04526e-05,0.237254,0.134679,1.76162,0
16,14,3,10.0,-4.42065e-07,-6.98214e-07,1.00611e-05,0.23709,0.134675,1.76046,0
17,14,3,10.0,-4.69748e-07,-6.90318e-07,9.55441e-06,0.237014,0.134674,1.75991,0
18,14,3,10.0,-4.69374e-07,-7.12855e-07,8.94145e-06,0.236978,0.134674,1.75965,0
19,14,3,10.0,-4.82462e-07,-7.67714e-07,8.23128e-06,0.236962,0.134674,1.75952,0
20,14,3,10.0,-4.95195e-07,-8.65632e-07,7.42125e-06,0.236954,0.134674,1.75946,0
21,14,3,10.0,-5.10075e-07,-1.02818e-06,6.49242e-06,0.236951,0.134674,1.75944,0
22,14,3,10.0,-5.21285e-07,-1.25218e-06,5.42659e-06,0.236949,0.134674,1.75942,0
23,14,3,10.0,-5.27583e-07,-1.56415e-06,4.18646e-06,0.236948,0.134674,1.75942,0
0,15,3,10.0,3.16102e-08,-6.13614e-07,5.92146e-06,0.238386,0.134735,1.76929,0
1,15,3,10.0,2.21798e-07,1.88286e-06,5.80577e-06,0.237616,0.134695,1.76411,0
2,15,3,10.0,1.92784e-07,1.17671e-06,6.0164e-06,0.237259,0.13468,1.76164,0
3,15,3,10.0,1.91994e-07,6.57645e-07,6.42792e-06,0.237092,0.134675,1.76047,0
4,15,3,10.0,1.50448e-07,2.68405e-07,6.95911e-06,0.237015,0.134674,1.75992,0
5,15,3,10.0,1.12347e-07,-3.90454e-08,7.56128e-06,0.236979,0.134674,1.75965,0
6,15,3,10.0,5.8711e-08,-2.56251e-07,8.18829e-06,0.236962,0.134674,1.75953,0
7,15,3,10.0,4.06048e-08,-4.00655e-07,8.80702e-06,0.236954,0.134674,1.75947,0
8,15,3,10.0,2.6449e-08,-4.99228e-07,9.3681e-06,0.236951,0.134674,1.75944,0
9,15,3,10.0,-8.91979e-08,-5.66224e-07,9.84716e-06,0.236949,0.134674,1.75942,0
10,15,3,10.0,-1.72579e-07,-6.2111e-07,1.02285e-05,0.236948,0.134674,1.75942,0
11,15,3,10.0,-2.03736e-07,-6.5944e-07,1.05146e-05,0.236948,0.134674,1.75941,0
12,15,3,10.0,-2.72431e-07,-6.77359e-07,1.07051e-05,0.236948,0.134674,1.75941,0
13,15,3,10.0,-3.31998e-07,-6.56712e-07,1.07562e-05,0.238367,0.134731,1.7692,0
14,15,3,10.0,-4.02426e-07,-8.87729e-07,1.06135e-05,0.237607,0.134693,1.76406,0
15,15,3,10.0,-4.36772e-07,-8.02087e-07,1.03266e-05,0.237254,0.134679,1.76162,0
16,15,3,10.0,-4.4969e-07,-7.42369e-07,9.92208e-06,0.23709,0.134675,1.76046,0
17,15,3,10.0,-4.62528e-07,-7.31633e-07,9.4083e-06,0.237014,0.134674,1.75991,0
18,15,3,10.0,-4.62997e-07,-7.52951e-07,8.80267e-06,0.236978,0.134674,1.75965,0
19,15,3,10.0,-4.58158e-07,-8.17113e-07,8.11154e-06,0.236962,0.134674,1.75952,0
20,15,3,10.0,-4.66091e-07,-9.31309e-07,7.3238e-06,0.236954,0.134674,1.75946,0
21,15,3,10.0,-4.65089e-07,-1.09881e-06,6.42973e-06,0.236951,0.134674,1.75944,0
22,15,3,10.0,-4.72258e-07,-1.34061e-06,5.39886e-06,0.236949,0.134674,1.75942,0
23,15,3,10.0,-4.6831e-07,-1.67286e-06,4.19136e-06,0.236948,0.134674,1.75942,0
0,16,3,10.0,7.40376e-08,-7.12375e-07,5.80629e-06,0.238386,0.134735,1.76929,0
1,16,3,10.0,1.96273e-07,2.12109e-06,5.64481e-06,0.237616,0.134695,1.76411,0
2,16,3,10.0,2.64516e-07,1.31802e-06,5.89994e-06,0.237258,0.13468,1.76164,0
3,16,3,10.0,2.05919e-07,7.02034e-07,6.37048e-06,0.237092,0.134675,1.76047,0
4,16,3,10.0,1.76288e-07,2.56176e-07,6.98575e-06,0.237015,0.134674,1.75992,0
5,16,3,10.0,1.37705e-07,-9.79463e-08,7.66859e-06,0.236979,0.134674,1.75965,0
6,16,3,10.0,1.54695e-07,-3.35674e-07,8.38316e-06,0.236962,0.134674,1.75953,0
7,16,3,10.0,9.62084e-08,-4.84427e-07,9.06542e-06,0.236954,0.134674,1.75947,0
8,16,3,10.0,1.48344e-08,-6.18738e-07,9.66515e-06,0.236951,0.134674,1.75944,0
9,16,3,10.0,-6.43453e-08,-6.76918e-07,1.01417e-05,0.236949,0.134674,1.75942,0
10,16,3,10.0,-7.23319e-08,-7.0785e-07,1.05178e-05,0.236948,0.134674,1.75942,0
11,16,3,10.0,-1.74848e-07,-7.3802e-07,1.07821e-05,0.236948,0.134674,1.75941,0
12,16,3,10.0,-2.34866e-07,-7.41166e-07,1.09351e-05,0.236948,0.134674,1.75941,0
13,16,3,10.0,-2.91729e-07,-7.26997e-07,1.09364e-05,0.238367,0.134731,1.7692,0
14,16,3,10.0,-3.36545e-07,-9.56988e-07,1.07765e-05,0.237607,0.134693,1.76406,0
15,16,3,10.0,-3.51927e-07,-8.53501e-07,1.04667e-05,0.237254,0.134679,1.76162,0
16,16,3,10.0,-3.84071e-07,-7.97555e-07,1.00433e-05,0.23709,0.134675,1.76046,0
17,16,3,10.0,-3.67448e-07,-7.61034e-07,9.52201e-06,0.237014,0.134674,1.75991,0
18,16,3,10.0,-3.53986e-07,-7.803e-07,8.9152e-06,0.236978,0.134674,1.75965,0
19,16,3,10.0,-3.61441e-07,-8.46366e-07,8.22429e-06,0.236962,0.134674,1.75952,0
20,16,3,10.0,-3.46329e-07,-9.63948e-07,7.44703e-06,0.236954,0.134674,1.75946,0
21,16,3,10.0,-3.7213e-07,-1.14296e-06,6.56291e-06,0.236951,0.134674,1.75944,0
22,16,3,10.0,-3.78451e-07,-1.39157e-06,5.54127e-06,0.236949,0.134674,1.75942,0
23,16,3,10.0,-3.7084e-07,-1.74592e-06,4.33354e-06,0.236948,0.134674,1.75942,0
0,17,3,10.0,5.70827e-08,-8.01066e-07,5.79497e-06,0.238396,0.134737,1.76934,0
1,17,3,10.0,2.10468e-07,2.34662e-06,5.59467e-06,0.237635,0.134699,1.7642,0
2,17,3,10.0,1.96415e-07,1.39212e-06,5.88659e-06,0.237284,0.134685,1.76177,0
3,17,3,10.0,2.13575e-07,7.32762e-07,6.43014e-06,0.237122,0.134681,1.76062,0
4,17,3,10.0,1.59601e-07,2.09383e-07,7.11217e-06,0.237047,0.13468,1.76007,0
5,17,3,10.0,1.75388e-07,-2.06532e-07,7.87678e-06,0.237012,0.13468,1.75981,0
6,17,3,10.0,9.77705e-08,-4.7802e-07,8.65266e-06,0.236996,0.13468,1.75969,0
7,17,3,10.0,2.44244e-08,-6.73119e-07,9.37798e-06,0.236988,0.13468,1.75964,0
8,17,3,10.0,-5.28067e-08,-7.95061e-07,9.98968e-06,0.236985,0.134681,1.75961,0
9,17,3,10.0,-3.19248e-08,-8.54224e-07,1.04796e-05,0.236983,0.134681,1.75959,0
10,17,3,10.0,-1.78825e-07,-8.69644e-07,1.08421e-05,0.236983,0.134681,1.75959,0
11,17,3,10.0,-2.48925e-07,-8.57659e-07,1.10803e-05,0.236982,0.134681,1.75959,0
12,17,3,10.0,-2.23503e-07,-8.79552e-07,1.12149e-05,0.236982,0.134681,1.75958,0
13,17,3,10.0,-2.95178e-07,-8.59951e-07,1.11766e-05,0.238377,0.134733,1.76925,0
14,17,3,10.0,-3.57924e-07,-1.12207e-06,1.10085e-05,0.237626,0.134697,1.76416,0
15,17,3,10.0,-3.52621e-07,-1.00393e-06,1.06824e-05,0.23728,0.134684,1.76175,0
16,17,3,10.0,-3.88126e-07,-8.93071e-07,1.02332e-05,0.23711,0.134679,1.76056,0
17,17,3,10.0,-3.98227e-07,-8.74446e-07,9.69576e-06,0.238377,0.134733,1.76925,0
18,17,3,10.0,-3.94289e-07,-2.58589e-07,9.07423e-06,0.237626,0.134697,1.76416,0
19,17,3,10.0,-3.70991e-07,-4.11108e-07,8.3773e-06,0.23728,0.134684,1.76175,0
20,17,3,10.0,-3.81485e-07,-5.91257e-07,7.60663e-06,0.237119,0.134681,1.76061,0
21,17,3,10.0,-3.80246e-07,-8.10806e-07,6.72893e-06,0.237046,0.13468,1.76007,0
22,17,3,10.0,-3.73894e-07,-1.11852e-06,5.70949e-06,0.237011,0.13468,1.75981,0
23,17,3,10.0,-3.69986e-07,-1.52586e-06,4.49561e-06,0.236996,0.13468,1.75969,0
0,18,3,10.0,5.47501e-08,-9.01749e-07,5.79165e-06,0.238386,0.134735,1.76929,0
1,18,3,10.0,1.92981e-07,2.55484e-06,5.49925e-06,0.237616,0.134695,1.76411,0
2,18,3,10.0,2.2586e-07,1.54627e-06,5.81888e-06,0.237259,0.13468,1.76165,0
3,18,3,10.0,1.43632e-07,7.88447e-07,6.40635e-06,0.237092,0.134675,1.76047,0
4,18,3,10.0,1.83878e-07,2.3084e-07,7.14903e-06,0.237015,0.134674,1.75992,0
5,18,3,10.0,9.77026e-08,-1.68514e-07,7.95368e-06,0.236979,0.134674,1.75965,0
6,18,3,10.0,1.81283e-08,-4.66347e-07,8.74879e-06,0.236963,0.134674,1.75953,0
7,18,3,10.0,-7.60527e-08,-6.56248e-07,9.46313e-06,0.236955,0.134674,1.75947,0
8,18,3,10.0,-1.04861e-07,-7.82236e-07,1.00727e-05,0.236951,0.134674,1.75944,0
9,18,3,10.0,-1.76343e-07,-8.40963e-07,1.05608e-05,0.236949,0.134674,1.75942,0
10,18,3,10.0,-2.89655e-07,-8.17217e-07,1.08948e-05,0.236949,0.134674,1.75942,0
11,18,3,10.0,-2.42779e-07,-8.1653e-07,1.11178e-05,0.236948,0.134675,1.75942,0
12,18,3,10.0,-3.17586e-07,-8.13464e-07,1.12417e-05,0.236948,0.134675,1.75941,0
13,18,3,10.0,-3.19772e-07,-8.17683e-07,1.11825e-05,0.238367,0.134731,1.7692,0
14,18,3,10.0,-3.87325e-07,-1.09629e-06,1.10044e-05,0.237607,0.134693,1.76406,0
15,18,3,10.0,-4.15709e-07,-9.86556e-07,1.06753e-05,0.237255,0.134679,1.76162,0
16,18,3,10.0,-4.20683e-07,-8.83975e-07,1.02179e-05,0.23708,0.134673,1.76042,0
17,18,3,10.0,-4.16573e-07,-8.9629e-07,9.67122e-06,0.238367,0.134731,1.7692,0
18,18,3,10.0,-3.99371e-07,-3.27145e-07,9.04253e-06,0.237607,0.134693,1.76406,0
19,18,3,10.0,-3.68942e-07,-4.98011e-07,8.36382e-06,0.237255,0.134679,1.76162,0
20,18,3,10.0,-3.74381e-07,-6.81315e-07,7.60956e-06,0.23709,0.134675,1.76046,0
21,18,3,10.0,-3.65094e-07,-9.09948e-07,6.75572e-06,0.237014,0.134674,1.75991,0
22,18,3,10.0,-3.63853e-07,-1.22467e-06,5.7594e-06,0.236979,0.134674,1.75965,0
23,18,3,10.0,-3.67191e-07,-1.64474e-06,4.55626e-06,0.236962,0.134674,1.75953,0
0,19,3,10.0,-1.14861e-09,-9.73181e-07,5.57881e-06,0.238386,0.134735,1.76929,0
1,19,3,10.0,2.6615e-07,2.71605e-06,5.25528e-06,0.237616,0.134695,1.76411,0
2,19,3,10.0,1.85187e-07,1.59957e-06,5.58851e-06,0.237259,0.13468,1.76164,0
3,19,3,10.0,1.93614e-07,8.06839e-07,6.2078e-06,0.237092,0.134675,1.76047,0
4,19,3,10.0,1.4323e-07,2.02166e-07,6.97312e-06,0.237015,0.134674,1.75992,0
5,19,3,10.0,7.78658e-08,-2.15863e-07,7.78242e-06,0.236979,0.134674,1.75965,0
6,19,3,10.0,-2.40767e-08,-4.96134e-07,8.55032e-06,0.236962,0.134674,1.75953,0
7,19,3,10.0,-8.9216e-08,-6.91647e-07,9.23937e-06,0.236954,0.134674,1.75947,0
8,19,3,10.0,-1.2297e-07,-8.203e-07,9.81378e-06,0.236951,0.134674,1.75944,0
9,19,3,10.0,-2.83222e-07,-8.64317e-07,1.02665e-05,0.236949,0.134674,1.75942,0
10,19,3,10.0,-2.08239e-07,-8.3757e-07,1.05828e-05,0.236948,0.134674,1.75942,0
11,19,3,10.0,-2.75235e-07,-8.29624e-07,1.08092e-05,0.236948,0.134674,1.75941,0
12,19,3,10.0,-2.73626e-07,-8.18817e-07,1.09122e-05,0.236948,0.134674,1.75941,0
13,19,3,10.0,-3.14573e-07,-8.37527e-07,1.08435e-05,0.238367,0.134731,1.7692,0
14,19,3,10.0,-3.69768e-07,-1.11786e-06,1.06777e-05,0.237607,0.134693,1.76406,0
15,19,3,10.0,-3.68925e-07,-9.98201e-07,1.0363e-05,0.237254,0.134679,1.76162,0
16,19,3,10.0,-3.87073e-07,-9.06343e-07,9.92491e-06,0.23708,0.134673,1.76041,0
17,19,3,10.0,-3.36409e-07,-9.30044e-07,9.40092e-06,0.238367,0.134731,1.7692,0
18,19,3,10.0,-3.51137e-07,-3.4766e-07,8.78179e-06,0.237607,0.134693,1.76406,0
19,19,3,10.0,-3.67234e-07,-5.31922e-07,8.1313e-06,0.237254,0.134679,1.76162,0
20,19,3,10.0,-3.54199e-07,-7.22046e-07,7.42182e-06,0.23709,0.134675,1.76046,0
21,19,3,10.0,-3.53008e-07,-9.59971e-07,6.60904e-06,0.237014,0.134674,1.75991,0
22,19,3,10.0,-3.77096e-07,-1.27704e-06,5.651e-06,0.236978,0.134674,1.75965,0
23,19,3,10.0,-3.61123e-07,-1.71099e-06,4.48901e-06,0.236962,0.134674,1.75952,0
0,20,3,10.0,-7.76336e-08,-1.00743e-06,5.12897e-06,0.238386,0.134735,1.76929,0
1,20,3,10.0,2.51589e-07,2.80118e-06,4.79392e-06,0.237616,0.134695,1.76411,0
2,20,3,10.0,1.63532e-07,1.64808e-06,5.13073e-06,0.237258,0.13468,1.76164,0
3,20,3,10.0,1.43235e-07,7.93215e-07,5.755e-06,0.237092,0.134675,1.76047,0
4,20,3,10.0,6.55458e-08,1.94482e-07,6.51743e-06,0.237015,0.134674,1.75992,0
5,20,3,10.0,-1.67647e-08,-2.30141e-07,7.29297e-06,0.236979,0.134674,1.75965,0
6,20,3,10.0,-1.0845e-07,-4.92557e-07,8.01894e-06,0.236962,0.134674,1.75953,0
7,20,3,10.0,-1.44846e-07,-6.85873e-07,8.65029e-06,0.236954,0.134674,1.75947,0
8,20,3,10.0,-2.33577e-07,-8.10636e-07,9.18517e-06,0.236951,0.134674,1.75944,0
9,20,3,10.0,-2.7484e-07,-8.09752e-07,9.57746e-06,0.236949,0.134674,1.75942,0
10,20,3,10.0,-2.96671e-07,-8.19167e-07,9.89141e-06,0.236948,0.134674,1.75942,0
11,20,3,10.0,-3.57257e-07,-7.85519e-07,1.00845e-05,0.236948,0.134674,1.75941,0
12,20,3,10.0,-3.55968e-07,-7.95536e-07,1.0181e-05,0.236948,0.134674,1.75941,0
13,20,3,10.0,-3.32058e-07,-8.48387e-07,1.01429e-05,0.238367,0.134731,1.7692,0
14,20,3,10.0,-3.89516e-07,-1.12542e-06,1.00142e-05,0.237607,0.134693,1.76406,0
15,20,3,10.0,-3.76353e-07,-1.01871e-06,9.74194e-06,0.237254,0.134679,1.76162,0
16,20,3,10.0,-3.75499e-07,-9.01226e-07,9.34819e-06,0.23708,0.134673,1.76041,0
17,20,3,10.0,-3.84622e-07,-9.43423e-07,8.87505e-06,0.238367,0.134731,1.7692,0
18,20,3,10.0,-2.80279e-07,-3.96388e-07,8.30501e-06,0.237607,0.134693,1.76406,0
19,20,3,10.0,-2.8653e-07,-5.69184e-07,7.70808e-06,0.237254,0.134679,1.76162,0
20,20,3,10.0,-3.21434e-07,-7.54465e-07,7.05131e-06,0.23709,0.134675,1.76046,0
21,20,3,10.0,-3.22583e-07,-9.85274e-07,6.29585e-06,0.237014,0.134674,1.75991,0
22,20,3,10.0,-3.24369e-07,-1.31002e-06,5.39577e-06,0.236978,0.134674,1.75965,0
23,20,3,10.0,-3.35016e-07,-1.75093e-06,4.30109e-06,0.236962,0.134674,1.75952,0
0,21,3,10.0,-7.86046e-08,-9.83083e-07,4.40712e-06,0.238386,0.134735,1.76929,0
1,21,3,10.0,2.54238e-07,2.80261e-06,4.11899e-06,0.237616,0.134695,1.76411,0
2,21,3,10.0,1.85055e-07,1.65193e-06,4.44176e-06,0.237259,0.13468,1.76164,0
3,21,3,10.0,4.80287e-08,7.90646e-07,5.04072e-06,0.237092,0.134675,1.76047,0
4,21,3,10.0,-1.91794e-08,1.88287e-07,5.7453e-06,0.237015,0.134674,1.75992,0
5,21,3,10.0,-1.08547e-07,-1.79344e-07,6.4573e-06,0.236979,0.134674,1.75965,0
6,21,3,10.0,-1.32263e-07,-4.31398e-07,7.12319e-06,0.236962,0.134674,1.75953,0
7,21,3,10.0,-2.15112e-07,-6.16602e-07,7.70588e-06,0.236954,0.134674,1.75947,0
8,21,3,10.0,-3.18862e-07,-6.98134e-07,8.16412e-06,0.236951,0.134674,1.75944,0
9,21,3,10.0,-3.08305e-07,-7.18012e-07,8.52279e-06,0.236949,0.134674,1.75942,0
10,21,3,10.0,-3.79947e-07,-7.11072e-07,8.79265e-06,0.236948,0.134674,1.75942,0
11,21,3,10.0,-3.31213e-07,-6.91113e-07,8.97321e-06,0.236948,0.134674,1.75941,0
12,21,3,10.0,-3.00533e-07,-7.20342e-07,9.08726e-06,0.236948,0.134674,1.75941,0
13,21,3,10.0,-2.86324e-07,-7.96212e-07,9.10855e-06,0.238367,0.134731,1.7692,0
14,21,3,10.0,-4.06305e-07,-1.1011e-06,9.0251e-06,0.237607,0.134693,1.76406,0
15,21,3,10.0,-3.99261e-07,-9.91947e-07,8.81405e-06,0.237254,0.134679,1.76162,0
16,21,3,10.0,-3.76246e-07,-8.66371e-07,8.49208e-06,0.23708,0.134673,1.76041,0
17,21,3,10.0,-3.51455e-07,-9.12009e-07,8.09262e-06,0.238367,0.134731,1.7692,0
18,21,3,10.0,-2.49039e-07,-4.3187e-07,7.61649e-06,0.237607,0.134693,1.76406,0
19,21,3,10.0,-2.5829e-07,-5.77124e-07,7.09651e-06,0.237254,0.134679,1.76162,0
20,21,3,10.0,-2.67636e-07,-7.48397e-07,6.50772e-06,0.23709,0.134675,1.76046,0
21,21,3,10.0,-2.77557e-07,-9.83538e-07,5.82421e-06,0.237014,0.134674,1.75991,0
22,21,3,10.0,-2.85645e-07,-1.30979e-06,5.00634e-06,0.236978,0.134674,1.75965,0
23,21,3,10.0,-3.12021e-07,-1.74965e-06,3.99658e-06,0.236962,0.134674,1.75952,0
0,22,3,10.0,-1.33881e-07,-9.61905e-07,3.59209e-06,0.238386,0.134735,1.76929,0
1,22,3,10.0,2.71585e-07,2.78762e-06,3.34573e-06,0.237616,0.134695,1.76411,0
2,22,3,10.0,9.45539e-08,1.65047e-06,3.63722e-06,0.237259,0.13468,1.76164,0
3,22,3,10.0,-1.86224e-08,8.28737e-07,4.15689e-06,0.237092,0.134675,1.76047,0
4,22,3,10.0,-7.72489e-08,2.63566e-07,4.78394e-06,0.237015,0.134674,1.75992,0
5,22,3,10.0,-1.29817e-07,-9.21925e-08,5.42377e-06,0.236979,0.134674,1.75965,0
6,22,3,10.0,-2.28384e-07,-3.23735e-07,6.02068e-06,0.236962,0.134674,1.75953,0
7,22,3,10.0,-2.99004e-07,-4.78408e-07,6.52682e-06,0.236954,0.134674,1.75947,0
8,22,3,10.0,-3.1598e-07,-5.49764e-07,6.93083e-06,0.236951,0.134674,1.75944,0
9,22,3,10.0,-3.34192e-07,-5.4444e-07,7.25623e-06,0.236949,0.134674,1.75942,0
10,22,3,10.0,-3.48137e-07,-5.6586e-07,7.49852e-06,0.236948,0.134674,1.75942,0
11,22,3,10.0,-3.75185e-07,-5.81598e-07,7.68474e-06,0.236948,0.134674,1.75941,0
12,22,3,10.0,-3.25418e-07,-5.62764e-07,7.81192e-06,0.236948,0.134674,1.75941,0
13,22,3,10.0,-3.11605e-07,-7.69041e-07,7.85053e-06,0.238362,0.13473,1.76918,0
14,22,3,10.0,-3.72949e-07,-1.03478e-06,7.84382e-06,0.237603,0.134692,1.76404,0
15,22,3,10.0,-3.59818e-07,-9.21592e-07,7.70361e-06,0.237251,0.134679,1.76161,0
16,22,3,10.0,-3.33921e-07,-8.15747e-07,7.46528e-06,0.237078,0.134673,1.76041,0
17,22,3,10.0,-3.157e-07,-8.45574e-07,7.15095e-06,0.238367,0.134731,1.7692,0
18,22,3,10.0,-2.37202e-07,-5.06301e-07,6.74682e-06,0.237607,0.134693,1.76406,0
19,22,3,10.0,-2.60937e-07,-6.14853e-07,6.30903e-06,0.237254,0.134679,1.76162,0
20,22,3,10.0,-2.66131e-07,-7.69725e-07,5.80605e-06,0.23709,0.134675,1.76046,0
21,22,3,10.0,-2.72584e-07,-9.96415e-07,5.21103e-06,0.237014,0.134674,1.75991,0
22,22,3,10.0,-2.86213e-07,-1.31398e-06,4.4855e-06,0.236978,0.134674,1.75965,0
23,22,3,10.0,-2.97548e-07,-1.74273e-06,3.58054e-06,0.236962,0.134674,1.75952,0
0,23,3,10.0,-1.30294e-07,-8.97214e-07,2.78039e-06,0.238386,0.134735,1.76929,0
1,23,3,10.0,1.68393e-07,2.74492e-06,2.61376e-06,0.237616,0.134695,1.76411,0
2,23,3,10.0,4.32996e-08,1.67139e-06,2.86477e-06,0.237259,0.13468,1.76164,0
3,23,3,10.0,-5.36624e-08,8.96164e-07,3.31619e-06,0.237092,0.134675,1.76047,0
4,23,3,10.0,-1.32154e-07,3.61975e-07,3.86302e-06,0.237015,0.134674,1.75992,0
5,23,3,10.0,-1.97241e-07,2.5519e-08,4.42535e-06,0.236979,0.134674,1.75965,0
6,23,3,10.0,-2.47314e-07,-1.9543e-07,4.94189e-06,0.236962,0.134674,1.75953,0
7,23,3,10.0,-2.90845e-07,-3.25597e-07,5.38878e-06,0.236954,0.134674,1.75947,0
8,23,3,10.0,-3.06314e-07,-3.7354e-07,5.75974e-06,0.236951,0.134674,1.75944,0
9,23,3,10.0,-3.45683e-07,-4.07393e-07,6.06367e-06,0.236949,0.134674,1.75942,0
10,23,3,10.0,-3.25041e-07,-4.02847e-07,6.29944e-06,0.236948,0.134674,1.75942,0
11,23,3,10.0,-2.98109e-07,-4.55279e-07,6.47909e-06,0.236948,0.134674,1.75941,0
12,23,3,10.0,-3.03274e-07,-4.9381e-07,6.62248e-06,0.236948,0.134674,1.75941,0
13,23,3,10.0,-3.03987e-07,-6.40622e-07,6.68924e-06,0.238362,0.13473,1.76918,0
14,23,3,10.0,-3.42889e-07,-9.1813e-07,6.72739e-06,0.237603,0.134692,1.76404,0
15,23,3,10.0,-3.2094e-07,-8.25934e-07,6.6472e-06,0.237251,0.134679,1.76161,0
16,23,3,10.0,-2.97745e-07,-7.25065e-07,6.47889e-06,0.237078,0.134673,1.7604,0
17,23,3,10.0,-2.89695e-07,-7.50856e-07,6.23183e-06,0.238367,0.134731,1.7692,0
18,23,3,10.0,-2.13997e-07,-4.57583e-07,5.89056e-06,0.237607,0.134693,1.76406,0
19,23,3,10.0,-2.20493e-07,-5.59453e-07,5.52287e-06,0.237254,0.134679,1.76162,0
20,23,3,10.0,-2.24551e-07,-7.0978e-07,5.09947e-06,0.23709,0.134675,1.76046,0
21,23,3,10.0,-2.2818e-07,-9.39005e-07,4.58644e-06,0.237014,0.134674,1.75991,0
22,23,3,10.0,-2.32461e-07,-1.25252e-06,3.95154e-06,0.236978,0.134674,1.75965,0
23,23,3,10.0,-2.44863e-07,-1.6832e-06,3.14988e-06,0.236962,0.134674,1.75952,0
0,0,4,10.0,-6.24029e-10,-2.07955e-07,1.19594e-05,0.238382,0.134756,1.76899,0
1,0,4,10.0,1.71819e-08,3.7259e-07,1.19183e-05,0.237607,0.134725,1.76365,0
2,0,4,10.0,1.00442e-08,1.59774e-07,1.20266e-05,0.237245,0.134713,1.76111,0
3,0,4,10.0,4.43967e-09,5.86728e-09,1.22331e-05,0.237076,0.134709,1.75991,0
4,0,4,10.0,2.07969e-09,-1.06638e-07,1.25124e-05,0.236997,0.134708,1.75934,0
5,0,4,10.0,-2.86128e-09,-2.09198e-07,1.28482e-05,0.23696,0.134708,1.75906,0
6,0,4,10.0,-5.87541e-09,-3.14936e-07,1.32152e-05,0.236943,0.134708,1.75894,0
7,0,4,10.0,-9.29019e-09,-4.24791e-07,1.35902e-05,0.236935,0.134708,1.75887,0
8,0,4,10.0,-1.32616e-08,-5.4794e-07,1.39451e-05,0.236931,0.134708,1.75885,0
9,0,4,10.0,-3.0382e-08,-6.86268e-07,1.42519e-05,0.236929,0.134708,1.75883,0
10,0,4,10.0,-1.79267e-08,-9.23763e-07,1.44871e-05,0.236929,0.134709,1.75883,0
11,0,4,10.0,1.63955e-08,-1.17546e-06,1.46472e-05,0.236928,0.134709,1.75882,0
12,0,4,10.0,-5.37149e-08,-1.51031e-06,1.47671e-05,0.236928,0.134709,1.75882,0
13,0,4,10.0,-4.24644e-08,-1.90549e-06,1.47982e-05,0.238362,0.134753,1.76888,0
14,0,4,10.0,-4.76079e-08,-2.51312e-06,1.46955e-05,0.237597,0.134723,1.76359,0
15,0,4,10.0,-6.39263e-08,-2.43837e-06,1.45165e-05,0.23724,0.134712,1.76109,0
16,0,4,10.0,-3.72072e-08,-2.3416e-06,1.4233e-05,0.237074,0.134709,1.7599,0
17,0,4,10.0,-2.32264e-08,-2.22587e-06,1.38244e-05,0.236996,0.134708,1.75933,0
18,0,4,10.0,-2.04163e-08,-2.1145e-06,1.32392e-05,0.23696,0.134708,1.75906,0
19,0,4,10.0,-4.48668e-08,-2.05955e-06,1.24414e-05,0.236943,0.134708,1.75893,0
20,0,4,10.0,-2.51028e-08,-2.08193e-06,1.13594e-05,0.236935,0.134708,1.75887,0
21,0,4,10.0,-2.25261e-08,-2.18446e-06,9.9533e-06,0.236931,0.134708,1.75885,0
22,0,4,10.0,-2.93019e-08,-2.36215e-06,8.21506e-06,0.23693,0.134708,1.75883,0
23,0,4,10.0,-3.99895e-08,-2.64182e-06,6.15052e-06,0.236929,0.134709,1.75883,0
0,1,4,10.0,-8.96537e-09,-1.48589e-07,1.18044e-05,0.238393,0.134758,1.76905,0
1,1,4,10.0,9.58322e-08,7.99655e-07,1.17764e-05,0.237627,0.134727,1.76376,0
2,1,4,10.0,7.65426e-08,6.31442e-07,1.18797e-05,0.237271,0.134717,1.76126,0
3,1,4,10.0,6.20545e-08,5.31712e-07,1.20765e-05,0.237107,0.134713,1.76008,0
4,1,4,10.0,5.22673e-08,4.77164e-07,1.23454e-05,0.23703,0.134713,1.75952,0
5,1,4,10.0,4.1677e-08,4.48576e-07,1.26666e-05,0.236995,0.134713,1.75926,0
6,1,4,10.0,3.14468e-08,4.31068e-07,1.30193e-05,0.236979,0.134713,1.75914,0
7,1,4,10.0,1.80053e-08,4.19135e-07,1.33803e-05,0.236971,0.134713,1.75908,0
8,1,4,10.0,6.35571e-09,4.10786e-07,1.37228e-05,0.236967,0.134713,1.75905,0
9,1,4,10.0,2.9906e-09,3.94101e-07,1.40238e-05,0.236966,0.134713,1.75904,0
10,1,4,10.0,-2.95556e-08,3.20294e-07,1.42647e-05,0.236965,0.134713,1.75903,0
11,1,4,10.0,-1.30041e-09,1.70182e-07,1.44449e-05,0.236965,0.134713,1.75903,0
12,1,4,10.0,-2.48085e-08,-7.50389e-09,1.45629e-05,0.236965,0.134713,1.75903,0
13,1,4,10.0,-2.59066e-08,-2.52555e-07,1.46261e-05,0.238372,0.134755,1.76893,0
14,1,4,10.0,-6.27706e-08,-7.59654e-07,1.45384e-05,0.237617,0.134726,1.76371,0
15,1,4,10.0,-7.82648e-08,-6.76928e-07,1.43673e-05,0.237267,0.134716,1.76124,0
16,1,4,10.0,-7.12088e-08,-5.94105e-07,1.40885e-05,0.237105,0.134713,1.76007,0
17,1,4,10.0,-3.86332e-08,-5.22397e-07,1.36748e-05,0.237029,0.134713,1.75952,0
18,1,4,10.0,-3.48423e-08,-4.8829e-07,1.3085e-05,0.236995,0.134713,1.75926,0
19,1,4,10.0,-5.3604e-08,-5.25145e-07,1.2277e-05,0.236978,0.134713,1.75914,0
20,1,4,10.0,-5.2572e-08,-6.64127e-07,1.12042e-05,0.236971,0.134713,1.75908,0
21,1,4,10.0,-3.80232e-08,-9.2621e-07,9.82288e-06,0.236967,0.134713,1.75905,0
22,1,4,10.0,-5.59553e-08,-1.31929e-06,8.11321e-06,0.236966,0.134713,1.75904,0
23,1,4,10.0,-8.36351e-08,-1.88002e-06,6.0828e-06,0.236965,0.134713,1.75903,0
0,2,4,10.0,-1.1541e-08,-1.48094e-07,1.15668e-05,0.238393,0.134758,1.76905,0
1,2,4,10.0,1.43219e-07,7.85344e-07,1.15487e-05,0.237627,0.134727,1.76376,0
2,2,4,10.0,1.11528e-07,6.13603e-07,1.16479e-05,0.237272,0.134717,1.76126,0
3,2,4,10.0,8.50512e-08,5.07186e-07,1.18353e-05,0.237107,0.134714,1.76008,0
4,2,4,10.0,6.20836e-08,4.46897e-07,1.20915e-05,0.237031,0.134713,1.75953,0
5,2,4,10.0,4.05523e-08,4.13154e-07,1.23971e-05,0.236995,0.134713,1.75926,0
6,2,4,10.0,1.72499e-08,3.91062e-07,1.2732e-05,0.236979,0.134713,1.75914,0
7,2,4,10.0,-8.19846e-09,3.76895e-07,1.30742e-05,0.236971,0.134713,1.75908,0
8,2,4,10.0,-1.78813e-08,3.636e-07,1.34013e-05,0.236968,0.134713,1.75905,0
9,2,4,10.0,-5.32774e-08,3.4141e-07,1.36928e-05,0.236966,0.134713,1.75904,0
10,2,4,10.0,-4.61382e-08,2.39506e-07,1.39264e-05,0.236965,0.134713,1.75903,0
11,2,4,10.0,-4.94922e-08,1.10185e-07,1.41139e-05,0.236965,0.134713,1.75903,0
12,2,4,10.0,-5.00372e-08,-7.32878e-08,1.42411e-05,0.236965,0.134714,1.75903,0
13,2,4,10.0,-6.42509e-08,-3.00583e-07,1.43224e-05,0.238372,0.134755,1.76893,0
14,2,4,10.0,-8.97493e-08,-7.82047e-07,1.4244e-05,0.237617,0.134726,1.76371,0
15,2,4,10.0,-9.88191e-08,-7.09443e-07,1.40739e-05,0.237267,0.134716,1.76124,0
16,2,4,10.0,-8.42154e-08,-6.49193e-07,1.37905e-05,0.237105,0.134713,1.76007,0
17,2,4,10.0,-7.99355e-08,-5.89591e-07,1.3367e-05,0.23703,0.134713,1.75952,0
18,2,4,10.0,-8.39688e-08,-5.56602e-07,1.27674e-05,0.236995,0.134713,1.75926,0
19,2,4,10.0,-7.4797e-08,-5.94328e-07,1.1958e-05,0.236979,0.134713,1.75914,0
20,2,4,10.0,-5.96977e-08,-7.26776e-07,1.09032e-05,0.236971,0.134713,1.75908,0
21,2,4,10.0,-6.75818e-08,-9.69921e-07,9.56197e-06,0.236968,0.134713,1.75905,0
22,2,4,10.0,-8.96259e-08,-1.33669e-06,7.90582e-06,0.236966,0.134713,1.75904,0
23,2,4,10.0,-1.22866e-07,-1.8572e-06,5.93849e-06,0.236965,0.134713,1.75903,0
0,3,4,10.0,-1.53561e-08,-1.5024e-07,1.12556e-05,0.238393,0.134758,1.76905,0
1,3,4,10.0,1.9367e-07,7.76683e-07,1.12345e-05,0.237627,0.134727,1.76376,0
2,3,4,10.0,1.52111e-07,5.95603e-07,1.1328e-05,0.237272,0.134717,1.76126,0
3,3,4,10.0,1.15141e-07,4.79894e-07,1.15049e-05,0.237107,0.134714,1.76008,0
4,3,4,10.0,8.21407e-08,4.10132e-07,1.17462e-05,0.237031,0.134713,1.75953,0
5,3,4,10.0,5.01785e-08,3.68745e-07,1.20335e-05,0.236995,0.134713,1.75926,0
6,3,4,10.0,1.73107e-08,3.41398e-07,1.23478e-05,0.236979,0.134713,1.75914,0
7,3,4,10.0,-1.35799e-08,3.21215e-07,1.26695e-05,0.236971,0.134713,1.75908,0
8,3,4,10.0,-3.615e-08,3.03195e-07,1.29804e-05,0.236968,0.134713,1.75905,0
9,3,4,10.0,-7.58656e-08,2.67636e-07,1.32558e-05,0.236966,0.134713,1.75904,0
10,3,4,10.0,-5.7974e-08,1.76167e-07,1.34885e-05,0.236965,0.134713,1.75903,0
11,3,4,10.0,-7.60201e-08,6.7127e-09,1.36749e-05,0.236965,0.134713,1.75903,0
12,3,4,10.0,-8.19061e-08,-1.42572e-07,1.38062e-05,0.236965,0.134714,1.75903,0
13,3,4,10.0,-1.06686e-07,-3.55381e-07,1.38915e-05,0.238372,0.134755,1.76893,0
14,3,4,10.0,-1.36692e-07,-7.95169e-07,1.38158e-05,0.237617,0.134726,1.76371,0
15,3,4,10.0,-1.36573e-07,-7.42001e-07,1.36391e-05,0.237267,0.134716,1.76124,0
16,3,4,10.0,-1.38017e-07,-6.96117e-07,1.33423e-05,0.237105,0.134713,1.76007,0
17,3,4,10.0,-1.43466e-07,-6.46483e-07,1.29015e-05,0.23703,0.134713,1.75952,0
18,3,4,10.0,-1.33745e-07,-6.29395e-07,1.22949e-05,0.236995,0.134713,1.75926,0
19,3,4,10.0,-1.08569e-07,-6.65466e-07,1.14942e-05,0.236979,0.134713,1.75914,0
20,3,4,10.0,-9.84673e-08,-7.88489e-07,1.04678e-05,0.236971,0.134713,1.75908,0
21,3,4,10.0,-1.12477e-07,-1.01037e-06,9.17644e-06,0.236968,0.134713,1.75905,0
22,3,4,10.0,-1.34063e-07,-1.34367e-06,7.59355e-06,0.236966,0.134713,1.75904,0
23,3,4,10.0,-1.74243e-07,-1.81549e-06,5.71626e-06,0.236965,0.134713,1.75903,0
0,4,4,10.0,-2.09373e-08,-1.64295e-07,1.08725e-05,0.238393,0.134758,1.76905,0
1,4,4,10.0,2.38776e-07,7.76764e-07,1.08432e-05,0.237627,0.134727,1.76376,0
2,4,4,10.0,1.87975e-07,5.83607e-07,1.09305e-05,0.237272,0.134717,1.76126,0
3,4,4,10.0,1.41756e-07,4.5648e-07,1.10972e-05,0.237107,0.134714,1.76008,0
4,4,4,10.0,9.99358e-08,3.7664e-07,1.13244e-05,0.237031,0.134713,1.75953,0
5,4,4,10.0,5.94459e-08,3.26709e-07,1.15943e-05,0.236995,0.134713,1.75926,0
6,4,4,10.0,1.94387e-08,2.92273e-07,1.18895e-05,0.236979,0.134713,1.75914,0
7,4,4,10.0,-1.77803e-08,2.66912e-07,1.21926e-05,0.236971,0.134713,1.75908,0
8,4,4,10.0,-5.94355e-08,2.41438e-07,1.24869e-05,0.236968,0.134713,1.75905,0
9,4,4,10.0,-6.87929e-08,2.00179e-07,1.27521e-05,0.236966,0.134713,1.75904,0
10,4,4,10.0,-9.76382e-08,8.7217e-08,1.29834e-05,0.236965,0.134713,1.75903,0
11,4,4,10.0,-9.99809e-08,-6.33151e-08,1.31643e-05,0.236965,0.134713,1.75903,0
12,4,4,10.0,-1.16569e-07,-2.13318e-07,1.33006e-05,0.236965,0.134714,1.75903,0
13,4,4,10.0,-1.50283e-07,-4.01635e-07,1.33671e-05,0.238372,0.134755,1.76893,0
14,4,4,10.0,-1.98384e-07,-8.01641e-07,1.3283e-05,0.237617,0.134726,1.76371,0
15,4,4,10.0,-2.04511e-07,-7.55512e-07,1.309e-05,0.237267,0.134716,1.76124,0
16,4,4,10.0,-2.1547e-07,-7.25613e-07,1.27739e-05,0.237105,0.134713,1.76007,0
17,4,4,10.0,-2.07131e-07,-6.96569e-07,1.23174e-05,0.23703,0.134713,1.75952,0
18,4,4,10.0,-1.8255e-07,-6.77588e-07,1.17078e-05,0.236995,0.134713,1.75926,0
19,4,4,10.0,-1.66647e-07,-7.24311e-07,1.09212e-05,0.236979,0.134713,1.75914,0
20,4,4,10.0,-1.6262e-07,-8.46004e-07,9.9264e-06,0.236971,0.134713,1.75908,0
21,4,4,10.0,-1.67059e-07,-1.05213e-06,8.69072e-06,0.236968,0.134713,1.75905,0
22,4,4,10.0,-1.93406e-07,-1.35104e-06,7.19317e-06,0.236966,0.134713,1.75904,0
23,4,4,10.0,-2.42676e-07,-1.77042e-06,5.42297e-06,0.236965,0.134713,1.75903,0
0,5,4,10.0,-2.5853e-08,-1.79109e-07,1.04098e-05,0.238393,0.134758,1.76905,0
1,5,4,10.0,2.79908e-07,7.89692e-07,1.03755e-05,0.237627,0.134727,1.76376,0
2,5,4,10.0,2.19277e-07,5.77922e-07,1.04586e-05,0.237272,0.134717,1.76126,0
3,5,4,10.0,1.65096e-07,4.37393e-07,1.06182e-05,0.237107,0.134714,1.76008,0
4,5,4,10.0,1.15808e-07,3.46495e-07,1.08353e-05,0.237031,0.134713,1.75953,0
5,5,4,10.0,6.84604e-08,2.86947e-07,1.10923e-05,0.236995,0.134713,1.75926,0
6,5,4,10.0,2.1842e-08,2.45804e-07,1.13731e-05,0.236979,0.134713,1.75914,0
7,5,4,10.0,-2.371e-08,2.12916e-07,1.16618e-05,0.236971,0.134713,1.75908,0
8,5,4,10.0,-6.78891e-08,1.80824e-07,1.19428e-05,0.236968,0.134713,1.75905,0
9,5,4,10.0,-8.59061e-08,1.31596e-07,1.22043e-05,0.236966,0.134713,1.75904,0
10,5,4,10.0,-1.17009e-07,1.66852e-08,1.24317e-05,0.236965,0.134713,1.75903,0
11,5,4,10.0,-1.24427e-07,-1.27658e-07,1.26131e-05,0.236965,0.134713,1.75903,0
12,5,4,10.0,-1.5977e-07,-2.69807e-07,1.27434e-05,0.236965,0.134714,1.75903,0
13,5,4,10.0,-1.87085e-07,-4.32658e-07,1.27897e-05,0.238372,0.134755,1.76893,0
14,5,4,10.0,-2.56637e-07,-7.96177e-07,1.26845e-05,0.237617,0.134726,1.76371,0
15,5,4,10.0,-2.80528e-07,-7.62017e-07,1.24701e-05,0.237267,0.134716,1.76124,0
16,5,4,10.0,-2.79649e-07,-7.34458e-07,1.21329e-05,0.237105,0.134713,1.76007,0
17,5,4,10.0,-2.58195e-07,-7.16352e-07,1.16692e-05,0.23703,0.134713,1.75952,0
18,5,4,10.0,-2.42272e-07,-7.0797e-07,1.10621e-05,0.236995,0.134713,1.75926,0
19,5,4,10.0,-2.39385e-07,-7.67126e-07,1.02887e-05,0.236979,0.134713,1.75914,0
20,5,4,10.0,-2.29533e-07,-8.87518e-07,9.32623e-06,0.236971,0.134713,1.75908,0
21,5,4,10.0,-2.29075e-07,-1.07627e-06,8.15301e-06,0.236968,0.134713,1.75905,0
22,5,4,10.0,-2.66422e-07,-1.34584e-06,6.74371e-06,0.236966,0.134713,1.75904,0
23,5,4,10.0,-3.22606e-07,-1.71883e-06,5.08842e-06,0.236965,0.134713,1.75903,0
0,6,4,10.0,-3.32392e-08,-2.01834e-07,9.86788e-06,0.238393,0.134758,1.76905,0
1,6,4,10.0,3.18966e-07,8.11449e-07,9.83398e-06,0.237627,0.134727,1.76376,0
2,6,4,10.0,2.49795e-07,5.80621e-07,9.91526e-06,0.237272,0.134717,1.76126,0
3,6,4,10.0,1.87933e-07,4.24832e-07,1.00724e-05,0.237107,0.134714,1.76008,0
4,6,4,10.0,1.32341e-07,3.20753e-07,1.02854e-05,0.237031,0.134713,1.75953,0
5,6,4,10.0,7.93889e-08,2.52447e-07,1.05362e-05,0.236995,0.134713,1.75926,0
6,6,4,10.0,2.56353e-08,2.01618e-07,1.08081e-05,0.236979,0.134713,1.75914,0
7,6,4,10.0,-2.74326e-08,1.63382e-07,1.10867e-05,0.236971,0.134713,1.75908,0
8,6,4,10.0,-6.6912e-08,1.22166e-07,1.13613e-05,0.236968,0.134713,1.75905,0
9,6,4,10.0,-1.001e-07,6.60243e-08,1.16229e-05,0.236966,0.134713,1.75904,0
10,6,4,10.0,-1.40635e-07,-6.29845e-08,1.18465e-05,0.236965,0.134713,1.75903,0
11,6,4,10.0,-1.67444e-07,-1.8801e-07,1.20295e-05,0.236965,0.134713,1.75903,0
12,6,4,10.0,-1.61097e-07,-2.80972e-07,1.21498e-05,0.236965,0.134714,1.75903,0
13,6,4,10.0,-2.43739e-07,-4.54781e-07,1.21772e-05,0.238372,0.134755,1.76893,0
14,6,4,10.0,-3.00752e-07,-7.90277e-07,1.20575e-05,0.237617,0.134726,1.76371,0
15,6,4,10.0,-3.14217e-07,-7.49795e-07,1.18245e-05,0.237267,0.134716,1.76124,0
16,6,4,10.0,-3.17534e-07,-7.26945e-07,1.14754e-05,0.237105,0.134713,1.76007,0
17,6,4,10.0,-3.20963e-07,-7.09295e-07,1.10054e-05,0.23703,0.134713,1.75952,0
18,6,4,10.0,-3.14318e-07,-7.25921e-07,1.0401e-05,0.236995,0.134713,1.75926,0
19,6,4,10.0,-2.94525e-07,-7.85996e-07,9.64542e-06,0.236979,0.134713,1.75914,0
20,6,4,10.0,-2.88642e-07,-9.02433e-07,8.72169e-06,0.236971,0.134713,1.75908,0
21,6,4,10.0,-3.11882e-07,-1.08023e-06,7.60916e-06,0.236968,0.134713,1.75905,0
22,6,4,10.0,-3.47799e-07,-1.32539e-06,6.28752e-06,0.236966,0.134713,1.75904,0
23,6,4,10.0,-4.01097e-07,-1.65825e-06,4.74671e-06,0.236965,0.134713,1.75903,0
0,7,4,10.0,-3.6069e-08,-2.21287e-07,9.25138e-06,0.238393,0.134758,1.76905,0
1,7,4,10.0,3.57436e-07,8.49943e-07,9.22134e-06,0.237627,0.134727,1.76376,0
2,7,4,10.0,2.81169e-07,5.93033e-07,9.3049e-06,0.237272,0.134717,1.76126,0
3,7,4,10.0,2.13473e-07,4.18551e-07,9.46518e-06,0.237107,0.134714,1.76008,0
4,7,4,10.0,1.52246e-07,3.01981e-07,9.681e-06,0.237031,0.134713,1.75953,0
5,7,4,10.0,9.25184e-08,2.19779e-07,9.93174e-06,0.236995,0.134713,1.75926,0
6,7,4,10.0,3.35293e-08,1.62509e-07,1.0199e-05,0.236979,0.134713,1.75914,0
7,7,4,10.0,-2.01073e-08,1.14048e-07,1.04713e-05,0.236971,0.134713,1.75908,0
8,7,4,10.0,-6.23318e-08,6.78427e-08,1.07442e-05,0.236968,0.134713,1.75905,0
9,7,4,10.0,-1.31875e-07,-1.39273e-08,1.1001e-05,0.236966,0.134713,1.75904,0
10,7,4,10.0,-1.46052e-07,-1.25202e-07,1.1231e-05,0.236965,0.134713,1.75903,0
11,7,4,10.0,-1.88856e-07,-2.64646e-07,1.14135e-05,0.236965,0.134713,1.75903,0
12,7,4,10.0,-2.29665e-07,-3.26624e-07,1.15348e-05,0.236965,0.134714,1.75903,0
13,7,4,10.0,-2.74527e-07,-4.62908e-07,1.15498e-05,0.238372,0.134755,1.76893,0
14,7,4,10.0,-3.48484e-07,-7.6497e-07,1.14246e-05,0.237617,0.134726,1.76371,0
15,7,4,10.0,-3.66455e-07,-7.27675e-07,1.11835e-05,0.237267,0.134716,1.76124,0
16,7,4,10.0,-3.72879e-07,-6.97651e-07,1.08277e-05,0.237105,0.134713,1.76007,0
17,7,4,10.0,-3.69179e-07,-6.95408e-07,1.03546e-05,0.23703,0.134713,1.75952,0
18,7,4,10.0,-3.61061e-07,-7.20752e-07,9.75773e-06,0.236995,0.134713,1.75926,0
19,7,4,10.0,-3.57528e-07,-7.85673e-07,9.02605e-06,0.236979,0.134713,1.75914,0
20,7,4,10.0,-3.62653e-07,-9.01156e-07,8.1431e-06,0.236971,0.134713,1.75908,0
21,7,4,10.0,-3.82686e-07,-1.06641e-06,7.09071e-06,0.236968,0.134713,1.75905,0
22,7,4,10.0,-4.24931e-07,-1.29366e-06,5.8547e-06,0.236966,0.134713,1.75904,0
23,7,4,10.0,-4.75678e-07,-1.60038e-06,4.42404e-06,0.236965,0.134713,1.75903,0
0,8,4,10.0,-3.85338e-08,-2.44755e-07,8.5846e-06,0.238393,0.134758,1.76905,0
1,8,4,10.0,4.02926e-07,9.01921e-07,8.54318e-06,0.237627,0.134727,1.76376,0
2,8,4,10.0,3.18402e-07,6.15154e-07,8.62991e-06,0.237272,0.134717,1.76126,0
3,8,4,10.0,2.43624e-07,4.2018e-07,8.79734e-06,0.237107,0.134714,1.76008,0
4,8,4,10.0,1.75254e-07,2.83137e-07,9.02012e-06,0.237031,0.134713,1.75953,0
5,8,4,10.0,1.10056e-07,1.89935e-07,9.27398e-06,0.236995,0.134713,1.75926,0
6,8,4,10.0,4.89945e-08,1.20354e-07,9.53884e-06,0.236979,0.134713,1.75914,0
7,8,4,10.0,-4.95412e-09,6.62026e-08,9.80507e-06,0.236971,0.134713,1.75908,0
8,8,4,10.0,-7.67217e-08,6.89803e-09,1.00721e-05,0.236968,0.134713,1.75905,0
9,8,4,10.0,-9.54684e-08,-8.32362e-08,1.03276e-05,0.236966,0.134713,1.75904,0
10,8,4,10.0,-1.52655e-07,-2.36918e-07,1.05809e-05,0.236965,0.134713,1.75903,0
11,8,4,10.0,-1.87838e-07,-3.30565e-07,1.07661e-05,0.236965,0.134713,1.75903,0
12,8,4,10.0,-2.16725e-07,-3.8288e-07,1.0885e-05,0.236965,0.134714,1.75903,0
13,8,4,10.0,-2.86669e-07,-5.20622e-07,1.09106e-05,0.238372,0.134755,1.76893,0
14,8,4,10.0,-3.57917e-07,-7.62285e-07,1.07956e-05,0.237617,0.134726,1.76371,0
15,8,4,10.0,-3.80765e-07,-7.0558e-07,1.05534e-05,0.237267,0.134716,1.76124,0
16,8,4,10.0,-3.92335e-07,-6.82205e-07,1.01951e-05,0.237105,0.134713,1.76007,0
17,8,4,10.0,-3.93464e-07,-6.76837e-07,9.72527e-06,0.23703,0.134713,1.75952,0
18,8,4,10.0,-3.93853e-07,-7.11039e-07,9.14145e-06,0.236995,0.134713,1.75926,0
19,8,4,10.0,-3.9776e-07,-7.83877e-07,8.43626e-06,0.236979,0.134713,1.75914,0
20,8,4,10.0,-4.10159e-07,-8.91708e-07,7.5963e-06,0.236971,0.134713,1.75908,0
21,8,4,10.0,-4.39483e-07,-1.04849e-06,6.60704e-06,0.236968,0.134713,1.75905,0
22,8,4,10.0,-4.82391e-07,-1.26285e-06,5.45415e-06,0.236966,0.134713,1.75904,0
23,8,4,10.0,-5.39729e-07,-1.55109e-06,4.12706e-06,0.236965,0.134713,1.75903,0
0,9,4,10.0,-5.27574e-08,-2.72239e-07,7.8324e-06,0.238403,0.134759,1.7691,0
1,9,4,10.0,4.32189e-07,9.59777e-07,7.78087e-06,0.237646,0.13473,1.76387,0
2,9,4,10.0,3.34916e-07,6.41997e-07,7.87129e-06,0.237298,0.13472,1.76141,0
3,9,4,10.0,2.46428e-07,4.16505e-07,8.04327e-06,0.237138,0.134718,1.76026,0
4,9,4,10.0,1.6612e-07,2.59181e-07,8.26942e-06,0.237064,0.134717,1.75971,0
5,9,4,10.0,9.0754e-08,1.44109e-07,8.52395e-06,0.23703,0.134717,1.75946,0
6,9,4,10.0,2.49018e-08,6.09544e-08,8.78369e-06,0.237014,0.134718,1.75934,0
7,9,4,10.0,-3.03542e-08,-8.49491e-09,9.04087e-06,0.237007,0.134718,1.75928,0
8,9,4,10.0,-9.79341e-08,-6.0434e-08,9.29365e-06,0.236993,0.134717,1.7592,0
9,9,4,10.0,-1.27651e-07,-2.22229e-07,9.55288e-06,0.238382,0.134756,1.76899,0
10,9,4,10.0,-2.62518e-07,-7.32913e-07,9.80678e-06,0.237637,0.134729,1.76382,0
11,9,4,10.0,-2.944e-07,-7.8311e-07,9.99003e-06,0.237294,0.13472,1.76139,0
12,9,4,10.0,-3.00102e-07,-8.32409e-07,1.01182e-05,0.237136,0.134717,1.76024,0
13,9,4,10.0,-3.67646e-07,-8.60898e-07,1.01623e-05,0.238382,0.134756,1.76899,0
14,9,4,10.0,-4.81425e-07,-1.40122e-06,1.00707e-05,0.237637,0.134729,1.76382,0
15,9,4,10.0,-4.92167e-07,-1.25885e-06,9.83565e-06,0.237294,0.13472,1.76139,0
16,9,4,10.0,-4.91294e-07,-1.13793e-06,9.4841e-06,0.237136,0.134717,1.76024,0
17,9,4,10.0,-4.89739e-07,-1.07991e-06,9.02771e-06,0.237063,0.134717,1.75971,0
18,9,4,10.0,-4.89345e-07,-1.05993e-06,8.46718e-06,0.237029,0.134717,1.75946,0
19,9,4,10.0,-4.94823e-07,-1.07826e-06,7.79945e-06,0.237014,0.134718,1.75934,0
20,9,4,10.0,-5.09686e-07,-1.14304e-06,7.01308e-06,0.237007,0.134718,1.75928,0
21,9,4,10.0,-5.37583e-07,-1.2538e-06,6.09409e-06,0.237003,0.134718,1.75925,0
22,9,4,10.0,-5.77807e-07,-1.42611e-06,5.03193e-06,0.237002,0.134718,1.75924,0
23,9,4,10.0,-6.30778e-07,-1.67831e-06,3.81287e-06,0.237001,0.134718,1.75924,0
0,10,4,10.0,-5.60645e-08,-2.9877e-07,6.99092e-06,0.238393,0.134758,1.76905,0
1,10,4,10.0,4.7079e-07,1.053e-06,6.92665e-06,0.237627,0.134727,1.76376,0
2,10,4,10.0,3.44171e-07,6.93702e-07,7.01428e-06,0.237272,0.134717,1.76126,0
3,10,4,10.0,2.52444e-07,4.4676e-07,7.18691e-06,0.237107,0.134714,1.76008,0
4,10,4,10.0,1.69619e-07,2.68139e-07,7.41091e-06,0.237031,0.134713,1.75953,0
5,10,4,10.0,7.92045e-08,1.36655e-07,7.65579e-06,0.236996,0.134713,1.75926,0
6,10,4,10.0,9.81591e-09,4.59725e-08,7.90362e-06,0.236979,0.134713,1.75914,0
7,10,4,10.0,-4.43818e-08,-2.64654e-08,8.14832e-06,0.236972,0.134713,1.75908,0
8,10,4,10.0,-9.79649e-08,-7.75705e-08,8.38652e-06,0.236958,0.134712,1.759,0
9,10,4,10.0,-1.4752e-07,-2.26122e-07,8.63286e-06,0.238372,0.134755,1.76893,0
10,10,4,10.0,-2.57289e-07,-7.00429e-07,8.86392e-06,0.237617,0.134726,1.76371,0
11,10,4,10.0,-2.90436e-07,-7.49855e-07,9.04834e-06,0.237268,0.134716,1.76124,0
12,10,4,10.0,-3.28979e-07,-7.87831e-07,9.18471e-06,0.237105,0.134713,1.76007,0
13,10,4,10.0,-3.82072e-07,-8.12028e-07,9.24574e-06,0.238372,0.134755,1.76893,0
14,10,4,10.0,-5.1507e-07,-1.36513e-06,9.1589e-06,0.237617,0.134726,1.76371,0
15,10,4,10.0,-5.21098e-07,-1.21315e-06,8.93467e-06,0.237268,0.134716,1.76124,0
16,10,4,10.0,-5.27912e-07,-1.10702e-06,8.60154e-06,0.237105,0.134713,1.76007,0
17,10,4,10.0,-5.22199e-07,-1.04724e-06,8.17336e-06,0.23703,0.134713,1.75952,0
18,10,4,10.0,-5.21634e-07,-1.03062e-06,7.65356e-06,0.236995,0.134713,1.75926,0
19,10,4,10.0,-5.41557e-07,-1.05511e-06,7.03842e-06,0.236979,0.134713,1.75914,0
20,10,4,10.0,-5.59857e-07,-1.11794e-06,6.32073e-06,0.236972,0.134713,1.75908,0
21,10,4,10.0,-5.86785e-07,-1.23144e-06,5.48906e-06,0.236968,0.134713,1.75905,0
22,10,4,10.0,-6.33842e-07,-1.40745e-06,4.53196e-06,0.236967,0.134714,1.75904,0
23,10,4,10.0,-6.78941e-07,-1.66031e-06,3.43691e-06,0.236966,0.134714,1.75904,0
0,11,4,10.0,-7.09249e-08,-3.4319e-07,6.0841e-06,0.238393,0.134758,1.76905,0
1,11,4,10.0,4.80129e-07,1.1462e-06,5.99902e-06,0.237627,0.134727,1.76376,0
2,11,4,10.0,3.79929e-07,7.70443e-07,6.08589e-06,0.237272,0.134717,1.76126,0
3,11,4,10.0,2.79793e-07,4.74071e-07,6.26162e-06,0.237107,0.134714,1.76008,0
4,11,4,10.0,1.81042e-07,2.59227e-07,6.48197e-06,0.237031,0.134713,1.75953,0
5,11,4,10.0,9.57008e-08,1.12627e-07,6.71104e-06,0.236995,0.134713,1.75926,0
6,11,4,10.0,2.65853e-08,9.20449e-09,6.94051e-06,0.236979,0.134713,1.75914,0
7,11,4,10.0,-3.91431e-08,-7.24808e-08,7.16593e-06,0.236971,0.134713,1.75908,0
8,11,4,10.0,-8.32775e-08,-1.27096e-07,7.38989e-06,0.236957,0.134712,1.759,0
9,11,4,10.0,-1.4827e-07,-2.79052e-07,7.62643e-06,0.238372,0.134755,1.76893,0
10,11,4,10.0,-2.697e-07,-7.61415e-07,7.8525e-06,0.237617,0.134726,1.76371,0
11,11,4,10.0,-2.80808e-07,-8.09496e-07,8.03464e-06,0.237267,0.134716,1.76124,0
12,11,4,10.0,-3.30292e-07,-8.31513e-07,8.17066e-06,0.237105,0.134713,1.76007,0
13,11,4,10.0,-3.82517e-07,-8.33875e-07,8.23943e-06,0.238372,0.134755,1.76893,0
14,11,4,10.0,-5.25586e-07,-1.36334e-06,8.14524e-06,0.237617,0.134726,1.76371,0
15,11,4,10.0,-5.36702e-07,-1.20861e-06,7.92712e-06,0.237267,0.134716,1.76124,0
16,11,4,10.0,-5.33129e-07,-1.09505e-06,7.6144e-06,0.237105,0.134713,1.76007,0
17,11,4,10.0,-5.33106e-07,-1.04188e-06,7.22381e-06,0.23703,0.134713,1.75952,0
18,11,4,10.0,-5.44518e-07,-1.02837e-06,6.75606e-06,0.236995,0.134713,1.75926,0
19,11,4,10.0,-5.53434e-07,-1.04027e-06,6.20518e-06,0.236979,0.134713,1.75914,0
20,11,4,10.0,-5.7293e-07,-1.10687e-06,5.57036e-06,0.236971,0.134713,1.75908,0
21,11,4,10.0,-6.04553e-07,-1.22219e-06,4.83799e-06,0.236968,0.134713,1.75905,0
22,11,4,10.0,-6.47755e-07,-1.39879e-06,3.99553e-06,0.236966,0.134713,1.75904,0
23,11,4,10.0,-6.97673e-07,-1.65799e-06,3.03339e-06,0.236965,0.134713,1.75903,0
0,12,4,10.0,-8.02719e-08,-3.97077e-07,5.11062e-06,0.238393,0.134758,1.76905,0
1,12,4,10.0,4.98335e-07,1.28722e-06,5.02106e-06,0.237627,0.134727,1.76376,0
2,12,4,10.0,4.03745e-07,8.12473e-07,5.11753e-06,0.237272,0.134717,1.76126,0
3,12,4,10.0,2.73472e-07,5.0351e-07,5.29545e-06,0.237107,0.134714,1.76008,0
4,12,4,10.0,1.77065e-07,2.63926e-07,5.5146e-06,0.237031,0.134713,1.75953,0
5,12,4,10.0,1.06361e-07,8.24403e-08,5.72898e-06,0.236995,0.134713,1.75926,0
6,12,4,10.0,2.02297e-08,-4.35188e-08,5.93213e-06,0.236979,0.134713,1.75914,0
7,12,4,10.0,-5.56553e-08,-1.25172e-07,6.13085e-06,0.236971,0.134713,1.75908,0
8,12,4,10.0,-8.51026e-08,-1.81525e-07,6.34184e-06,0.236957,0.134712,1.759,0
9,12,4,10.0,-1.31702e-07,-3.53548e-07,6.5732e-06,0.238372,0.134755,1.76893,0
10,12,4,10.0,-2.68798e-07,-8.54469e-07,6.79645e-06,0.237617,0.134726,1.76371,0
11,12,4,10.0,-2.87429e-07,-8.8987e-07,6.97926e-06,0.237267,0.134716,1.76124,0
12,12,4,10.0,-3.26458e-07,-8.93879e-07,7.10677e-06,0.237105,0.134713,1.76007,0
13,12,4,10.0,-3.95727e-07,-8.78472e-07,7.17677e-06,0.238362,0.134753,1.76888,0
14,12,4,10.0,-5.00707e-07,-1.39317e-06,7.08467e-06,0.237598,0.134723,1.7636,0
15,12,4,10.0,-5.06547e-07,-1.2216e-06,6.87342e-06,0.237241,0.134713,1.76109,0
16,12,4,10.0,-5.00578e-07,-1.10319e-06,6.58929e-06,0.237075,0.134709,1.7599,0
17,12,4,10.0,-5.19278e-07,-1.06281e-06,6.24091e-06,0.237016,0.134711,1.75944,0
18,12,4,10.0,-5.4208e-07,-1.04352e-06,5.82756e-06,0.236988,0.134712,1.75922,0
19,12,4,10.0,-5.45858e-07,-1.06327e-06,5.35264e-06,0.236976,0.134713,1.75912,0
20,12,4,10.0,-5.72919e-07,-1.11356e-06,4.80825e-06,0.23697,0.134713,1.75907,0
21,12,4,10.0,-6.10092e-07,-1.23019e-06,4.18079e-06,0.236967,0.134713,1.75905,0
22,12,4,10.0,-6.50254e-07,-1.41805e-06,3.4579e-06,0.236966,0.134713,1.75904,0
23,12,4,10.0,-6.99695e-07,-1.68322e-06,2.62937e-06,0.236965,0.134713,1.75903,0
0,13,4,10.0,-7.00604e-08,-4.59153e-07,4.11217e-06,0.238393,0.134758,1.76905,0
1,13,4,10.0,5.61778e-07,1.40256e-06,4.0095e-06,0.237643,0.13473,1.76384,0
2,13,4,10.0,3.84138e-07,9.14858e-07,4.10803e-06,0.237298,0.134721,1.7614,0
3,13,4,10.0,2.72884e-07,5.5428e-07,4.28905e-06,0.237099,0.134713,1.76003,0
4,13,4,10.0,1.75105e-07,2.80431e-07,4.50211e-06,0.237027,0.134713,1.7595,0
5,13,4,10.0,7.83246e-08,4.86605e-08,4.6955e-06,0.236993,0.134713,1.75925,0
6,13,4,10.0,-1.32216e-08,-9.83555e-08,4.87502e-06,0.236978,0.134713,1.75913,0
7,13,4,10.0,-3.86989e-08,-1.7766e-07,5.05963e-06,0.236971,0.134713,1.75908,0
8,13,4,10.0,-8.60455e-08,-2.39787e-07,5.25995e-06,0.236957,0.134712,1.75899,0
9,13,4,10.0,-1.10573e-07,-4.04258e-07,5.49577e-06,0.238372,0.134755,1.76893,0
10,13,4,10.0,-2.56058e-07,-9.09331e-07,5.69474e-06,0.237633,0.134729,1.76379,0
11,13,4,10.0,-3.23995e-07,-9.41241e-07,5.85821e-06,0.237293,0.134721,1.76137,0
12,13,4,10.0,-3.40112e-07,-9.1819e-07,5.98583e-06,0.237097,0.134713,1.76002,0
13,13,4,10.0,-4.1275e-07,-8.94215e-07,6.05216e-06,0.238382,0.134756,1.76899,0
14,13,4,10.0,-5.28853e-07,-1.43068e-06,5.97391e-06,0.237637,0.134729,1.76382,0
15,13,4,10.0,-5.2059e-07,-1.22037e-06,5.7806e-06,0.237294,0.13472,1.76139,0
16,13,4,10.0,-5.39767e-07,-1.11226e-06,5.53303e-06,0.237136,0.134717,1.76024,0
17,13,4,10.0,-5.53991e-07,-1.06234e-06,5.23433e-06,0.237044,0.134715,1.7596,0
18,13,4,10.0,-5.47665e-07,-1.0384e-06,4.88461e-06,0.237022,0.134717,1.7594,0
19,13,4,10.0,-5.80074e-07,-1.03922e-06,4.48668e-06,0.237012,0.134718,1.75931,0
20,13,4,10.0,-6.03506e-07,-1.085e-06,4.03301e-06,0.236965,0.134713,1.75904,0
21,13,4,10.0,-6.30408e-07,-1.23052e-06,3.51244e-06,0.236965,0.134713,1.75903,0
22,13,4,10.0,-6.70352e-07,-1.42971e-06,2.91106e-06,0.236965,0.134713,1.75903,0
23,13,4,10.0,-7.08893e-07,-1.70977e-06,2.2197e-06,0.236965,0.134713,1.75903,0
0,14,4,10.0,-8.02626e-08,-5.93674e-07,2.00697e-06,0.238393,0.134758,1.76905,0
1,14,4,10.0,4.6532e-07,1.82838e-06,1.952e-06,0.237627,0.134727,1.76376,0
2,14,4,10.0,3.60713e-07,1.16136e-06,2.0328e-06,0.237272,0.134717,1.76126,0
3,14,4,10.0,2.42734e-07,6.50062e-07,2.19325e-06,0.237107,0.134714,1.76008,0
4,14,4,10.0,1.11923e-07,2.70832e-07,2.38488e-06,0.237031,0.134713,1.75953,0
5,14,4,10.0,5.1999e-08,-1.06274e-08,2.58728e-06,0.236995,0.134713,1.75926,0
6,14,4,10.0,1.11494e-08,-2.18893e-07,2.79428e-06,0.236979,0.134713,1.75914,0
7,14,4,10.0,-4.43074e-08,-3.47649e-07,3.01267e-06,0.236971,0.134713,1.75908,0
8,14,4,10.0,-6.30028e-08,-4.55518e-07,3.23579e-06,0.236968,0.134713,1.75905,0
9,14,4,10.0,-1.56088e-07,-5.43224e-07,3.41971e-06,0.236966,0.134713,1.75904,0
10,14,4,10.0,-2.3461e-07,-6.10111e-07,3.56742e-06,0.236966,0.134713,1.75903,0
11,14,4,10.0,-2.63937e-07,-6.5396e-07,3.6919e-06,0.236965,0.134714,1.75903,0
12,14,4,10.0,-3.41815e-07,-6.86917e-07,3.78569e-06,0.236965,0.134714,1.75903,0
13,14,4,10.0,-4.07025e-07,-7.00693e-07,3.84019e-06,0.238372,0.134755,1.76893,0
14,14,4,10.0,-4.93681e-07,-9.45856e-07,3.79293e-06,0.237617,0.134726,1.76371,0
15,14,4,10.0,-5.14186e-07,-8.49258e-07,3.68282e-06,0.237267,0.134716,1.76124,0
16,14,4,10.0,-5.16077e-07,-7.88694e-07,3.53303e-06,0.237105,0.134713,1.76007,0
17,14,4,10.0,-5.20324e-07,-7.82168e-07,3.34665e-06,0.23703,0.134713,1.75952,0
18,14,4,10.0,-5.41009e-07,-8.07783e-07,3.12758e-06,0.236995,0.134713,1.75926,0
19,14,4,10.0,-5.44632e-07,-8.63993e-07,2.8815e-06,0.236979,0.134713,1.75914,0
20,14,4,10.0,-5.66194e-07,-9.86951e-07,2.60267e-06,0.236971,0.134713,1.75908,0
21,14,4,10.0,-5.95022e-07,-1.16084e-06,2.28163e-06,0.236968,0.134713,1.75905,0
22,14,4,10.0,-6.17536e-07,-1.40951e-06,1.9106e-06,0.236966,0.134713,1.75904,0
23,14,4,10.0,-6.36963e-07,-1.74879e-06,1.47994e-06,0.236965,0.134713,1.75903,0
0,15,4,10.0,-5.03659e-08,-6.8125e-07,1.06411e-06,0.238393,0.134758,1.76905,0
1,15,4,10.0,4.66398e-07,2.06281e-06,1.03032e-06,0.237627,0.134727,1.76376,0
2,15,4,10.0,3.79836e-07,1.29031e-06,1.11751e-06,0.237272,0.134717,1.76126,0
3,15,4,10.0,2.50408e-07,7.15712e-07,1.26384e-06,0.237107,0.134714,1.76008,0
4,15,4,10.0,1.31753e-07,2.72471e-07,1.44584e-06,0.237031,0.134713,1.75953,0
5,15,4,10.0,6.61686e-08,-5.39703e-08,1.66122e-06,0.236995,0.134713,1.75926,0
6,15,4,10.0,4.44854e-08,-2.87289e-07,1.90224e-06,0.236979,0.134713,1.75914,0
7,15,4,10.0,-9.44342e-09,-4.50768e-07,2.14393e-06,0.236971,0.134713,1.75908,0
8,15,4,10.0,-1.02055e-07,-5.71852e-07,2.36387e-06,0.236968,0.134713,1.75905,0
9,15,4,10.0,-1.41541e-07,-6.43651e-07,2.54023e-06,0.236966,0.134713,1.75904,0
10,15,4,10.0,-1.93746e-07,-6.91475e-07,2.67792e-06,0.236965,0.134713,1.75903,0
11,15,4,10.0,-2.81408e-07,-7.37171e-07,2.78866e-06,0.236965,0.134713,1.75903,0
12,15,4,10.0,-3.16893e-07,-7.59699e-07,2.86591e-06,0.236965,0.134714,1.75903,0
13,15,4,10.0,-3.97178e-07,-7.67024e-07,2.93224e-06,0.238372,0.134755,1.76893,0
14,15,4,10.0,-4.68206e-07,-1.01949e-06,2.90959e-06,0.237617,0.134726,1.76371,0
15,15,4,10.0,-4.67408e-07,-9.08181e-07,2.83721e-06,0.237267,0.134716,1.76124,0
16,15,4,10.0,-4.8873e-07,-8.42545e-07,2.73474e-06,0.237105,0.134713,1.76007,0
17,15,4,10.0,-4.93803e-07,-8.23543e-07,2.6055e-06,0.23703,0.134713,1.75952,0
18,15,4,10.0,-4.94035e-07,-8.48645e-07,2.44778e-06,0.236995,0.134713,1.75926,0
19,15,4,10.0,-5.06195e-07,-9.26271e-07,2.27277e-06,0.236979,0.134713,1.75914,0
20,15,4,10.0,-5.17219e-07,-1.04789e-06,2.07098e-06,0.236971,0.134713,1.75908,0
21,15,4,10.0,-5.46166e-07,-1.23757e-06,1.83361e-06,0.236968,0.134713,1.75905,0
22,15,4,10.0,-5.60855e-07,-1.49935e-06,1.55823e-06,0.236966,0.134713,1.75904,0
23,15,4,10.0,-5.76744e-07,-1.86552e-06,1.23019e-06,0.236965,0.134713,1.75903,0
0,16,4,10.0,-3.88482e-08,-7.80546e-07,2.72004e-07,0.238393,0.134758,1.76905,0
1,16,4,10.0,4.53592e-07,2.32193e-06,2.44347e-07,0.237627,0.134727,1.76376,0
2,16,4,10.0,3.15269e-07,1.42548e-06,3.30332e-07,0.237272,0.134717,1.76126,0
3,16,4,10.0,2.41916e-07,7.68384e-07,4.75886e-07,0.237107,0.134714,1.76008,0
4,16,4,10.0,1.80437e-07,2.6857e-07,6.59025e-07,0.237031,0.134713,1.75953,0
5,16,4,10.0,1.1642e-07,-1.03521e-07,8.82233e-07,0.236995,0.134713,1.75926,0
6,16,4,10.0,3.07253e-09,-3.68175e-07,1.13453e-06,0.236979,0.134713,1.75914,0
7,16,4,10.0,-5.01803e-08,-5.63106e-07,1.38711e-06,0.236971,0.134713,1.75908,0
8,16,4,10.0,-6.9818e-08,-6.88693e-07,1.59989e-06,0.236968,0.134713,1.75905,0
9,16,4,10.0,-1.23726e-07,-7.54901e-07,1.77497e-06,0.236966,0.134713,1.75904,0
10,16,4,10.0,-2.51085e-07,-7.8809e-07,1.89713e-06,0.236965,0.134713,1.75903,0
11,16,4,10.0,-2.62487e-07,-8.0729e-07,1.99698e-06,0.236965,0.134713,1.75903,0
12,16,4,10.0,-2.88203e-07,-8.28763e-07,2.08709e-06,0.236965,0.134714,1.75903,0
13,16,4,10.0,-3.47096e-07,-8.35688e-07,2.17892e-06,0.238372,0.134755,1.76893,0
14,16,4,10.0,-4.25921e-07,-1.08744e-06,2.18458e-06,0.237617,0.134726,1.76371,0
15,16,4,10.0,-4.43127e-07,-9.73343e-07,2.14943e-06,0.237267,0.134716,1.76124,0
16,16,4,10.0,-4.64637e-07,-8.89461e-07,2.08925e-06,0.237105,0.134713,1.76007,0
17,16,4,10.0,-4.86951e-07,-8.7147e-07,2.01122e-06,0.23703,0.134713,1.75952,0
18,16,4,10.0,-4.73475e-07,-8.76651e-07,1.91861e-06,0.236995,0.134713,1.75926,0
19,16,4,10.0,-4.69934e-07,-9.54202e-07,1.80905e-06,0.236979,0.134713,1.75914,0
20,16,4,10.0,-4.99385e-07,-1.0859e-06,1.67594e-06,0.236971,0.134713,1.75908,0
21,16,4,10.0,-4.95245e-07,-1.27364e-06,1.51378e-06,0.236968,0.134713,1.75905,0
22,16,4,10.0,-5.11874e-07,-1.55421e-06,1.31556e-06,0.236966,0.134713,1.75904,0
23,16,4,10.0,-5.34101e-07,-1.94236e-06,1.06518e-06,0.236965,0.134713,1.75903,0
0,17,4,10.0,-7.18318e-09,-8.56977e-07,-3.6702e-07,0.238403,0.134759,1.7691,0
1,17,4,10.0,3.90541e-07,2.53376e-06,-4.46697e-07,0.237646,0.13473,1.76387,0
2,17,4,10.0,3.34491e-07,1.51387e-06,-3.64706e-07,0.237298,0.13472,1.76141,0
3,17,4,10.0,2.13418e-07,7.67039e-07,-2.16716e-07,0.237138,0.134718,1.76026,0
4,17,4,10.0,1.78189e-07,1.96407e-07,-1.96604e-08,0.237064,0.134717,1.75971,0
5,17,4,10.0,7.05793e-08,-2.31142e-07,1.92987e-07,0.23703,0.134717,1.75946,0
6,17,4,10.0,-3.73999e-10,-5.39852e-07,4.2594e-07,0.237014,0.134718,1.75934,0
7,17,4,10.0,-6.53878e-08,-7.47322e-07,6.58405e-07,0.237007,0.134718,1.75928,0
8,17,4,10.0,-1.17368e-07,-8.94096e-07,8.70625e-07,0.237004,0.134718,1.75926,0
9,17,4,10.0,-2.63627e-07,-9.58687e-07,1.02346e-06,0.237002,0.134718,1.75924,0
10,17,4,10.0,-2.27056e-07,-9.53337e-07,1.13788e-06,0.237001,0.134718,1.75924,0
11,17,4,10.0,-2.44105e-07,-9.76654e-07,1.24968e-06,0.237001,0.134718,1.75923,0
12,17,4,10.0,-3.47369e-07,-9.81331e-07,1.34617e-06,0.237001,0.134718,1.75923,0
13,17,4,10.0,-3.60926e-07,-9.81552e-07,1.48523e-06,0.238382,0.134756,1.76899,0
14,17,4,10.0,-4.21942e-07,-1.28431e-06,1.52222e-06,0.237637,0.134729,1.76382,0
15,17,4,10.0,-4.50254e-07,-1.13843e-06,1.52043e-06,0.237294,0.13472,1.76139,0
16,17,4,10.0,-4.66163e-07,-1.00563e-06,1.49793e-06,0.237125,0.134716,1.76019,0
17,17,4,10.0,-4.5448e-07,-9.85596e-07,1.47607e-06,0.238382,0.134756,1.76899,0
18,17,4,10.0,-4.40951e-07,-3.83377e-07,1.45865e-06,0.237637,0.134729,1.76382,0
19,17,4,10.0,-4.59641e-07,-5.33906e-07,1.41694e-06,0.237294,0.13472,1.76139,0
20,17,4,10.0,-4.52285e-07,-7.1419e-07,1.34732e-06,0.237136,0.134717,1.76024,0
21,17,4,10.0,-4.65292e-07,-9.6209e-07,1.25551e-06,0.237063,0.134717,1.75971,0
22,17,4,10.0,-4.81574e-07,-1.28738e-06,1.12509e-06,0.237029,0.134717,1.75946,0
23,17,4,10.0,-4.85062e-07,-1.73036e-06,9.39834e-07,0.237014,0.134718,1.75934,0
0,18,4,10.0,-4.86985e-08,-9.85186e-07,-1.06288e-06,0.238393,0.134758,1.76905,0
1,18,4,10.0,3.78421e-07,2.77055e-06,-1.12329e-06,0.237627,0.134727,1.76376,0
2,18,4,10.0,2.78526e-07,1.66021e-06,-1.03327e-06,0.237272,0.134717,1.76126,0
3,18,4,10.0,2.44078e-07,8.46934e-07,-8.78001e-07,0.237107,0.134714,1.76008,0
4,18,4,10.0,1.32249e-07,2.41441e-07,-6.93684e-07,0.237031,0.134713,1.75953,0
5,18,4,10.0,6.75888e-08,-2.04608e-07,-4.96166e-07,0.236996,0.134713,1.75926,0
6,18,4,10.0,-4.17717e-09,-4.99527e-07,-2.96982e-07,0.236979,0.134713,1.75914,0
7,18,4,10.0,-8.20925e-08,-7.20576e-07,-9.53808e-08,0.236972,0.134713,1.75908,0
8,18,4,10.0,-1.97057e-07,-8.68095e-07,7.40423e-08,0.236968,0.134713,1.75905,0
9,18,4,10.0,-2.27845e-07,-9.05569e-07,2.01918e-07,0.236967,0.134714,1.75904,0
10,18,4,10.0,-1.92999e-07,-8.84676e-07,3.2643e-07,0.236966,0.134714,1.75903,0
11,18,4,10.0,-3.20083e-07,-9.04668e-07,4.40494e-07,0.236966,0.134714,1.75903,0
12,18,4,10.0,-3.13242e-07,-8.86217e-07,5.36359e-07,0.236965,0.134714,1.75903,0
13,18,4,10.0,-3.78407e-07,-9.22638e-07,7.15311e-07,0.238372,0.134755,1.76893,0
14,18,4,10.0,-4.11684e-07,-1.22496e-06,7.92879e-07,0.237617,0.134726,1.76371,0
15,18,4,10.0,-4.03534e-07,-1.09522e-06,8.28191e-07,0.237268,0.134716,1.76124,0
16,18,4,10.0,-4.21971e-07,-9.78429e-07,8.49658e-07,0.237095,0.134712,1.76001,0
17,18,4,10.0,-4.11778e-07,-9.92242e-07,8.81799e-07,0.238372,0.134755,1.76893,0
18,18,4,10.0,-4.21455e-07,-4.39269e-07,9.34146e-07,0.237617,0.134726,1.76371,0
19,18,4,10.0,-4.42397e-07,-6.06703e-07,9.51044e-07,0.237268,0.134716,1.76124,0
20,18,4,10.0,-4.418e-07,-8.02126e-07,9.55485e-07,0.237105,0.134713,1.76007,0
21,18,4,10.0,-4.61321e-07,-1.05463e-06,9.33052e-07,0.23703,0.134713,1.75952,0
22,18,4,10.0,-4.61009e-07,-1.38365e-06,8.77092e-07,0.236995,0.134713,1.75926,0
23,18,4,10.0,-4.53733e-07,-1.84695e-06,7.71974e-07,0.236979,0.134713,1.75914,0
0,19,4,10.0,-2.69896e-08,-1.03632e-06,-1.79205e-06,0.238393,0.134758,1.76905,0
1,19,4,10.0,3.43043e-07,2.91244e-06,-1.82087e-06,0.237627,0.134727,1.76376,0
2,19,4,10.0,2.80161e-07,1.71084e-06,-1.72392e-06,0.237272,0.134717,1.76126,0
3,19,4,10.0,1.77851e-07,8.44124e-07,-1.57477e-06,0.237107,0.134714,1.76008,0
4,19,4,10.0,1.00645e-07,2.02705e-07,-1.39869e-06,0.237031,0.134713,1.75953,0
5,19,4,10.0,3.47223e-08,-2.4295e-07,-1.22374e-06,0.236995,0.134713,1.75926,0
6,19,4,10.0,-2.39826e-08,-5.53574e-07,-1.03904e-06,0.236979,0.134713,1.75914,0
7,19,4,10.0,-1.18928e-07,-7.66744e-07,-8.90281e-07,0.236971,0.134713,1.75908,0
8,19,4,10.0,-2.13374e-07,-9.05541e-07,-7.57285e-07,0.236968,0.134713,1.75905,0
9,19,4,10.0,-1.66269e-07,-9.38262e-07,-6.40449e-07,0.236966,0.134713,1.75904,0
10,19,4,10.0,-2.58224e-07,-9.34569e-07,-5.20692e-07,0.236965,0.134713,1.75903,0
11,19,4,10.0,-2.57406e-07,-9.0145e-07,-4.17086e-07,0.236965,0.134713,1.75903,0
12,19,4,10.0,-2.98223e-07,-9.06232e-07,-3.12927e-07,0.236965,0.134714,1.75903,0
13,19,4,10.0,-3.24256e-07,-9.38361e-07,-1.15749e-07,0.238372,0.134755,1.76893,0
14,19,4,10.0,-4.21423e-07,-1.23845e-06,-1.62879e-08,0.237617,0.134726,1.76371,0
15,19,4,10.0,-3.94235e-07,-1.1226e-06,6.48379e-08,0.237267,0.134716,1.76124,0
16,19,4,10.0,-4.15542e-07,-9.83099e-07,1.30391e-07,0.237094,0.134712,1.76001,0
17,19,4,10.0,-4.03226e-07,-1.02537e-06,2.15445e-07,0.238372,0.134755,1.76893,0
18,19,4,10.0,-3.86619e-07,-4.60419e-07,3.1686e-07,0.237617,0.134726,1.76371,0
19,19,4,10.0,-3.64397e-07,-6.48957e-07,4.03684e-07,0.237267,0.134716,1.76124,0
20,19,4,10.0,-3.87359e-07,-8.54141e-07,4.75638e-07,0.237105,0.134713,1.76007,0
21,19,4,10.0,-3.83395e-07,-1.09911e-06,5.3026e-07,0.23703,0.134713,1.75952,0
22,19,4,10.0,-3.83269e-07,-1.44507e-06,5.57937e-07,0.236995,0.134713,1.75926,0
23,19,4,10.0,-4.04128e-07,-1.91576e-06,5.39428e-07,0.236979,0.134713,1.75914,0
0,20,4,10.0,3.80064e-08,-1.0945e-06,-2.43107e-06,0.238393,0.134758,1.76905,0
1,20,4,10.0,3.15673e-07,3.02645e-06,-2.52893e-06,0.237627,0.134727,1.76376,0
2,20,4,10.0,2.33461e-07,1.78042e-06,-2.45653e-06,0.237272,0.134717,1.76126,0
3,20,4,10.0,1.30436e-07,8.62714e-07,-2.30699e-06,0.237107,0.134714,1.76008,0
4,20,4,10.0,6.39084e-08,1.59212e-07,-2.14444e-06,0.237031,0.134713,1.75953,0
5,20,4,10.0,-1.00842e-08,-2.78738e-07,-1.96471e-06,0.236995,0.134713,1.75926,0
6,20,4,10.0,-7.00027e-08,-5.62827e-07,-1.80701e-06,0.236979,0.134713,1.75914,0
7,20,4,10.0,-1.3751e-07,-7.81744e-07,-1.67517e-06,0.236971,0.134713,1.75908,0
8,20,4,10.0,-1.68277e-07,-9.03334e-07,-1.57901e-06,0.236968,0.134713,1.75905,0
9,20,4,10.0,-2.16724e-07,-9.23976e-07,-1.46842e-06,0.236966,0.134713,1.75904,0
10,20,4,10.0,-2.29095e-07,-8.88489e-07,-1.38125e-06,0.236965,0.134713,1.75903,0
11,20,4,10.0,-2.58267e-07,-8.70895e-07,-1.28759e-06,0.236965,0.134713,1.75903,0
12,20,4,10.0,-3.00811e-07,-8.86914e-07,-1.19479e-06,0.236965,0.134714,1.75903,0
13,20,4,10.0,-3.21859e-07,-9.56651e-07,-9.86808e-07,0.238372,0.134755,1.76893,0
14,20,4,10.0,-3.56726e-07,-1.26515e-06,-8.72977e-07,0.237617,0.134726,1.76371,0
15,20,4,10.0,-3.88177e-07,-1.13948e-06,-7.59568e-07,0.237267,0.134716,1.76124,0
16,20,4,10.0,-3.69331e-07,-9.96448e-07,-6.47904e-07,0.237094,0.134712,1.76001,0
17,20,4,10.0,-3.53002e-07,-1.04823e-06,-5.08674e-07,0.238372,0.134755,1.76893,0
18,20,4,10.0,-3.32755e-07,-5.11972e-07,-3.56475e-07,0.237617,0.134726,1.76371,0
19,20,4,10.0,-3.51603e-07,-6.84969e-07,-2.04383e-07,0.237267,0.134716,1.76124,0
20,20,4,10.0,-3.38558e-07,-8.82134e-07,-5.82211e-08,0.237105,0.134713,1.76007,0
21,20,4,10.0,-3.47336e-07,-1.12958e-06,7.70379e-08,0.23703,0.134713,1.75952,0
22,20,4,10.0,-3.57154e-07,-1.47915e-06,1.89607e-07,0.236995,0.134713,1.75926,0
23,20,4,10.0,-3.66481e-07,-1.95266e-06,2.59931e-07,0.236979,0.134713,1.75914,0
0,21,4,10.0,-9.96917e-08,-1.0996e-06,-3.09301e-06,0.238393,0.134758,1.76905,0
1,21,4,10.0,2.86246e-07,3.06799e-06,-3.23786e-06,0.237627,0.134727,1.76376,0
2,21,4,10.0,1.60482e-07,1.80703e-06,-3.17288e-06,0.237272,0.134717,1.76126,0
3,21,4,10.0,1.0278e-07,8.33781e-07,-3.0437e-06,0.237107,0.134714,1.76008,0
4,21,4,10.0,3.27626e-08,1.87496e-07,-2.87495e-06,0.237031,0.134713,1.75953,0
5,21,4,10.0,-6.60899e-09,-2.28045e-07,-2.70568e-06,0.236995,0.134713,1.75926,0
6,21,4,10.0,-1.1357e-07,-5.13636e-07,-2.55935e-06,0.236979,0.134713,1.75914,0
7,21,4,10.0,-1.49892e-07,-7.06555e-07,-2.44995e-06,0.236971,0.134713,1.75908,0
8,21,4,10.0,-1.49263e-07,-7.95854e-07,-2.35818e-06,0.236968,0.134713,1.75905,0
9,21,4,10.0,-2.31113e-07,-7.95602e-07,-2.28743e-06,0.236966,0.134713,1.75904,0
10,21,4,10.0,-2.09921e-07,-7.74849e-07,-2.22133e-06,0.236965,0.134713,1.75903,0
11,21,4,10.0,-2.6389e-07,-7.8794e-07,-2.1522e-06,0.236965,0.134713,1.75903,0
12,21,4,10.0,-2.57356e-07,-8.0425e-07,-2.07865e-06,0.236965,0.134714,1.75903,0
13,21,4,10.0,-2.80601e-07,-9.22685e-07,-1.8807e-06,0.238372,0.134755,1.76893,0
14,21,4,10.0,-3.37333e-07,-1.23931e-06,-1.74181e-06,0.237617,0.134726,1.76371,0
15,21,4,10.0,-3.10175e-07,-1.10326e-06,-1.60042e-06,0.237267,0.134716,1.76124,0
16,21,4,10.0,-3.09873e-07,-9.78357e-07,-1.44281e-06,0.237094,0.134712,1.76001,0
17,21,4,10.0,-3.05941e-07,-1.0174e-06,-1.25826e-06,0.238372,0.134755,1.76893,0
18,21,4,10.0,-2.58785e-07,-5.53146e-07,-1.05043e-06,0.237617,0.134726,1.76371,0
19,21,4,10.0,-2.76879e-07,-7.10355e-07,-8.38951e-07,0.237267,0.134716,1.76124,0
20,21,4,10.0,-2.85207e-07,-8.88428e-07,-6.19951e-07,0.237105,0.134713,1.76007,0
21,21,4,10.0,-2.88587e-07,-1.14167e-06,-4.06863e-07,0.23703,0.134713,1.75952,0
22,21,4,10.0,-2.99786e-07,-1.48323e-06,-2.11196e-07,0.236995,0.134713,1.75926,0
23,21,4,10.0,-3.06037e-07,-1.95711e-06,-4.80003e-08,0.236979,0.134713,1.75914,0
0,22,4,10.0,-7.51574e-08,-1.05583e-06,-3.82078e-06,0.238393,0.134758,1.76905,0
1,22,4,10.0,1.92594e-07,3.01504e-06,-3.87892e-06,0.237627,0.134727,1.76376,0
2,22,4,10.0,1.30513e-07,1.78555e-06,-3.81457e-06,0.237272,0.134717,1.76126,0
3,22,4,10.0,7.85671e-08,8.92714e-07,-3.69128e-06,0.237107,0.134714,1.76008,0
4,22,4,10.0,1.70426e-09,2.75058e-07,-3.53981e-06,0.237031,0.134713,1.75953,0
5,22,4,10.0,-7.55983e-08,-1.27016e-07,-3.38287e-06,0.236995,0.134713,1.75926,0
6,22,4,10.0,-9.81302e-08,-3.89868e-07,-3.25203e-06,0.236979,0.134713,1.75914,0
7,22,4,10.0,-1.23334e-07,-5.61966e-07,-3.15061e-06,0.236971,0.134713,1.75908,0
8,22,4,10.0,-1.78959e-07,-6.34784e-07,-3.07729e-06,0.236968,0.134713,1.75905,0
9,22,4,10.0,-2.06822e-07,-6.3539e-07,-3.03316e-06,0.236966,0.134713,1.75904,0
10,22,4,10.0,-2.20987e-07,-6.24124e-07,-2.9911e-06,0.236965,0.134713,1.75903,0
11,22,4,10.0,-2.06483e-07,-6.52552e-07,-2.94837e-06,0.236965,0.134713,1.75903,0
12,22,4,10.0,-2.59496e-07,-6.81835e-07,-2.88804e-06,0.236965,0.134714,1.75903,0
13,22,4,10.0,-2.31945e-07,-8.70237e-07,-2.71696e-06,0.238372,0.134755,1.76893,0
14,22,4,10.0,-3.02908e-07,-1.15037e-06,-2.5645e-06,0.237617,0.134726,1.76371,0
15,22,4,10.0,-2.84905e-07,-1.04054e-06,-2.38847e-06,0.237267,0.134716,1.76124,0
16,22,4,10.0,-2.74698e-07,-9.05821e-07,-2.19539e-06,0.237094,0.134712,1.76001,0
17,22,4,10.0,-2.65887e-07,-9.55591e-07,-1.97178e-06,0.238372,0.134755,1.76893,0
18,22,4,10.0,-2.33202e-07,-5.90831e-07,-1.72631e-06,0.237617,0.134726,1.76371,0
19,22,4,10.0,-2.21448e-07,-7.15557e-07,-1.45794e-06,0.237267,0.134716,1.76124,0
20,22,4,10.0,-2.24868e-07,-8.87371e-07,-1.17287e-06,0.237105,0.134713,1.76007,0
21,22,4,10.0,-2.27792e-07,-1.12813e-06,-8.85195e-07,0.23703,0.134713,1.75952,0
22,22,4,10.0,-2.30095e-07,-1.46982e-06,-6.08953e-07,0.236995,0.134713,1.75926,0
23,22,4,10.0,-2.47445e-07,-1.93413e-06,-3.57872e-07,0.236979,0.134713,1.75914,0
0,23,4,10.0,-6.2369e-08,-9.82568e-07,-4.35612e-06,0.238393,0.134758,1.76905,0
1,23,4,10.0,1.57225e-07,2.98271e-06,-4.39108e-06,0.237627,0.134727,1.76376,0
2,23,4,10.0,7.66007e-08,1.81497e-06,-4.32409e-06,0.237272,0.134717,1.76126,0
3,23,4,10.0,1.6448e-08,9.68089e-07,-4.20824e-06,0.237107,0.134714,1.76008,0
4,23,4,10.0,-3.25375e-08,3.79681e-07,-4.0728e-06,0.237031,0.134713,1.75953,0
5,23,4,10.0,-8.09077e-08,-4.86417e-09,-3.93716e-06,0.236995,0.134713,1.75926,0
6,23,4,10.0,-1.25125e-07,-2.5132e-07,-3.81947e-06,0.236979,0.134713,1.75914,0
7,23,4,10.0,-1.51427e-07,-3.98087e-07,-3.73161e-06,0.236971,0.134713,1.75908,0
8,23,4,10.0,-1.79677e-07,-4.58218e-07,-3.67741e-06,0.236968,0.134713,1.75905,0
9,23,4,10.0,-1.70911e-07,-4.60111e-07,-3.65054e-06,0.236966,0.134713,1.75904,0
10,23,4,10.0,-1.86655e-07,-4.82042e-07,-3.62723e-06,0.236965,0.134713,1.75903,0
11,23,4,10.0,-2.11388e-07,-5.15566e-07,-3.60335e-06,0.236965,0.134713,1.75903,0
12,23,4,10.0,-1.91055e-07,-5.6853e-07,-3.56916e-06,0.236965,0.134714,1.75903,0
13,23,4,10.0,-2.19509e-07,-7.66116e-07,-3.40534e-06,0.238372,0.134755,1.76893,0
14,23,4,10.0,-2.4736e-07,-1.05312e-06,-3.24769e-06,0.237617,0.134726,1.76371,0
15,23,4,10.0,-2.36198e-07,-9.44723e-07,-3.05325e-06,0.237267,0.134716,1.76124,0
16,23,4,10.0,-2.16223e-07,-8.25713e-07,-2.83052e-06,0.237094,0.134712,1.76001,0
17,23,4,10.0,-2.11552e-07,-8.6516e-07,-2.57802e-06,0.238372,0.134755,1.76893,0
18,23,4,10.0,-2.05716e-07,-5.58761e-07,-2.3039e-06,0.237617,0.134726,1.76371,0
19,23,4,10.0,-1.95783e-07,-6.72142e-07,-1.98944e-06,0.237267,0.134716,1.76124,0
20,23,4,10.0,-1.91634e-07,-8.37576e-07,-1.64909e-06,0.237105,0.134713,1.76007,0
21,23,4,10.0,-1.9171e-07,-1.07974e-06,-1.29965e-06,0.23703,0.134713,1.75952,0
22,23,4,10.0,-1.93554e-07,-1.4152e-06,-9.54673e-07,0.236995,0.134713,1.75926,0
23,23,4,10.0,-1.9828e-07,-1.87307e-06,-6.28796e-07,0.236979,0.134713,1.75914,0
0,0,5,10.0,-3.67427e-09,-2.09501e-07,1.03271e-05,0.238384,0.134764,1.7689,0
1,0,5,10.0,9.94164e-09,3.7436e-07,1.03233e-05,0.237609,0.134736,1.76352,0
2,0,5,10.0,-1.32623e-10,1.60544e-07,1.03655e-05,0.237248,0.134726,1.76097,0
3,0,5,10.0,-6.74786e-09,7.31779e-09,1.04368e-05,0.23708,0.134723,1.75976,0
4,0,5,10.0,-1.47222e-08,-1.08059e-07,1.05241e-05,0.237001,0.134722,1.75919,0
5,0,5,10.0,-1.94485e-08,-2.16822e-07,1.06066e-05,0.236964,0.134722,1.75892,0
6,0,5,10.0,-2.41128e-08,-3.27107e-07,1.06663e-05,0.236947,0.134722,1.75879,0
7,0,5,10.0,-3.17893e-08,-4.46887e-07,1.06833e-05,0.236939,0.134722,1.75873,0
8,0,5,10.0,-3.76236e-08,-5.69509e-07,1.06311e-05,0.236936,0.134722,1.7587,0
9,0,5,10.0,-3.54485e-08,-7.18092e-07,1.04874e-05,0.236934,0.134722,1.75868,0
10,0,5,10.0,-4.43061e-08,-8.99563e-07,1.02282e-05,0.236933,0.134722,1.75868,0
11,0,5,10.0,-7.97656e-08,-1.16934e-06,9.88055e-06,0.236933,0.134722,1.75868,0
12,0,5,10.0,-3.52117e-08,-1.50418e-06,9.41928e-06,0.236933,0.134722,1.75867,0
13,0,5,10.0,-4.34435e-08,-1.91921e-06,8.4407e-06,0.238363,0.134761,1.76878,0
14,0,5,10.0,-3.7666e-08,-2.38521e-06,7.87085e-06,0.2376,0.134734,1.76347,0
15,0,5,10.0,-4.02956e-08,-2.35192e-06,7.38981e-06,0.237244,0.134725,1.76095,0
16,0,5,10.0,-5.40463e-08,-2.26028e-06,6.94028e-06,0.237077,0.134722,1.75975,0
17,0,5,10.0,-5.78948e-08,-2.18205e-06,6.4811e-06,0.237,0.134722,1.75918,0
18,0,5,10.0,-5.35517e-08,-2.10037e-06,5.95755e-06,0.236964,0.134722,1.75892,0
19,0,5,10.0,-4.04812e-08,-2.08456e-06,5.32718e-06,0.236947,0.134722,1.75879,0
20,0,5,10.0,-4.78246e-08,-2.11854e-06,4.57893e-06,0.236939,0.134722,1.75873,0
21,0,5,10.0,-5.52137e-08,-2.2112e-06,3.7155e-06,0.236936,0.134722,1.7587,0
22,0,5,10.0,-4.46231e-08,-2.37295e-06,2.75696e-06,0.236934,0.134722,1.75869,0
23,0,5,10.0,-3.10399e-08,-2.61598e-06,1.76768e-06,0.236933,0.134722,1.75868,0
0,1,5,10.0,-1.42525e-08,-1.48546e-07,1.02106e-05,0.238395,0.134765,1.76896,0
1,1,5,10.0,7.81595e-08,8.02711e-07,1.0206e-05,0.23763,0.134738,1.76364,0
2,1,5,10.0,5.35847e-08,6.34721e-07,1.02446e-05,0.237275,0.134729,1.76113,0
3,1,5,10.0,3.31299e-08,5.33389e-07,1.03134e-05,0.237111,0.134726,1.75995,0
4,1,5,10.0,1.35059e-08,4.75906e-07,1.03972e-05,0.237035,0.134726,1.75939,0
5,1,5,10.0,-3.22598e-09,4.42419e-07,1.04798e-05,0.237,0.134726,1.75912,0
6,1,5,10.0,-2.02641e-08,4.15736e-07,1.05426e-05,0.236983,0.134726,1.759,0
7,1,5,10.0,-3.81952e-08,3.93065e-07,1.05645e-05,0.236976,0.134726,1.75894,0
8,1,5,10.0,-5.83316e-08,3.78931e-07,1.05255e-05,0.236972,0.134726,1.75891,0
9,1,5,10.0,-8.85059e-08,3.52272e-07,1.04025e-05,0.236971,0.134727,1.7589,0
10,1,5,10.0,-8.42731e-08,2.8302e-07,1.01834e-05,0.23697,0.134727,1.7589,0
11,1,5,10.0,-1.23772e-07,1.36997e-07,9.86442e-06,0.23697,0.134727,1.75889,0
12,1,5,10.0,-1.02919e-07,-1.75108e-08,9.477e-06,0.236969,0.134727,1.75889,0
13,1,5,10.0,-1.32201e-07,-2.82986e-07,8.57878e-06,0.238374,0.134762,1.76884,0
14,1,5,10.0,-1.20961e-07,-7.60066e-07,8.08361e-06,0.23762,0.134737,1.76358,0
15,1,5,10.0,-1.35554e-07,-6.93344e-07,7.62733e-06,0.237271,0.134728,1.7611,0
16,1,5,10.0,-1.24265e-07,-6.43553e-07,7.18223e-06,0.237109,0.134726,1.75993,0
17,1,5,10.0,-1.51247e-07,-5.98807e-07,6.71037e-06,0.237034,0.134726,1.75938,0
18,1,5,10.0,-1.53244e-07,-5.9954e-07,6.17342e-06,0.236999,0.134726,1.75912,0
19,1,5,10.0,-1.26121e-07,-6.56156e-07,5.53941e-06,0.236983,0.134726,1.759,0
20,1,5,10.0,-1.17381e-07,-8.1302e-07,4.78773e-06,0.236976,0.134726,1.75894,0
21,1,5,10.0,-1.23132e-07,-1.0766e-06,3.91847e-06,0.236972,0.134726,1.75891,0
22,1,5,10.0,-1.08662e-07,-1.44186e-06,2.96135e-06,0.236971,0.134727,1.7589,0
23,1,5,10.0,-9.27473e-08,-1.94446e-06,1.96262e-06,0.23697,0.134727,1.7589,0
0,2,5,10.0,-1.81524e-08,-1.49376e-07,9.99201e-06,0.238395,0.134765,1.76896,0
1,2,5,10.0,1.3242e-07,7.89805e-07,9.98718e-06,0.23763,0.134738,1.76364,0
2,2,5,10.0,9.32893e-08,6.17514e-07,1.00228e-05,0.237275,0.134729,1.76113,0
3,2,5,10.0,5.78952e-08,5.09873e-07,1.00873e-05,0.237111,0.134726,1.75995,0
4,2,5,10.0,2.6674e-08,4.46326e-07,1.01674e-05,0.237035,0.134726,1.75939,0
5,2,5,10.0,-2.26435e-09,4.06835e-07,1.0248e-05,0.237,0.134726,1.75913,0
6,2,5,10.0,-3.01027e-08,3.77818e-07,1.03114e-05,0.236984,0.134726,1.759,0
7,2,5,10.0,-5.53392e-08,3.54319e-07,1.03385e-05,0.236976,0.134726,1.75894,0
8,2,5,10.0,-9.18015e-08,3.36635e-07,1.031e-05,0.236973,0.134727,1.75892,0
9,2,5,10.0,-9.72968e-08,3.00421e-07,1.02068e-05,0.236971,0.134727,1.7589,0
10,2,5,10.0,-1.26586e-07,2.39145e-07,1.00219e-05,0.23697,0.134727,1.7589,0
11,2,5,10.0,-1.23332e-07,6.10201e-08,9.74836e-06,0.23697,0.134727,1.75889,0
12,2,5,10.0,-1.209e-07,-7.53587e-08,9.41754e-06,0.23697,0.134727,1.75889,0
13,2,5,10.0,-1.25918e-07,-3.15418e-07,8.63191e-06,0.238374,0.134762,1.76884,0
14,2,5,10.0,-1.15579e-07,-7.75504e-07,8.19281e-06,0.23762,0.134737,1.76358,0
15,2,5,10.0,-1.26629e-07,-7.2575e-07,7.76796e-06,0.237271,0.134729,1.7611,0
16,2,5,10.0,-1.44631e-07,-6.85253e-07,7.33168e-06,0.237109,0.134726,1.75993,0
17,2,5,10.0,-1.4606e-07,-6.45025e-07,6.85414e-06,0.237034,0.134726,1.75938,0
18,2,5,10.0,-1.35293e-07,-6.39452e-07,6.31328e-06,0.237,0.134726,1.75912,0
19,2,5,10.0,-1.26618e-07,-7.03376e-07,5.68109e-06,0.236984,0.134726,1.759,0
20,2,5,10.0,-1.17734e-07,-8.53271e-07,4.93629e-06,0.236976,0.134726,1.75894,0
21,2,5,10.0,-1.0058e-07,-1.09819e-06,4.08025e-06,0.236973,0.134727,1.75892,0
22,2,5,10.0,-9.02236e-08,-1.44498e-06,3.13553e-06,0.236971,0.134727,1.7589,0
23,2,5,10.0,-8.42032e-08,-1.91825e-06,2.13817e-06,0.23697,0.134727,1.7589,0
0,3,5,10.0,-2.52314e-08,-1.53359e-07,9.67639e-06,0.238395,0.134765,1.76896,0
1,3,5,10.0,1.90198e-07,7.82877e-07,9.66078e-06,0.23763,0.134738,1.76364,0
2,3,5,10.0,1.37674e-07,6.00226e-07,9.69213e-06,0.237275,0.134729,1.76113,0
3,3,5,10.0,9.04058e-08,4.82412e-07,9.75125e-06,0.237111,0.134726,1.75995,0
4,3,5,10.0,4.77565e-08,4.09436e-07,9.82594e-06,0.237035,0.134726,1.75939,0
5,3,5,10.0,8.14926e-09,3.63432e-07,9.90242e-06,0.237,0.134726,1.75913,0
6,3,5,10.0,-2.90766e-08,3.29588e-07,9.96471e-06,0.236984,0.134726,1.759,0
7,3,5,10.0,-6.49998e-08,3.0272e-07,9.99579e-06,0.236976,0.134726,1.75894,0
8,3,5,10.0,-1.01825e-07,2.79197e-07,9.97764e-06,0.236973,0.134727,1.75892,0
9,3,5,10.0,-1.11251e-07,2.45138e-07,9.89929e-06,0.236971,0.134727,1.7589,0
10,3,5,10.0,-1.53585e-07,1.4759e-07,9.74319e-06,0.23697,0.134727,1.7589,0
11,3,5,10.0,-1.39846e-07,-5.67201e-09,9.51839e-06,0.23697,0.134727,1.75889,0
12,3,5,10.0,-1.39516e-07,-1.39417e-07,9.24426e-06,0.23697,0.134727,1.75889,0
13,3,5,10.0,-1.46539e-07,-3.65138e-07,8.57202e-06,0.238374,0.134762,1.76884,0
14,3,5,10.0,-1.54688e-07,-7.88681e-07,8.18134e-06,0.23762,0.134737,1.76358,0
15,3,5,10.0,-1.80107e-07,-7.50008e-07,7.78203e-06,0.237271,0.134729,1.76111,0
16,3,5,10.0,-1.8742e-07,-7.19789e-07,7.35413e-06,0.237109,0.134726,1.75993,0
17,3,5,10.0,-1.77613e-07,-6.91718e-07,6.8831e-06,0.237034,0.134726,1.75938,0
18,3,5,10.0,-1.72097e-07,-6.87207e-07,6.34758e-06,0.237,0.134726,1.75912,0
19,3,5,10.0,-1.67683e-07,-7.47566e-07,5.72429e-06,0.236984,0.134726,1.759,0
20,3,5,10.0,-1.48732e-07,-8.89329e-07,4.99996e-06,0.236976,0.134726,1.75894,0
21,3,5,10.0,-1.26972e-07,-1.11775e-06,4.17342e-06,0.236973,0.134727,1.75892,0
22,3,5,10.0,-1.24977e-07,-1.43599e-06,3.25558e-06,0.236971,0.134727,1.7589,0
23,3,5,10.0,-1.26068e-07,-1.8688e-06,2.2744e-06,0.23697,0.134727,1.7589,0
0,4,5,10.0,-3.50906e-08,-1.67316e-07,9.24707e-06,0.238395,0.134765,1.76896,0
1,4,5,10.0,2.45251e-07,7.84193e-07,9.22873e-06,0.23763,0.134738,1.76364,0
2,4,5,10.0,1.78868e-07,5.87913e-07,9.25701e-06,0.237275,0.134729,1.76113,0
3,4,5,10.0,1.20377e-07,4.5858e-07,9.31138e-06,0.237111,0.134726,1.75995,0
4,4,5,10.0,6.80343e-08,3.75388e-07,9.38065e-06,0.237035,0.134726,1.75939,0
5,4,5,10.0,1.92278e-08,3.2073e-07,9.45222e-06,0.237,0.134726,1.75913,0
6,4,5,10.0,-2.70302e-08,2.82193e-07,9.5125e-06,0.236984,0.134726,1.759,0
7,4,5,10.0,-7.17331e-08,2.51522e-07,9.54667e-06,0.236976,0.134726,1.75894,0
8,4,5,10.0,-1.02841e-07,2.24115e-07,9.5405e-06,0.236973,0.134727,1.75892,0
9,4,5,10.0,-1.49479e-07,1.77311e-07,9.48347e-06,0.236971,0.134727,1.7589,0
10,4,5,10.0,-1.54073e-07,7.25785e-08,9.35693e-06,0.23697,0.134727,1.7589,0
11,4,5,10.0,-1.65602e-07,-6.76174e-08,9.17877e-06,0.23697,0.134727,1.75889,0
12,4,5,10.0,-1.61045e-07,-2.31831e-07,8.94623e-06,0.23697,0.134727,1.75889,0
13,4,5,10.0,-1.83663e-07,-4.0564e-07,8.37019e-06,0.238374,0.134762,1.76884,0
14,4,5,10.0,-1.97872e-07,-7.98161e-07,8.01432e-06,0.23762,0.134737,1.76358,0
15,4,5,10.0,-2.20019e-07,-7.68861e-07,7.63495e-06,0.237271,0.134729,1.7611,0
16,4,5,10.0,-2.20474e-07,-7.44375e-07,7.21859e-06,0.237109,0.134726,1.75993,0
17,4,5,10.0,-2.23498e-07,-7.22985e-07,6.75938e-06,0.237034,0.134726,1.75938,0
18,4,5,10.0,-2.24492e-07,-7.24824e-07,6.23694e-06,0.237,0.134726,1.75912,0
19,4,5,10.0,-2.09249e-07,-7.88482e-07,5.63323e-06,0.236984,0.134726,1.759,0
20,4,5,10.0,-1.86524e-07,-9.2075e-07,4.93929e-06,0.236976,0.134726,1.75894,0
21,4,5,10.0,-1.78312e-07,-1.12849e-06,4.15265e-06,0.236973,0.134727,1.75892,0
22,4,5,10.0,-1.81133e-07,-1.42044e-06,3.27495e-06,0.236971,0.134727,1.7589,0
23,4,5,10.0,-1.87245e-07,-1.8123e-06,2.32895e-06,0.23697,0.134727,1.7589,0
0,5,5,10.0,-4.45609e-08,-1.84965e-07,8.71049e-06,0.238395,0.134765,1.76896,0
1,5,5,10.0,2.96733e-07,7.97819e-07,8.69433e-06,0.23763,0.134738,1.76364,0
2,5,5,10.0,2.17569e-07,5.82915e-07,8.72081e-06,0.237275,0.134729,1.76113,0
3,5,5,10.0,1.48731e-07,4.39223e-07,8.77221e-06,0.237111,0.134726,1.75995,0
4,5,5,10.0,8.73849e-08,3.4402e-07,8.83759e-06,0.237035,0.134726,1.75939,0
5,5,5,10.0,3.12752e-08,2.81187e-07,8.90543e-06,0.237,0.134726,1.75913,0
6,5,5,10.0,-2.35545e-08,2.35827e-07,8.96329e-06,0.236984,0.134726,1.759,0
7,5,5,10.0,-7.30389e-08,2.00782e-07,8.99916e-06,0.236976,0.134726,1.75894,0
8,5,5,10.0,-1.14741e-07,1.68102e-07,9.00346e-06,0.236973,0.134727,1.75892,0
9,5,5,10.0,-1.6525e-07,1.1426e-07,8.96174e-06,0.236971,0.134727,1.7589,0
10,5,5,10.0,-1.74566e-07,-4.2358e-10,8.8677e-06,0.23697,0.134727,1.7589,0
11,5,5,10.0,-1.90863e-07,-1.43408e-07,8.72333e-06,0.23697,0.134727,1.75889,0
12,5,5,10.0,-1.8576e-07,-2.72174e-07,8.5322e-06,0.23697,0.134727,1.75889,0
13,5,5,10.0,-2.26353e-07,-4.43967e-07,8.02133e-06,0.238374,0.134762,1.76884,0
14,5,5,10.0,-2.42445e-07,-7.97298e-07,7.6989e-06,0.23762,0.134737,1.76358,0
15,5,5,10.0,-2.47763e-07,-7.62102e-07,7.34025e-06,0.237271,0.134729,1.7611,0
16,5,5,10.0,-2.58818e-07,-7.45158e-07,6.94133e-06,0.237109,0.134726,1.75993,0
17,5,5,10.0,-2.71861e-07,-7.3224e-07,6.49388e-06,0.237034,0.134726,1.75938,0
18,5,5,10.0,-2.66513e-07,-7.48986e-07,5.99066e-06,0.237,0.134726,1.75912,0
19,5,5,10.0,-2.44021e-07,-8.08168e-07,5.4168e-06,0.236984,0.134726,1.759,0
20,5,5,10.0,-2.32603e-07,-9.36615e-07,4.76185e-06,0.236976,0.134726,1.75894,0
21,5,5,10.0,-2.37822e-07,-1.13268e-06,4.01876e-06,0.236973,0.134727,1.75892,0
22,5,5,10.0,-2.42063e-07,-1.39509e-06,3.19423e-06,0.236971,0.134727,1.7589,0
23,5,5,10.0,-2.55391e-07,-1.74736e-06,2.29994e-06,0.23697,0.134727,1.7589,0
0,6,5,10.0,-5.16011e-08,-2.04162e-07,8.06903e-06,0.238395,0.134765,1.76896,0
1,6,5,10.0,3.4709e-07,8.20446e-07,8.06088e-06,0.23763,0.134738,1.76364,0
2,6,5,10.0,2.56594e-07,5.86315e-07,8.088e-06,0.237275,0.134729,1.76113,0
3,6,5,10.0,1.7797e-07,4.26109e-07,8.13909e-06,0.237111,0.134726,1.75995,0
4,6,5,10.0,1.09279e-07,3.1807e-07,8.20352e-06,0.237035,0.134726,1.75939,0
5,6,5,10.0,4.45839e-08,2.44299e-07,8.26923e-06,0.237,0.134726,1.75913,0
6,6,5,10.0,-1.5648e-08,1.92886e-07,8.32395e-06,0.236984,0.134726,1.759,0
7,6,5,10.0,-7.03891e-08,1.52999e-07,8.3592e-06,0.236976,0.134726,1.75894,0
8,6,5,10.0,-1.27252e-07,1.13167e-07,8.36743e-06,0.236973,0.134727,1.75892,0
9,6,5,10.0,-1.73294e-07,3.99125e-08,8.3367e-06,0.236971,0.134727,1.7589,0
10,6,5,10.0,-1.92093e-07,-5.92336e-08,8.2668e-06,0.23697,0.134727,1.7589,0
11,6,5,10.0,-2.01092e-07,-2.13044e-07,8.1541e-06,0.23697,0.134727,1.75889,0
12,6,5,10.0,-2.50628e-07,-2.93888e-07,8.00024e-06,0.23697,0.134727,1.75889,0
13,6,5,10.0,-2.52907e-07,-4.6609e-07,7.54473e-06,0.238374,0.134762,1.76884,0
14,6,5,10.0,-2.97164e-07,-7.90535e-07,7.24825e-06,0.23762,0.134737,1.76358,0
15,6,5,10.0,-3.12916e-07,-7.56478e-07,6.91396e-06,0.237271,0.134729,1.76111,0
16,6,5,10.0,-3.1867e-07,-7.35065e-07,6.53567e-06,0.237109,0.134726,1.75993,0
17,6,5,10.0,-3.08779e-07,-7.28487e-07,6.11139e-06,0.237034,0.134726,1.75938,0
18,6,5,10.0,-3.02449e-07,-7.48037e-07,5.63452e-06,0.237,0.134726,1.75912,0
19,6,5,10.0,-3.03411e-07,-8.15018e-07,5.09557e-06,0.236984,0.134726,1.759,0
20,6,5,10.0,-2.99115e-07,-9.3719e-07,4.48398e-06,0.236976,0.134726,1.75894,0
21,6,5,10.0,-2.93525e-07,-1.11588e-06,3.79541e-06,0.236973,0.134727,1.75892,0
22,6,5,10.0,-3.11516e-07,-1.35717e-06,3.03287e-06,0.236971,0.134727,1.7589,0
23,6,5,10.0,-3.38057e-07,-1.67922e-06,2.20311e-06,0.23697,0.134727,1.7589,0
0,7,5,10.0,-5.75354e-08,-2.235e-07,7.34385e-06,0.238395,0.134765,1.76896,0
1,7,5,10.0,3.98773e-07,8.58766e-07,7.33627e-06,0.23763,0.134738,1.76364,0
2,7,5,10.0,2.97703e-07,6.0005e-07,7.36456e-06,0.237275,0.134729,1.76113,0
3,7,5,10.0,2.09267e-07,4.20959e-07,7.41798e-06,0.237111,0.134726,1.75995,0
4,7,5,10.0,1.30627e-07,2.96572e-07,7.48404e-06,0.237035,0.134726,1.75939,0
5,7,5,10.0,5.90212e-08,2.11607e-07,7.54818e-06,0.237,0.134726,1.75913,0
6,7,5,10.0,-7.77392e-09,1.52914e-07,7.59865e-06,0.236984,0.134726,1.759,0
7,7,5,10.0,-6.9433e-08,1.06397e-07,7.62758e-06,0.236976,0.134726,1.75894,0
8,7,5,10.0,-1.33223e-07,5.89219e-08,7.63236e-06,0.236973,0.134727,1.75892,0
9,7,5,10.0,-1.53169e-07,-2.55851e-08,7.61141e-06,0.236971,0.134727,1.7589,0
10,7,5,10.0,-2.07279e-07,-1.35202e-07,7.56049e-06,0.23697,0.134727,1.7589,0
11,7,5,10.0,-2.29032e-07,-2.78102e-07,7.46642e-06,0.23697,0.134727,1.75889,0
12,7,5,10.0,-2.60269e-07,-3.39361e-07,7.33746e-06,0.23697,0.134727,1.75889,0
13,7,5,10.0,-2.96273e-07,-4.74825e-07,6.93953e-06,0.238374,0.134762,1.76884,0
14,7,5,10.0,-3.45564e-07,-7.7483e-07,6.67092e-06,0.23762,0.134737,1.76358,0
15,7,5,10.0,-3.56174e-07,-7.33928e-07,6.36219e-06,0.237271,0.134729,1.76111,0
16,7,5,10.0,-3.57916e-07,-7.09569e-07,6.01263e-06,0.237109,0.134726,1.75993,0
17,7,5,10.0,-3.59225e-07,-7.08335e-07,5.61829e-06,0.237034,0.134726,1.75938,0
18,7,5,10.0,-3.61031e-07,-7.36232e-07,5.17432e-06,0.237,0.134726,1.75912,0
19,7,5,10.0,-3.60002e-07,-8.0731e-07,4.67504e-06,0.236984,0.134726,1.759,0
20,7,5,10.0,-3.58538e-07,-9.24768e-07,4.11495e-06,0.236976,0.134726,1.75894,0
21,7,5,10.0,-3.69581e-07,-1.09076e-06,3.49021e-06,0.236973,0.134727,1.75892,0
22,7,5,10.0,-3.93819e-07,-1.31603e-06,2.79805e-06,0.236971,0.134727,1.7589,0
23,7,5,10.0,-4.29967e-07,-1.61604e-06,2.04312e-06,0.23697,0.134727,1.7589,0
0,8,5,10.0,-6.50761e-08,-2.45983e-07,6.53207e-06,0.238395,0.134765,1.76896,0
1,8,5,10.0,4.56929e-07,9.11584e-07,6.51542e-06,0.23763,0.134738,1.76364,0
2,8,5,10.0,3.42246e-07,6.26152e-07,6.5451e-06,0.237275,0.134729,1.76113,0
3,8,5,10.0,2.42606e-07,4.22377e-07,6.60148e-06,0.237111,0.134726,1.75995,0
4,8,5,10.0,1.55381e-07,2.79001e-07,6.66904e-06,0.237035,0.134726,1.75939,0
5,8,5,10.0,7.51176e-08,1.80713e-07,6.73116e-06,0.237,0.134726,1.75913,0
6,8,5,10.0,8.94477e-10,1.12558e-07,6.77308e-06,0.236984,0.134726,1.759,0
7,8,5,10.0,-6.0968e-08,5.95774e-08,6.79109e-06,0.236976,0.134726,1.75894,0
8,8,5,10.0,-1.0797e-07,4.63951e-09,6.78596e-06,0.236973,0.134727,1.75892,0
9,8,5,10.0,-1.8133e-07,-8.8976e-08,6.76623e-06,0.236971,0.134727,1.7589,0
10,8,5,10.0,-1.98612e-07,-2.54523e-07,6.73087e-06,0.23697,0.134727,1.7589,0
11,8,5,10.0,-2.44504e-07,-3.30165e-07,6.65555e-06,0.23697,0.134727,1.75889,0
12,8,5,10.0,-2.77813e-07,-4.24867e-07,6.54543e-06,0.23697,0.134727,1.75889,0
13,8,5,10.0,-3.04386e-07,-5.37872e-07,6.19798e-06,0.238374,0.134762,1.76884,0
14,8,5,10.0,-3.55919e-07,-7.65683e-07,5.96456e-06,0.23762,0.134737,1.76358,0
15,8,5,10.0,-3.68632e-07,-7.14714e-07,5.68823e-06,0.237271,0.134729,1.7611,0
16,8,5,10.0,-3.7579e-07,-6.87404e-07,5.36878e-06,0.237109,0.134726,1.75993,0
17,8,5,10.0,-3.81192e-07,-6.882e-07,5.00835e-06,0.237034,0.134726,1.75938,0
18,8,5,10.0,-3.88134e-07,-7.23465e-07,4.60339e-06,0.237,0.134726,1.75912,0
19,8,5,10.0,-3.94482e-07,-7.96646e-07,4.15252e-06,0.236984,0.134726,1.759,0
20,8,5,10.0,-4.04559e-07,-9.08384e-07,3.65328e-06,0.236976,0.134726,1.75894,0
21,8,5,10.0,-4.24782e-07,-1.0663e-06,3.09881e-06,0.236973,0.134727,1.75892,0
22,8,5,10.0,-4.63134e-07,-1.27965e-06,2.48686e-06,0.236971,0.134727,1.7589,0
23,8,5,10.0,-5.05918e-07,-1.56654e-06,1.82011e-06,0.23697,0.134727,1.7589,0
0,9,5,10.0,-7.96223e-08,-2.74432e-07,5.60741e-06,0.238405,0.134766,1.76902,0
1,9,5,10.0,5.15486e-07,9.7899e-07,5.57681e-06,0.23765,0.134741,1.76376,0
2,9,5,10.0,3.74583e-07,6.54061e-07,5.60281e-06,0.237302,0.134732,1.76129,0
3,9,5,10.0,2.61393e-07,4.20425e-07,5.65742e-06,0.237142,0.13473,1.76013,0
4,9,5,10.0,1.59567e-07,2.51352e-07,5.7223e-06,0.237069,0.13473,1.75959,0
5,9,5,10.0,6.28436e-08,1.33104e-07,5.7748e-06,0.237035,0.13473,1.75933,0
6,9,5,10.0,-1.54626e-08,5.27415e-08,5.80366e-06,0.237019,0.13473,1.75921,0
7,9,5,10.0,-7.5925e-08,-1.33449e-08,5.80684e-06,0.237012,0.134731,1.75916,0
8,9,5,10.0,-1.27725e-07,-6.41266e-08,5.78832e-06,0.236998,0.134729,1.75907,0
9,9,5,10.0,-1.76265e-07,-2.14972e-07,5.74527e-06,0.238384,0.134764,1.7689,0
10,9,5,10.0,-2.9657e-07,-7.40835e-07,5.7123e-06,0.23764,0.13474,1.7637,0
11,9,5,10.0,-3.27902e-07,-7.92927e-07,5.64171e-06,0.237298,0.134732,1.76126,0
12,9,5,10.0,-3.53107e-07,-8.5136e-07,5.54101e-06,0.23714,0.13473,1.76012,0
13,9,5,10.0,-3.69676e-07,-8.76219e-07,5.25972e-06,0.238384,0.134764,1.7689,0
14,9,5,10.0,-4.48528e-07,-1.42836e-06,5.06458e-06,0.23764,0.13474,1.7637,0
15,9,5,10.0,-4.52453e-07,-1.27267e-06,4.82256e-06,0.237298,0.134732,1.76126,0
16,9,5,10.0,-4.51401e-07,-1.15737e-06,4.54435e-06,0.23714,0.13473,1.76012,0
17,9,5,10.0,-4.49579e-07,-1.09589e-06,4.2273e-06,0.237068,0.13473,1.75958,0
18,9,5,10.0,-4.52694e-07,-1.07325e-06,3.87576e-06,0.237034,0.13473,1.75933,0
19,9,5,10.0,-4.61713e-07,-1.09561e-06,3.48834e-06,0.237019,0.13473,1.75921,0
20,9,5,10.0,-4.75924e-07,-1.16173e-06,3.06178e-06,0.237012,0.134731,1.75915,0
21,9,5,10.0,-5.00988e-07,-1.27406e-06,2.59296e-06,0.237009,0.134731,1.75913,0
22,9,5,10.0,-5.43829e-07,-1.448e-06,2.07759e-06,0.237007,0.134731,1.75912,0
23,9,5,10.0,-5.88805e-07,-1.69714e-06,1.51909e-06,0.237007,0.134731,1.75911,0
0,10,5,10.0,-1.04768e-07,-3.08553e-07,4.52402e-06,0.238395,0.134765,1.76896,0
1,10,5,10.0,5.47971e-07,1.07413e-06,4.48998e-06,0.23763,0.134738,1.76364,0
2,10,5,10.0,4.10004e-07,7.12985e-07,4.5148e-06,0.237276,0.134729,1.76113,0
3,10,5,10.0,2.78439e-07,4.46919e-07,4.56038e-06,0.237112,0.134726,1.75995,0
4,10,5,10.0,1.51635e-07,2.52651e-07,4.61146e-06,0.237036,0.134726,1.75939,0
5,10,5,10.0,5.5196e-08,1.2334e-07,4.64868e-06,0.237,0.134726,1.75913,0
6,10,5,10.0,-2.53249e-08,3.66732e-08,4.66232e-06,0.236984,0.134726,1.759,0
7,10,5,10.0,-8.74773e-08,-3.26946e-08,4.64927e-06,0.236977,0.134726,1.75895,0
8,10,5,10.0,-1.41194e-07,-8.04482e-08,4.6158e-06,0.236963,0.134725,1.75886,0
9,10,5,10.0,-1.6632e-07,-2.30782e-07,4.56218e-06,0.238374,0.134762,1.76884,0
10,10,5,10.0,-3.30614e-07,-6.85187e-07,4.5073e-06,0.23762,0.134737,1.76359,0
11,10,5,10.0,-3.24667e-07,-7.63983e-07,4.43913e-06,0.237271,0.134729,1.76111,0
12,10,5,10.0,-3.37359e-07,-8.13122e-07,4.35555e-06,0.23711,0.134726,1.75994,0
13,10,5,10.0,-3.86103e-07,-8.42657e-07,4.12859e-06,0.238374,0.134762,1.76884,0
14,10,5,10.0,-4.80173e-07,-1.40168e-06,3.96094e-06,0.23762,0.134737,1.76359,0
15,10,5,10.0,-4.84237e-07,-1.23925e-06,3.75443e-06,0.237271,0.134729,1.76111,0
16,10,5,10.0,-4.78346e-07,-1.12629e-06,3.51967e-06,0.237109,0.134726,1.75994,0
17,10,5,10.0,-4.83326e-07,-1.0669e-06,3.25813e-06,0.237035,0.134726,1.75939,0
18,10,5,10.0,-4.96604e-07,-1.04821e-06,2.97157e-06,0.237,0.134726,1.75913,0
19,10,5,10.0,-5.04686e-07,-1.07225e-06,2.66178e-06,0.236984,0.134726,1.759,0
20,10,5,10.0,-5.2466e-07,-1.13988e-06,2.32499e-06,0.236976,0.134726,1.75894,0
21,10,5,10.0,-5.60859e-07,-1.25733e-06,1.9583e-06,0.236973,0.134727,1.75892,0
22,10,5,10.0,-6.02254e-07,-1.43326e-06,1.56091e-06,0.236972,0.134727,1.75891,0
23,10,5,10.0,-6.57262e-07,-1.68621e-06,1.13499e-06,0.236971,0.134727,1.7589,0
0,11,5,10.0,-1.15326e-07,-3.55688e-07,3.28457e-06,0.238395,0.134765,1.76896,0
1,11,5,10.0,6.26994e-07,1.19312e-06,3.26101e-06,0.23763,0.134738,1.76364,0
2,11,5,10.0,4.28275e-07,7.71398e-07,3.28957e-06,0.237275,0.134729,1.76113,0
3,11,5,10.0,3.02028e-07,4.58553e-07,3.32437e-06,0.237111,0.134726,1.75995,0
4,11,5,10.0,1.72297e-07,2.37858e-07,3.35806e-06,0.237035,0.134726,1.75939,0
5,11,5,10.0,5.63696e-08,8.45144e-08,3.37685e-06,0.237,0.134726,1.75913,0
6,11,5,10.0,-3.78315e-08,-1.04161e-08,3.37087e-06,0.236984,0.134726,1.759,0
7,11,5,10.0,-9.04543e-08,-7.22921e-08,3.34182e-06,0.236976,0.134726,1.75894,0
8,11,5,10.0,-1.47886e-07,-1.20426e-07,3.29391e-06,0.236962,0.134725,1.75886,0
9,11,5,10.0,-1.67841e-07,-2.87068e-07,3.22822e-06,0.238374,0.134762,1.76884,0
10,11,5,10.0,-3.34218e-07,-7.50135e-07,3.15966e-06,0.23762,0.134737,1.76358,0
11,11,5,10.0,-3.6987e-07,-8.21017e-07,3.09555e-06,0.237271,0.134729,1.7611,0
12,11,5,10.0,-3.72205e-07,-8.66334e-07,3.02624e-06,0.237109,0.134726,1.75994,0
13,11,5,10.0,-4.24283e-07,-8.77387e-07,2.8359e-06,0.238374,0.134762,1.76884,0
14,11,5,10.0,-5.20784e-07,-1.41167e-06,2.69156e-06,0.23762,0.134737,1.76358,0
15,11,5,10.0,-5.12472e-07,-1.23986e-06,2.51397e-06,0.237271,0.134729,1.76111,0
16,11,5,10.0,-5.16449e-07,-1.12479e-06,2.32475e-06,0.237109,0.134726,1.75993,0
17,11,5,10.0,-5.21811e-07,-1.06422e-06,2.12177e-06,0.237034,0.134726,1.75938,0
18,11,5,10.0,-5.22566e-07,-1.04304e-06,1.90972e-06,0.237,0.134726,1.75912,0
19,11,5,10.0,-5.44124e-07,-1.06644e-06,1.69331e-06,0.236984,0.134726,1.759,0
20,11,5,10.0,-5.66314e-07,-1.13464e-06,1.46385e-06,0.236976,0.134726,1.75894,0
21,11,5,10.0,-5.94907e-07,-1.25399e-06,1.21854e-06,0.236973,0.134727,1.75892,0
22,11,5,10.0,-6.46849e-07,-1.43422e-06,9.58193e-07,0.236971,0.134727,1.7589,0
23,11,5,10.0,-7.03477e-07,-1.68975e-06,6.84095e-07,0.23697,0.134727,1.7589,0
0,12,5,10.0,-1.06319e-07,-3.95994e-07,1.95718e-06,0.238395,0.134765,1.76896,0
1,12,5,10.0,6.79491e-07,1.33109e-06,1.9294e-06,0.23763,0.134738,1.76364,0
2,12,5,10.0,4.34689e-07,8.42603e-07,1.94215e-06,0.237275,0.134729,1.76113,0
3,12,5,10.0,3.28492e-07,4.94991e-07,1.97986e-06,0.237111,0.134726,1.75995,0
4,12,5,10.0,2.01253e-07,2.17386e-07,2.00424e-06,0.237035,0.134726,1.75939,0
5,12,5,10.0,4.76801e-08,3.56812e-08,1.98583e-06,0.237,0.134726,1.75913,0
6,12,5,10.0,-4.63797e-08,-5.45969e-08,1.95005e-06,0.236984,0.134726,1.759,0
7,12,5,10.0,-8.40875e-08,-1.17622e-07,1.90493e-06,0.236976,0.134726,1.75894,0
8,12,5,10.0,-1.53225e-07,-1.78025e-07,1.83436e-06,0.236962,0.134725,1.75886,0
9,12,5,10.0,-1.90795e-07,-3.26659e-07,1.74851e-06,0.238374,0.134762,1.76884,0
10,12,5,10.0,-3.44265e-07,-8.58374e-07,1.66458e-06,0.23762,0.134737,1.76358,0
11,12,5,10.0,-3.95645e-07,-9.15366e-07,1.58518e-06,0.237271,0.134729,1.7611,0
12,12,5,10.0,-3.99872e-07,-9.36729e-07,1.52918e-06,0.237109,0.134726,1.75994,0
13,12,5,10.0,-4.61593e-07,-9.37089e-07,1.37194e-06,0.238363,0.134761,1.76878,0
14,12,5,10.0,-5.75605e-07,-1.45889e-06,1.2475e-06,0.2376,0.134735,1.76347,0
15,12,5,10.0,-5.43646e-07,-1.27384e-06,1.09811e-06,0.237244,0.134725,1.76095,0
16,12,5,10.0,-5.53739e-07,-1.15601e-06,9.59099e-07,0.237078,0.134722,1.75975,0
17,12,5,10.0,-5.43642e-07,-1.08494e-06,8.23881e-07,0.23702,0.134724,1.7593,0
18,12,5,10.0,-5.48307e-07,-1.06782e-06,7.04622e-07,0.236993,0.134725,1.75908,0
19,12,5,10.0,-5.82062e-07,-1.0862e-06,5.93886e-07,0.236981,0.134726,1.75898,0
20,12,5,10.0,-5.94356e-07,-1.15426e-06,4.93893e-07,0.236975,0.134726,1.75893,0
21,12,5,10.0,-6.21985e-07,-1.27885e-06,3.91752e-07,0.236972,0.134726,1.75891,0
22,12,5,10.0,-6.79346e-07,-1.46039e-06,2.81349e-07,0.236971,0.134727,1.7589,0
23,12,5,10.0,-7.34924e-07,-1.72161e-06,1.75782e-07,0.23697,0.134727,1.7589,0
0,13,5,10.0,-1.49798e-07,-4.73157e-07,5.13238e-07,0.238395,0.134765,1.76896,0
1,13,5,10.0,6.45228e-07,1.48313e-06,4.86491e-07,0.23763,0.134738,1.76364,0
2,13,5,10.0,4.874e-07,9.36533e-07,4.98327e-07,0.237276,0.134729,1.76113,0
3,13,5,10.0,3.24037e-07,5.09359e-07,5.31476e-07,0.237132,0.134729,1.76006,0
4,13,5,10.0,1.33733e-07,1.94636e-07,5.26663e-07,0.237024,0.134724,1.75933,0
5,13,5,10.0,4.66005e-08,2.25015e-08,4.64389e-07,0.236974,0.134722,1.75898,0
6,13,5,10.0,-2.70405e-08,-8.50377e-08,3.94456e-07,0.236972,0.134725,1.75893,0
7,13,5,10.0,-1.28316e-07,-1.70543e-07,3.23944e-07,0.236971,0.134726,1.75891,0
8,13,5,10.0,-1.64817e-07,-2.36164e-07,2.28729e-07,0.23696,0.134725,1.75884,0
9,13,5,10.0,-2.13891e-07,-4.09041e-07,1.19519e-07,0.238374,0.134762,1.76884,0
10,13,5,10.0,-4.22864e-07,-9.2113e-07,-9.07188e-09,0.23762,0.134737,1.76358,0
11,13,5,10.0,-4.04782e-07,-9.53007e-07,-9.68613e-08,0.237271,0.134729,1.76111,0
12,13,5,10.0,-4.42137e-07,-9.70663e-07,-1.447e-07,0.23713,0.134729,1.76005,0
13,13,5,10.0,-5.10688e-07,-9.56629e-07,-2.69165e-07,0.238384,0.134764,1.7689,0
14,13,5,10.0,-6.20365e-07,-1.51186e-06,-3.66393e-07,0.23764,0.13474,1.7637,0
15,13,5,10.0,-6.23304e-07,-1.31307e-06,-5.01587e-07,0.237298,0.134732,1.76126,0
16,13,5,10.0,-6.03438e-07,-1.17806e-06,-5.64761e-07,0.23714,0.13473,1.76012,0
17,13,5,10.0,-5.9767e-07,-1.09296e-06,-6.09269e-07,0.237049,0.134727,1.75947,0
18,13,5,10.0,-6.27477e-07,-1.06891e-06,-6.21517e-07,0.237006,0.134727,1.75916,0
19,13,5,10.0,-6.22474e-07,-1.08392e-06,-6.04727e-07,0.236987,0.134727,1.75902,0
20,13,5,10.0,-6.43166e-07,-1.16161e-06,-5.63219e-07,0.236999,0.134729,1.75907,0
21,13,5,10.0,-6.89178e-07,-1.28492e-06,-5.167e-07,0.236962,0.134725,1.75886,0
22,13,5,10.0,-7.27399e-07,-1.48627e-06,-4.64152e-07,0.236945,0.134723,1.75876,0
23,13,5,10.0,-7.78406e-07,-1.76209e-06,-3.85816e-07,0.236959,0.134725,1.75883,0
0,14,5,10.0,-1.43445e-07,-6.13808e-07,-2.54652e-06,0.238395,0.134765,1.76896,0
1,14,5,10.0,7.40651e-07,1.87793e-06,-2.52478e-06,0.23763,0.134738,1.76364,0
2,14,5,10.0,4.86383e-07,1.18412e-06,-2.55356e-06,0.237275,0.134729,1.76113,0
3,14,5,10.0,2.91194e-07,6.3815e-07,-2.63617e-06,0.237111,0.134726,1.75995,0
4,14,5,10.0,1.54511e-07,2.49155e-07,-2.75435e-06,0.237035,0.134726,1.75939,0
5,14,5,10.0,4.55132e-08,-2.33105e-08,-2.88561e-06,0.237,0.134726,1.75913,0
6,14,5,10.0,-4.70688e-08,-2.04778e-07,-3.02262e-06,0.236984,0.134726,1.759,0
7,14,5,10.0,-8.53203e-08,-3.33185e-07,-3.1493e-06,0.236976,0.134726,1.75894,0
8,14,5,10.0,-1.86474e-07,-4.60309e-07,-3.27369e-06,0.236973,0.134727,1.75892,0
9,14,5,10.0,-2.33505e-07,-5.47861e-07,-3.40128e-06,0.236971,0.134727,1.7589,0
10,14,5,10.0,-2.90744e-07,-6.11923e-07,-3.53055e-06,0.23697,0.134727,1.7589,0
11,14,5,10.0,-3.6351e-07,-6.69661e-07,-3.62191e-06,0.23697,0.134727,1.7589,0
12,14,5,10.0,-3.88182e-07,-7.12575e-07,-3.68301e-06,0.23697,0.134727,1.75889,0
13,14,5,10.0,-4.71597e-07,-7.34227e-07,-3.71421e-06,0.238374,0.134762,1.76884,0
14,14,5,10.0,-5.5964e-07,-9.7849e-07,-3.68635e-06,0.23762,0.134737,1.76358,0
15,14,5,10.0,-5.55958e-07,-8.68068e-07,-3.61296e-06,0.237271,0.134729,1.76111,0
16,14,5,10.0,-5.71364e-07,-8.14648e-07,-3.49588e-06,0.237109,0.134726,1.75993,0
17,14,5,10.0,-5.80416e-07,-7.95365e-07,-3.3361e-06,0.237034,0.134726,1.75938,0
18,14,5,10.0,-5.70841e-07,-8.22976e-07,-3.13315e-06,0.237,0.134726,1.75912,0
19,14,5,10.0,-5.95382e-07,-8.98921e-07,-2.88488e-06,0.236984,0.134726,1.759,0
20,14,5,10.0,-6.27389e-07,-1.01954e-06,-2.6007e-06,0.236976,0.134726,1.75894,0
21,14,5,10.0,-6.56506e-07,-1.19886e-06,-2.27556e-06,0.236973,0.134727,1.75892,0
22,14,5,10.0,-6.95106e-07,-1.44599e-06,-1.89748e-06,0.236971,0.134727,1.7589,0
23,14,5,10.0,-7.44037e-07,-1.79118e-06,-1.45508e-06,0.23697,0.134727,1.7589,0
0,15,5,10.0,-1.47582e-07,-6.96535e-07,-4.06281e-06,0.238395,0.134765,1.76896,0
1,15,5,10.0,6.93989e-07,2.1051e-06,-4.007e-06,0.23763,0.134738,1.76364,0
2,15,5,10.0,4.60645e-07,1.30552e-06,-4.07823e-06,0.237275,0.134729,1.76113,0
3,15,5,10.0,2.94263e-07,7.15598e-07,-4.21302e-06,0.237111,0.134726,1.75995,0
4,15,5,10.0,1.56256e-07,2.70681e-07,-4.3903e-06,0.237035,0.134726,1.75939,0
5,15,5,10.0,3.95655e-08,-4.07319e-08,-4.57825e-06,0.237,0.134726,1.75913,0
6,15,5,10.0,-7.1755e-08,-2.72715e-07,-4.75933e-06,0.236984,0.134726,1.759,0
7,15,5,10.0,-1.44361e-07,-4.48875e-07,-4.91459e-06,0.236976,0.134726,1.75894,0
8,15,5,10.0,-1.81252e-07,-5.74727e-07,-5.063e-06,0.236973,0.134727,1.75892,0
9,15,5,10.0,-2.66305e-07,-6.45819e-07,-5.20822e-06,0.236971,0.134727,1.7589,0
10,15,5,10.0,-3.29581e-07,-7.00822e-07,-5.33655e-06,0.23697,0.134727,1.7589,0
11,15,5,10.0,-3.41331e-07,-7.39875e-07,-5.42382e-06,0.23697,0.134727,1.75889,0
12,15,5,10.0,-3.94589e-07,-7.68662e-07,-5.46191e-06,0.23697,0.134727,1.75889,0
13,15,5,10.0,-4.47678e-07,-7.88469e-07,-5.41495e-06,0.238374,0.134762,1.76884,0
14,15,5,10.0,-5.39478e-07,-1.04275e-06,-5.32259e-06,0.23762,0.134737,1.76358,0
15,15,5,10.0,-5.58525e-07,-9.27103e-07,-5.16875e-06,0.237271,0.134729,1.7611,0
16,15,5,10.0,-5.54704e-07,-8.47701e-07,-4.95471e-06,0.237109,0.134726,1.75993,0
17,15,5,10.0,-5.62475e-07,-8.3932e-07,-4.68813e-06,0.237034,0.134726,1.75938,0
18,15,5,10.0,-5.6431e-07,-8.62861e-07,-4.36868e-06,0.237,0.134726,1.75912,0
19,15,5,10.0,-5.80397e-07,-9.47027e-07,-4.00125e-06,0.236984,0.134726,1.759,0
20,15,5,10.0,-6.12485e-07,-1.07597e-06,-3.58823e-06,0.236976,0.134726,1.75894,0
21,15,5,10.0,-6.32294e-07,-1.2642e-06,-3.12002e-06,0.236973,0.134727,1.75892,0
22,15,5,10.0,-6.69647e-07,-1.53256e-06,-2.58689e-06,0.236971,0.134727,1.7589,0
23,15,5,10.0,-7.13256e-07,-1.90364e-06,-1.97389e-06,0.23697,0.134727,1.7589,0
0,16,5,10.0,-1.12188e-07,-7.7167e-07,-5.50207e-06,0.238395,0.134765,1.76896,0
1,16,5,10.0,6.50609e-07,2.3451e-06,-5.43201e-06,0.23763,0.134738,1.76364,0
2,16,5,10.0,5.00434e-07,1.4221e-06,-5.53054e-06,0.237275,0.134729,1.76113,0
3,16,5,10.0,2.87917e-07,7.76962e-07,-5.72402e-06,0.237111,0.134726,1.75995,0
4,16,5,10.0,1.51501e-07,2.7732e-07,-5.9673e-06,0.237035,0.134726,1.75939,0
5,16,5,10.0,2.26939e-08,-9.12332e-08,-6.2245e-06,0.237,0.134726,1.75913,0
6,16,5,10.0,-2.29037e-08,-3.64596e-07,-6.46053e-06,0.236984,0.134726,1.759,0
7,16,5,10.0,-1.04675e-07,-5.61159e-07,-6.66675e-06,0.236976,0.134726,1.75894,0
8,16,5,10.0,-2.1815e-07,-6.94081e-07,-6.84925e-06,0.236973,0.134727,1.75892,0
9,16,5,10.0,-2.86213e-07,-7.67591e-07,-7.02573e-06,0.236971,0.134727,1.7589,0
10,16,5,10.0,-2.55409e-07,-7.68448e-07,-7.14701e-06,0.23697,0.134727,1.7589,0
11,16,5,10.0,-3.2396e-07,-8.20267e-07,-7.20876e-06,0.23697,0.134727,1.75889,0
12,16,5,10.0,-3.66826e-07,-8.44977e-07,-7.22235e-06,0.23697,0.134727,1.75889,0
13,16,5,10.0,-4.2541e-07,-8.53966e-07,-7.06706e-06,0.238374,0.134762,1.76884,0
14,16,5,10.0,-4.98477e-07,-1.1139e-06,-6.90469e-06,0.23762,0.134737,1.76358,0
15,16,5,10.0,-5.02658e-07,-9.81229e-07,-6.66903e-06,0.237271,0.134729,1.7611,0
16,16,5,10.0,-5.16621e-07,-9.05652e-07,-6.35836e-06,0.237109,0.134726,1.75993,0
17,16,5,10.0,-5.107e-07,-8.74669e-07,-5.9766e-06,0.237034,0.134726,1.75938,0
18,16,5,10.0,-5.37961e-07,-8.9979e-07,-5.55156e-06,0.237,0.134726,1.75912,0
19,16,5,10.0,-5.71724e-07,-9.73293e-07,-5.06011e-06,0.236984,0.134726,1.759,0
20,16,5,10.0,-5.75003e-07,-1.10622e-06,-4.51583e-06,0.236976,0.134726,1.75894,0
21,16,5,10.0,-6.13676e-07,-1.30075e-06,-3.91156e-06,0.236973,0.134727,1.75892,0
22,16,5,10.0,-6.4165e-07,-1.58016e-06,-3.23341e-06,0.236971,0.134727,1.7589,0
23,16,5,10.0,-6.71706e-07,-1.97687e-06,-2.46286e-06,0.23697,0.134727,1.7589,0
0,17,5,10.0,-1.33256e-07,-8.97628e-07,-6.87323e-06,0.238405,0.134766,1.76902,0
1,17,5,10.0,6.28656e-07,2.55351e-06,-6.7767e-06,0.23765,0.134741,1.76376,0
2,17,5,10.0,4.13671e-07,1.54741e-06,-6.89703e-06,0.237302,0.134732,1.76129,0
3,17,5,10.0,2.7738e-07,7.77832e-07,-7.14297e-06,0.237142,0.13473,1.76013,0
4,17,5,10.0,1.38137e-07,2.10463e-07,-7.45677e-06,0.237069,0.13473,1.75959,0
5,17,5,10.0,5.46624e-08,-1.99171e-07,-7.79055e-06,0.237035,0.13473,1.75933,0
6,17,5,10.0,-5.0167e-08,-4.90793e-07,-8.09647e-06,0.237019,0.13473,1.75921,0
7,17,5,10.0,-1.57035e-07,-7.26829e-07,-8.36295e-06,0.237012,0.134731,1.75916,0
8,17,5,10.0,-2.56716e-07,-8.91219e-07,-8.60744e-06,0.237009,0.134731,1.75913,0
9,17,5,10.0,-2.19891e-07,-9.27765e-07,-8.79521e-06,0.237007,0.134731,1.75912,0
10,17,5,10.0,-2.87457e-07,-9.54257e-07,-8.9068e-06,0.237007,0.134731,1.75911,0
11,17,5,10.0,-3.63518e-07,-9.46257e-07,-8.95225e-06,0.237006,0.134731,1.75911,0
12,17,5,10.0,-3.27276e-07,-9.7742e-07,-8.92618e-06,0.237006,0.134731,1.75911,0
13,17,5,10.0,-4.06352e-07,-9.94483e-07,-8.65703e-06,0.238384,0.134764,1.7689,0
14,17,5,10.0,-4.83146e-07,-1.29685e-06,-8.41491e-06,0.23764,0.13474,1.7637,0
15,17,5,10.0,-4.70419e-07,-1.14249e-06,-8.09212e-06,0.237298,0.134732,1.76126,0
16,17,5,10.0,-4.87003e-07,-1.0105e-06,-7.68554e-06,0.23713,0.134729,1.76006,0
17,17,5,10.0,-5.25385e-07,-9.90656e-07,-7.18931e-06,0.238384,0.134764,1.7689,0
18,17,5,10.0,-4.4107e-07,-4.45829e-07,-6.61006e-06,0.23764,0.13474,1.7637,0
19,17,5,10.0,-4.69311e-07,-5.8464e-07,-5.99695e-06,0.237298,0.134732,1.76126,0
20,17,5,10.0,-5.09507e-07,-7.66225e-07,-5.32814e-06,0.23714,0.13473,1.76012,0
21,17,5,10.0,-5.28792e-07,-1.00966e-06,-4.60153e-06,0.237068,0.13473,1.75958,0
22,17,5,10.0,-5.45517e-07,-1.33184e-06,-3.79089e-06,0.237034,0.13473,1.75933,0
23,17,5,10.0,-5.78259e-07,-1.78367e-06,-2.87658e-06,0.237019,0.13473,1.75921,0
0,18,5,10.0,-5.84425e-08,-9.46136e-07,-8.12907e-06,0.238395,0.134765,1.76896,0
1,18,5,10.0,5.43997e-07,2.77541e-06,-8.02983e-06,0.23763,0.134738,1.76364,0
2,18,5,10.0,3.84191e-07,1.62977e-06,-8.17476e-06,0.237276,0.134729,1.76113,0
3,18,5,10.0,2.17524e-07,8.30131e-07,-8.46384e-06,0.237112,0.134726,1.75995,0
4,18,5,10.0,1.31653e-07,2.51587e-07,-8.83426e-06,0.237036,0.134726,1.75939,0
5,18,5,10.0,3.73848e-08,-1.73138e-07,-9.23535e-06,0.237,0.134726,1.75913,0
6,18,5,10.0,-7.19344e-08,-4.91792e-07,-9.61208e-06,0.236984,0.134726,1.759,0
7,18,5,10.0,-1.77579e-07,-7.12768e-07,-9.95741e-06,0.236977,0.134726,1.75895,0
8,18,5,10.0,-2.02365e-07,-8.50658e-07,-1.02402e-05,0.236973,0.134727,1.75892,0
9,18,5,10.0,-2.36647e-07,-8.81808e-07,-1.04309e-05,0.236971,0.134727,1.75891,0
10,18,5,10.0,-3.51048e-07,-9.15463e-07,-1.05498e-05,0.236971,0.134727,1.7589,0
11,18,5,10.0,-2.73209e-07,-8.70455e-07,-1.05729e-05,0.23697,0.134727,1.7589,0
12,18,5,10.0,-3.13953e-07,-8.98357e-07,-1.04964e-05,0.23697,0.134727,1.7589,0
13,18,5,10.0,-3.64044e-07,-9.3052e-07,-1.01316e-05,0.238374,0.134762,1.76884,0
14,18,5,10.0,-4.55897e-07,-1.22747e-06,-9.8237e-06,0.23762,0.134737,1.76359,0
15,18,5,10.0,-4.61466e-07,-1.11984e-06,-9.42223e-06,0.237271,0.134729,1.76111,0
16,18,5,10.0,-4.73427e-07,-9.59899e-07,-8.92476e-06,0.237099,0.134725,1.75988,0
17,18,5,10.0,-4.86876e-07,-1.00116e-06,-8.3263e-06,0.238374,0.134762,1.76884,0
18,18,5,10.0,-4.33296e-07,-4.87909e-07,-7.60249e-06,0.23762,0.134737,1.76359,0
19,18,5,10.0,-4.47277e-07,-6.53929e-07,-6.86755e-06,0.237271,0.134729,1.76111,0
20,18,5,10.0,-4.74774e-07,-8.5104e-07,-6.09304e-06,0.237109,0.134726,1.75994,0
21,18,5,10.0,-4.76947e-07,-1.08715e-06,-5.246e-06,0.237035,0.134726,1.75939,0
22,18,5,10.0,-4.95241e-07,-1.43328e-06,-4.30675e-06,0.237,0.134726,1.75913,0
23,18,5,10.0,-5.20312e-07,-1.89128e-06,-3.25769e-06,0.236984,0.134726,1.759,0
0,19,5,10.0,-1.14279e-07,-1.05652e-06,-9.24842e-06,0.238395,0.134765,1.76896,0
1,19,5,10.0,4.9612e-07,2.92376e-06,-9.16695e-06,0.23763,0.134738,1.76364,0
2,19,5,10.0,3.04256e-07,1.72477e-06,-9.33693e-06,0.237275,0.134729,1.76113,0
3,19,5,10.0,1.78722e-07,8.56459e-07,-9.6604e-06,0.237111,0.134726,1.75995,0
4,19,5,10.0,9.73674e-08,2.30896e-07,-1.00762e-05,0.237035,0.134726,1.75939,0
5,19,5,10.0,1.85965e-08,-1.77417e-07,-1.05094e-05,0.237,0.134726,1.75913,0
6,19,5,10.0,-7.57487e-08,-5.22955e-07,-1.09385e-05,0.236984,0.134726,1.759,0
7,19,5,10.0,-1.39965e-07,-7.47286e-07,-1.1315e-05,0.236976,0.134726,1.75894,0
8,19,5,10.0,-1.5633e-07,-8.77665e-07,-1.1622e-05,0.236973,0.134727,1.75892,0
9,19,5,10.0,-2.89221e-07,-9.28496e-07,-1.18287e-05,0.236971,0.134727,1.7589,0
10,19,5,10.0,-2.09192e-07,-8.9258e-07,-1.19363e-05,0.23697,0.134727,1.7589,0
11,19,5,10.0,-2.67439e-07,-8.92804e-07,-1.19304e-05,0.23697,0.134727,1.75889,0
12,19,5,10.0,-2.89008e-07,-8.99528e-07,-1.18411e-05,0.23697,0.134727,1.75889,0
13,19,5,10.0,-3.12924e-07,-9.36847e-07,-1.14119e-05,0.238374,0.134762,1.76884,0
14,19,5,10.0,-4.15473e-07,-1.24646e-06,-1.106e-05,0.23762,0.134737,1.76358,0
15,19,5,10.0,-4.01435e-07,-1.11664e-06,-1.05986e-05,0.237271,0.134729,1.76111,0
16,19,5,10.0,-4.18664e-07,-9.83283e-07,-1.00308e-05,0.237099,0.134725,1.75987,0
17,19,5,10.0,-3.75881e-07,-1.02011e-06,-9.34081e-06,0.238374,0.134762,1.76884,0
18,19,5,10.0,-4.15035e-07,-5.1184e-07,-8.52935e-06,0.23762,0.134737,1.76358,0
19,19,5,10.0,-4.41144e-07,-6.8193e-07,-7.70508e-06,0.237271,0.134729,1.76111,0
20,19,5,10.0,-4.31384e-07,-8.82216e-07,-6.82628e-06,0.237109,0.134726,1.75993,0
21,19,5,10.0,-4.47167e-07,-1.1343e-06,-5.86862e-06,0.237034,0.134726,1.75938,0
22,19,5,10.0,-4.61356e-07,-1.47627e-06,-4.81162e-06,0.237,0.134726,1.75912,0
23,19,5,10.0,-4.61803e-07,-1.95068e-06,-3.63296e-06,0.236984,0.134726,1.759,0
0,20,5,10.0,-1.10571e-07,-1.10975e-06,-1.04002e-05,0.238395,0.134765,1.76896,0
1,20,5,10.0,3.87616e-07,3.0397e-06,-1.01603e-05,0.23763,0.134738,1.76364,0
2,20,5,10.0,2.02516e-07,1.79472e-06,-1.03444e-05,0.237275,0.134729,1.76113,0
3,20,5,10.0,1.52722e-07,8.76714e-07,-1.06886e-05,0.237111,0.134726,1.75995,0
4,20,5,10.0,5.97163e-08,2.37025e-07,-1.111e-05,0.237035,0.134726,1.75939,0
5,20,5,10.0,-7.27236e-10,-2.4048e-07,-1.15467e-05,0.237,0.134726,1.75913,0
6,20,5,10.0,-6.95755e-08,-5.78618e-07,-1.19707e-05,0.236984,0.134726,1.759,0
7,20,5,10.0,-9.57914e-08,-7.69276e-07,-1.235e-05,0.236976,0.134726,1.75894,0
8,20,5,10.0,-1.57182e-07,-8.93047e-07,-1.26457e-05,0.236973,0.134727,1.75892,0
9,20,5,10.0,-1.68469e-07,-9.06142e-07,-1.28625e-05,0.236971,0.134727,1.7589,0
10,20,5,10.0,-2.15906e-07,-8.69907e-07,-1.29524e-05,0.23697,0.134727,1.7589,0
11,20,5,10.0,-2.40012e-07,-8.87543e-07,-1.29646e-05,0.23697,0.134727,1.75889,0
12,20,5,10.0,-2.49001e-07,-8.73987e-07,-1.28833e-05,0.23697,0.134727,1.75889,0
13,20,5,10.0,-2.76023e-07,-9.47287e-07,-1.24391e-05,0.238374,0.134762,1.76884,0
14,20,5,10.0,-3.79949e-07,-1.24864e-06,-1.20708e-05,0.23762,0.134737,1.76358,0
15,20,5,10.0,-3.59587e-07,-1.11854e-06,-1.15717e-05,0.237271,0.134729,1.7611,0
16,20,5,10.0,-3.57791e-07,-9.96573e-07,-1.0958e-05,0.237099,0.134725,1.75987,0
17,20,5,10.0,-3.7507e-07,-1.04024e-06,-1.02126e-05,0.238374,0.134762,1.76884,0
18,20,5,10.0,-3.65352e-07,-5.39245e-07,-9.34819e-06,0.23762,0.134737,1.76358,0
19,20,5,10.0,-3.53866e-07,-7.17488e-07,-8.45065e-06,0.237271,0.134729,1.7611,0
20,20,5,10.0,-3.6423e-07,-9.12716e-07,-7.48414e-06,0.237109,0.134726,1.75993,0
21,20,5,10.0,-3.61471e-07,-1.16649e-06,-6.4292e-06,0.237034,0.134726,1.75938,0
22,20,5,10.0,-3.64067e-07,-1.5097e-06,-5.26819e-06,0.237,0.134726,1.75912,0
23,20,5,10.0,-3.76404e-07,-1.98652e-06,-3.97634e-06,0.236984,0.134726,1.759,0
0,21,5,10.0,5.48062e-08,-1.07557e-06,-1.10763e-05,0.238395,0.134765,1.76896,0
1,21,5,10.0,2.44678e-07,3.07617e-06,-1.0917e-05,0.23763,0.134738,1.76364,0
2,21,5,10.0,2.34131e-07,1.84375e-06,-1.11043e-05,0.237275,0.134729,1.76113,0
3,21,5,10.0,1.22155e-07,8.886e-07,-1.14451e-05,0.237111,0.134726,1.75995,0
4,21,5,10.0,5.36176e-08,2.05567e-07,-1.18415e-05,0.237035,0.134726,1.75939,0
5,21,5,10.0,-1.01564e-10,-2.41331e-07,-1.22418e-05,0.237,0.134726,1.75913,0
6,21,5,10.0,2.83685e-09,-5.21574e-07,-1.26269e-05,0.236984,0.134726,1.759,0
7,21,5,10.0,-3.69782e-08,-7.13506e-07,-1.29715e-05,0.236976,0.134726,1.75894,0
8,21,5,10.0,-1.02537e-07,-8.12747e-07,-1.32615e-05,0.236973,0.134727,1.75892,0
9,21,5,10.0,-7.71718e-08,-8.01748e-07,-1.34629e-05,0.236971,0.134727,1.7589,0
10,21,5,10.0,-1.43769e-07,-7.92213e-07,-1.35798e-05,0.23697,0.134727,1.7589,0
11,21,5,10.0,-1.37737e-07,-7.66203e-07,-1.36124e-05,0.23697,0.134727,1.75889,0
12,21,5,10.0,-1.84181e-07,-7.98436e-07,-1.35591e-05,0.23697,0.134727,1.75889,0
13,21,5,10.0,-2.25771e-07,-8.9999e-07,-1.31652e-05,0.238374,0.134762,1.76884,0
14,21,5,10.0,-3.03665e-07,-1.20643e-06,-1.28105e-05,0.23762,0.134737,1.76358,0
15,21,5,10.0,-3.04841e-07,-1.11296e-06,-1.23009e-05,0.237271,0.134729,1.76111,0
16,21,5,10.0,-2.87065e-07,-9.57952e-07,-1.1666e-05,0.237099,0.134725,1.75987,0
17,21,5,10.0,-2.85825e-07,-1.02872e-06,-1.09015e-05,0.238374,0.134762,1.76884,0
18,21,5,10.0,-3.26495e-07,-5.82474e-07,-1.00084e-05,0.23762,0.134737,1.76358,0
19,21,5,10.0,-2.91244e-07,-7.31585e-07,-9.05117e-06,0.237271,0.134729,1.76111,0
20,21,5,10.0,-2.74603e-07,-9.19253e-07,-8.01121e-06,0.237109,0.134726,1.75993,0
21,21,5,10.0,-2.74192e-07,-1.16383e-06,-6.87434e-06,0.237034,0.134726,1.75938,0
22,21,5,10.0,-2.75594e-07,-1.51136e-06,-5.62603e-06,0.237,0.134726,1.75912,0
23,21,5,10.0,-2.9235e-07,-1.98797e-06,-4.24787e-06,0.236984,0.134726,1.759,0
0,22,5,10.0,-1.80087e-08,-1.05121e-06,-1.15003e-05,0.238395,0.134765,1.76896,0
1,22,5,10.0,2.19025e-07,3.03284e-06,-1.14219e-05,0.23763,0.134738,1.76364,0
2,22,5,10.0,1.47612e-07,1.80396e-06,-1.15883e-05,0.237275,0.134729,1.76113,0
3,22,5,10.0,1.04538e-07,9.11504e-07,-1.18881e-05,0.237111,0.134726,1.75995,0
4,22,5,10.0,9.73811e-08,2.89689e-07,-1.22349e-05,0.237035,0.134726,1.75939,0
5,22,5,10.0,7.56114e-08,-1.25933e-07,-1.25853e-05,0.237,0.134726,1.75913,0
6,22,5,10.0,1.61405e-08,-3.99959e-07,-1.29211e-05,0.236984,0.134726,1.759,0
7,22,5,10.0,-1.35035e-08,-5.75098e-07,-1.32338e-05,0.236976,0.134726,1.75894,0
8,22,5,10.0,-4.24295e-09,-6.46957e-07,-1.35029e-05,0.236973,0.134727,1.75892,0
9,22,5,10.0,-2.20224e-08,-6.46003e-07,-1.37052e-05,0.236971,0.134727,1.7589,0
10,22,5,10.0,-5.84799e-08,-6.25959e-07,-1.38508e-05,0.23697,0.134727,1.7589,0
11,22,5,10.0,-1.13474e-07,-6.5212e-07,-1.39219e-05,0.23697,0.134727,1.75889,0
12,22,5,10.0,-1.04941e-07,-6.67723e-07,-1.39119e-05,0.23697,0.134727,1.75889,0
13,22,5,10.0,-1.58797e-07,-8.32209e-07,-1.36057e-05,0.238374,0.134762,1.76884,0
14,22,5,10.0,-1.99118e-07,-1.13223e-06,-1.32661e-05,0.23762,0.134737,1.76358,0
15,22,5,10.0,-2.0347e-07,-1.02668e-06,-1.27663e-05,0.237271,0.134729,1.76111,0
16,22,5,10.0,-1.8831e-07,-9.01738e-07,-1.21277e-05,0.237099,0.134725,1.75987,0
17,22,5,10.0,-1.78904e-07,-9.57461e-07,-1.13623e-05,0.238374,0.134762,1.76884,0
18,22,5,10.0,-2.32395e-07,-5.94826e-07,-1.04757e-05,0.23762,0.134737,1.76358,0
19,22,5,10.0,-2.16176e-07,-7.26369e-07,-9.4805e-06,0.237271,0.134729,1.76111,0
20,22,5,10.0,-2.03379e-07,-9.02133e-07,-8.38409e-06,0.237109,0.134726,1.75993,0
21,22,5,10.0,-2.0292e-07,-1.14786e-06,-7.18469e-06,0.237034,0.134726,1.75938,0
22,22,5,10.0,-2.09891e-07,-1.48888e-06,-5.87309e-06,0.237,0.134726,1.75912,0
23,22,5,10.0,-2.08948e-07,-1.95269e-06,-4.4295e-06,0.236984,0.134726,1.759,0
0,23,5,10.0,1.1744e-08,-9.80022e-07,-1.18137e-05,0.238395,0.134765,1.76896,0
1,23,5,10.0,1.37626e-07,3.01126e-06,-1.17017e-05,0.23763,0.134738,1.76364,0
2,23,5,10.0,1.34667e-07,1.84211e-06,-1.18395e-05,0.237275,0.134729,1.76113,0
3,23,5,10.0,1.2574e-07,9.91435e-07,-1.20855e-05,0.237111,0.134726,1.75995,0
4,23,5,10.0,1.0015e-07,3.94419e-07,-1.23789e-05,0.237035,0.134726,1.75939,0
5,23,5,10.0,6.38967e-08,-3.48118e-09,-1.26874e-05,0.237,0.134726,1.75913,0
6,23,5,10.0,4.03005e-08,-2.62638e-07,-1.2993e-05,0.236984,0.134726,1.759,0
7,23,5,10.0,2.92826e-08,-4.17841e-07,-1.32783e-05,0.236976,0.134726,1.75894,0
8,23,5,10.0,3.11482e-08,-4.80249e-07,-1.35318e-05,0.236973,0.134727,1.75892,0
9,23,5,10.0,-7.43933e-09,-4.66848e-07,-1.37473e-05,0.236971,0.134727,1.7589,0
10,23,5,10.0,-2.35569e-08,-5.02817e-07,-1.39257e-05,0.23697,0.134727,1.7589,0
11,23,5,10.0,-2.83866e-08,-5.06343e-07,-1.4037e-05,0.23697,0.134727,1.75889,0
12,23,5,10.0,-5.36537e-08,-5.49956e-07,-1.40625e-05,0.23697,0.134727,1.75889,0
13,23,5,10.0,-8.33453e-08,-7.24534e-07,-1.38281e-05,0.238374,0.134762,1.76884,0
14,23,5,10.0,-1.10798e-07,-1.02822e-06,-1.35099e-05,0.23762,0.134737,1.76358,0
15,23,5,10.0,-1.11205e-07,-9.34122e-07,-1.30225e-05,0.237271,0.134729,1.7611,0
16,23,5,10.0,-1.08584e-07,-8.25832e-07,-1.23889e-05,0.237099,0.134725,1.75987,0
17,23,5,10.0,-1.02631e-07,-8.69236e-07,-1.16276e-05,0.238374,0.134762,1.76884,0
18,23,5,10.0,-1.37884e-07,-5.53562e-07,-1.07496e-05,0.23762,0.134737,1.76358,0
19,23,5,10.0,-1.24679e-07,-6.7642e-07,-9.73732e-06,0.237271,0.134729,1.7611,0
20,23,5,10.0,-1.22307e-07,-8.498e-07,-8.6077e-06,0.237109,0.134726,1.75993,0
21,23,5,10.0,-1.24585e-07,-1.09561e-06,-7.36835e-06,0.237034,0.134726,1.75938,0
22,23,5,10.0,-1.25852e-07,-1.43163e-06,-6.01267e-06,0.237,0.134726,1.75912,0
23,23,5,10.0,-1.26109e-07,-1.88911e-06,-4.52288e-06,0.236984,0.134726,1.759,0
0,0,6,10.0,-6.80754e-09,-1.86677e-07,8.76018e-06,0.238381,0.134752,1.76904,0
1,0,6,10.0,3.10254e-09,3.45117e-07,8.7854e-06,0.237604,0.134718,1.76371,0
2,0,6,10.0,-8.39135e-09,1.4445e-07,8.76256e-06,0.237241,0.134706,1.76117,0
3,0,6,10.0,-1.90489e-08,3.01145e-09,8.70621e-06,0.237071,0.134702,1.75997,0
4,0,6,10.0,-2.92446e-08,-1.10887e-07,8.60742e-06,0.236992,0.134701,1.75939,0
5,0,6,10.0,-3.57417e-08,-2.11154e-07,8.44834e-06,0.236955,0.134701,1.75912,0
6,0,6,10.0,-4.36676e-08,-3.17881e-07,8.21556e-06,0.236938,0.134701,1.75899,0
7,0,6,10.0,-4.88995e-08,-4.32667e-07,7.89265e-06,0.23693,0.134701,1.75893,0
8,0,6,10.0,-5.643e-08,-5.51885e-07,7.46508e-06,0.236926,0.134701,1.7589,0
9,0,6,10.0,-7.25885e-08,-6.77508e-07,6.91753e-06,0.236924,0.134702,1.75889,0
10,0,6,10.0,-6.72618e-08,-8.58885e-07,6.23244e-06,0.236924,0.134702,1.75888,0
11,0,6,10.0,-5.21634e-08,-1.11392e-06,5.40754e-06,0.236923,0.134702,1.75888,0
12,0,6,10.0,-8.60374e-08,-1.27147e-06,4.51097e-06,0.236923,0.134702,1.75887,0
13,0,6,10.0,-8.91139e-08,-1.71462e-06,2.6414e-06,0.23836,0.134748,1.76893,0
14,0,6,10.0,-7.83893e-08,-2.09674e-06,1.73717e-06,0.237594,0.134717,1.76366,0
15,0,6,10.0,-9.9998e-08,-2.0428e-06,1.01727e-06,0.237236,0.134705,1.76115,0
16,0,6,10.0,-1.02906e-07,-2.02127e-06,4.29344e-07,0.237069,0.134702,1.75996,0
17,0,6,10.0,-7.56243e-08,-1.96649e-06,-7.9692e-08,0.236991,0.134701,1.75939,0
18,0,6,10.0,-6.47535e-08,-1.92927e-06,-5.33594e-07,0.236955,0.134701,1.75912,0
19,0,6,10.0,-8.39711e-08,-1.89588e-06,-9.64232e-07,0.236938,0.134701,1.75899,0
20,0,6,10.0,-8.57981e-08,-1.93893e-06,-1.37675e-06,0.23693,0.134701,1.75893,0
21,0,6,10.0,-5.59206e-08,-2.03218e-06,-1.74055e-06,0.236926,0.134701,1.7589,0
22,0,6,10.0,-4.777e-08,-2.16079e-06,-1.97785e-06,0.236925,0.134702,1.75889,0
23,0,6,10.0,-4.53618e-08,-2.35679e-06,-2.00109e-06,0.236924,0.134702,1.75888,0
0,1,6,10.0,-1.3719e-08,-1.31706e-07,8.67969e-06,0.238391,0.134753,1.76909,0
1,1,6,10.0,6.17124e-08,7.42243e-07,8.69086e-06,0.237623,0.134721,1.76382,0
2,1,6,10.0,3.22814e-08,5.85669e-07,8.6669e-06,0.237267,0.13471,1.76132,0
3,1,6,10.0,3.78052e-09,4.89434e-07,8.61267e-06,0.237102,0.134707,1.76014,0
4,1,6,10.0,-2.34229e-08,4.33838e-07,8.51921e-06,0.237025,0.134706,1.75958,0
5,1,6,10.0,-4.7256e-08,3.9805e-07,8.37329e-06,0.23699,0.134706,1.75931,0
6,1,6,10.0,-7.0774e-08,3.68095e-07,8.15927e-06,0.236973,0.134706,1.75919,0
7,1,6,10.0,-9.55956e-08,3.439e-07,7.86273e-06,0.236966,0.134706,1.75913,0
8,1,6,10.0,-1.20783e-07,3.1823e-07,7.46926e-06,0.236962,0.134707,1.7591,0
9,1,6,10.0,-1.40933e-07,2.93119e-07,6.96689e-06,0.23696,0.134707,1.75908,0
10,1,6,10.0,-1.87709e-07,2.22727e-07,6.34147e-06,0.23696,0.134707,1.75908,0
11,1,6,10.0,-1.68518e-07,1.05295e-07,5.59754e-06,0.236959,0.134707,1.75908,0
12,1,6,10.0,-2.06946e-07,-4.89576e-08,4.7719e-06,0.236959,0.134707,1.75907,0
13,1,6,10.0,-2.17441e-07,-2.63589e-07,3.05496e-06,0.23837,0.13475,1.76898,0
14,1,6,10.0,-2.06571e-07,-6.87022e-07,2.21873e-06,0.237614,0.13472,1.76376,0
15,1,6,10.0,-2.36245e-07,-6.52786e-07,1.52671e-06,0.237263,0.134709,1.76129,0
16,1,6,10.0,-2.4734e-07,-6.15822e-07,9.41411e-07,0.2371,0.134706,1.76012,0
17,1,6,10.0,-2.30965e-07,-5.98201e-07,4.37431e-07,0.237024,0.134706,1.75957,0
18,1,6,10.0,-2.22895e-07,-6.00731e-07,-2.54239e-08,0.236989,0.134706,1.75931,0
19,1,6,10.0,-2.28021e-07,-6.80853e-07,-4.72502e-07,0.236973,0.134706,1.75918,0
20,1,6,10.0,-2.10073e-07,-8.29075e-07,-9.00983e-07,0.236965,0.134706,1.75913,0
21,1,6,10.0,-1.71695e-07,-1.05622e-06,-1.27332e-06,0.236962,0.134707,1.7591,0
22,1,6,10.0,-1.45525e-07,-1.37675e-06,-1.53687e-06,0.23696,0.134707,1.75908,0
23,1,6,10.0,-1.13176e-07,-1.80576e-06,-1.6109e-06,0.23696,0.134707,1.75908,0
0,2,6,10.0,-2.41377e-08,-1.37317e-07,8.47692e-06,0.238391,0.134753,1.76909,0
1,2,6,10.0,1.23351e-07,7.33351e-07,8.47793e-06,0.237624,0.134721,1.76382,0
2,2,6,10.0,7.59752e-08,5.70933e-07,8.45216e-06,0.237268,0.13471,1.76132,0
3,2,6,10.0,3.19197e-08,4.68606e-07,8.39855e-06,0.237102,0.134707,1.76014,0
4,2,6,10.0,-7.78112e-09,4.05975e-07,8.30981e-06,0.237026,0.134706,1.75958,0
5,2,6,10.0,-4.32868e-08,3.65945e-07,8.17486e-06,0.23699,0.134706,1.75931,0
6,2,6,10.0,-7.55405e-08,3.3426e-07,7.9796e-06,0.236974,0.134706,1.75919,0
7,2,6,10.0,-1.07212e-07,3.0751e-07,7.71012e-06,0.236966,0.134707,1.75913,0
8,2,6,10.0,-1.28164e-07,2.82223e-07,7.35394e-06,0.236963,0.134707,1.7591,0
9,2,6,10.0,-1.72857e-07,2.56537e-07,6.90076e-06,0.236961,0.134707,1.75909,0
10,2,6,10.0,-1.81833e-07,1.5041e-07,6.33336e-06,0.23696,0.134707,1.75908,0
11,2,6,10.0,-1.97516e-07,6.57577e-08,5.66937e-06,0.23696,0.134707,1.75908,0
12,2,6,10.0,-1.79457e-07,-8.6353e-08,4.93223e-06,0.23696,0.134707,1.75908,0
13,2,6,10.0,-1.71405e-07,-2.96657e-07,3.40256e-06,0.23837,0.13475,1.76898,0
14,2,6,10.0,-1.4053e-07,-7.01882e-07,2.6468e-06,0.237614,0.13472,1.76376,0
15,2,6,10.0,-1.73118e-07,-6.74395e-07,1.99671e-06,0.237263,0.13471,1.7613,0
16,2,6,10.0,-1.78886e-07,-6.48614e-07,1.43211e-06,0.2371,0.134706,1.76013,0
17,2,6,10.0,-1.83996e-07,-6.271e-07,9.34693e-07,0.237025,0.134706,1.75957,0
18,2,6,10.0,-1.91338e-07,-6.40185e-07,4.71623e-07,0.23699,0.134706,1.75931,0
19,2,6,10.0,-1.79079e-07,-7.06778e-07,2.17282e-08,0.236974,0.134706,1.75919,0
20,2,6,10.0,-1.4702e-07,-8.49497e-07,-4.06642e-07,0.236966,0.134707,1.75913,0
21,2,6,10.0,-1.18709e-07,-1.07152e-06,-7.8541e-07,0.236963,0.134707,1.7591,0
22,2,6,10.0,-9.28033e-08,-1.37527e-06,-1.07173e-06,0.236961,0.134707,1.75909,0
23,2,6,10.0,-5.59189e-08,-1.7817e-06,-1.19585e-06,0.23696,0.134707,1.75908,0
0,3,6,10.0,-3.71683e-08,-1.48179e-07,8.1378e-06,0.238391,0.134753,1.76909,0
1,3,6,10.0,1.89375e-07,7.27254e-07,8.13295e-06,0.237624,0.134721,1.76382,0
2,3,6,10.0,1.24711e-07,5.54466e-07,8.10553e-06,0.237268,0.13471,1.76132,0
3,3,6,10.0,6.68314e-08,4.42273e-07,8.05187e-06,0.237102,0.134707,1.76014,0
4,3,6,10.0,1.48816e-08,3.71568e-07,7.96684e-06,0.237026,0.134706,1.75958,0
5,3,6,10.0,-3.17474e-08,3.24304e-07,7.84149e-06,0.23699,0.134706,1.75931,0
6,3,6,10.0,-7.38906e-08,2.8883e-07,7.66397e-06,0.236974,0.134706,1.75919,0
7,3,6,10.0,-1.11818e-07,2.61152e-07,7.42201e-06,0.236966,0.134707,1.75913,0
8,3,6,10.0,-1.43866e-07,2.34356e-07,7.10515e-06,0.236963,0.134707,1.7591,0
9,3,6,10.0,-1.94095e-07,1.90502e-07,6.69737e-06,0.236961,0.134707,1.75909,0
10,3,6,10.0,-1.9642e-07,1.16072e-07,6.19757e-06,0.23696,0.134707,1.75908,0
11,3,6,10.0,-2.1315e-07,-1.06894e-08,5.61172e-06,0.23696,0.134707,1.75908,0
12,3,6,10.0,-1.84859e-07,-1.69014e-07,4.9729e-06,0.23696,0.134707,1.75908,0
13,3,6,10.0,-1.95657e-07,-3.37233e-07,3.64109e-06,0.23837,0.13475,1.76898,0
14,3,6,10.0,-1.61241e-07,-7.2176e-07,2.97116e-06,0.237614,0.13472,1.76376,0
15,3,6,10.0,-1.79377e-07,-7.01232e-07,2.37199e-06,0.237263,0.13471,1.7613,0
16,3,6,10.0,-1.96078e-07,-6.76665e-07,1.83741e-06,0.2371,0.134706,1.76013,0
17,3,6,10.0,-2.16016e-07,-6.6158e-07,1.35416e-06,0.237025,0.134706,1.75957,0
18,3,6,10.0,-2.16192e-07,-6.74783e-07,9.01182e-07,0.23699,0.134706,1.75931,0
19,3,6,10.0,-1.91476e-07,-7.4092e-07,4.66258e-07,0.236974,0.134706,1.75919,0
20,3,6,10.0,-1.64401e-07,-8.71771e-07,5.17061e-08,0.236966,0.134707,1.75913,0
21,3,6,10.0,-1.4276e-07,-1.07744e-06,-3.24069e-07,0.236963,0.134707,1.7591,0
22,3,6,10.0,-1.11813e-07,-1.36281e-06,-6.23493e-07,0.236961,0.134707,1.75909,0
23,3,6,10.0,-7.40454e-08,-1.739e-06,-7.88952e-07,0.23696,0.134707,1.75908,0
0,4,6,10.0,-4.9733e-08,-1.60441e-07,7.65814e-06,0.238391,0.134753,1.76909,0
1,4,6,10.0,2.52972e-07,7.31643e-07,7.65631e-06,0.237624,0.134721,1.76382,0
2,4,6,10.0,1.71386e-07,5.44168e-07,7.62863e-06,0.237268,0.13471,1.76132,0
3,4,6,10.0,1.00463e-07,4.2046e-07,7.5752e-06,0.237102,0.134707,1.76014,0
4,4,6,10.0,3.74245e-08,3.39168e-07,7.49269e-06,0.237026,0.134706,1.75958,0
5,4,6,10.0,-1.91346e-08,2.8535e-07,7.37446e-06,0.23699,0.134706,1.75931,0
6,4,6,10.0,-7.01401e-08,2.45744e-07,7.21142e-06,0.236974,0.134706,1.75919,0
7,4,6,10.0,-1.15168e-07,2.14953e-07,6.9937e-06,0.236966,0.134707,1.75913,0
8,4,6,10.0,-1.65569e-07,1.837e-07,6.71133e-06,0.236963,0.134707,1.7591,0
9,4,6,10.0,-1.93581e-07,1.39402e-07,6.35032e-06,0.236961,0.134707,1.75909,0
10,4,6,10.0,-2.26711e-07,4.95998e-08,5.9112e-06,0.23696,0.134707,1.75908,0
11,4,6,10.0,-2.18381e-07,-1.04874e-07,5.39665e-06,0.23696,0.134707,1.75908,0
12,4,6,10.0,-2.25612e-07,-1.82439e-07,4.84442e-06,0.23696,0.134707,1.75908,0
13,4,6,10.0,-2.30916e-07,-3.8837e-07,3.68122e-06,0.23837,0.13475,1.76898,0
14,4,6,10.0,-2.1142e-07,-7.32977e-07,3.09254e-06,0.237614,0.13472,1.76376,0
15,4,6,10.0,-2.21198e-07,-7.06558e-07,2.54982e-06,0.237263,0.13471,1.7613,0
16,4,6,10.0,-2.43176e-07,-6.94318e-07,2.05098e-06,0.2371,0.134706,1.76013,0
17,4,6,10.0,-2.51435e-07,-6.89827e-07,1.59198e-06,0.237025,0.134706,1.75957,0
18,4,6,10.0,-2.41848e-07,-7.05878e-07,1.16521e-06,0.23699,0.134706,1.75931,0
19,4,6,10.0,-2.2655e-07,-7.6188e-07,7.58109e-07,0.236974,0.134706,1.75919,0
20,4,6,10.0,-2.09544e-07,-8.90766e-07,3.67872e-07,0.236966,0.134707,1.75913,0
21,4,6,10.0,-1.82813e-07,-1.08689e-06,8.44144e-09,0.236963,0.134707,1.7591,0
22,4,6,10.0,-1.55624e-07,-1.34442e-06,-2.85442e-07,0.236961,0.134707,1.75909,0
23,4,6,10.0,-1.27782e-07,-1.68683e-06,-4.72496e-07,0.23696,0.134707,1.75908,0
0,5,6,10.0,-6.10984e-08,-1.77978e-07,7.04634e-06,0.238391,0.134753,1.76909,0
1,5,6,10.0,3.14465e-07,7.41869e-07,7.05325e-06,0.237624,0.134721,1.76382,0
2,5,6,10.0,2.17678e-07,5.38208e-07,7.02596e-06,0.237268,0.13471,1.76132,0
3,5,6,10.0,1.34017e-07,4.00145e-07,6.97249e-06,0.237102,0.134707,1.76014,0
4,5,6,10.0,6.10021e-08,3.07906e-07,6.89126e-06,0.237026,0.134706,1.75958,0
5,5,6,10.0,-4.59266e-09,2.452e-07,6.77725e-06,0.23699,0.134706,1.75931,0
6,5,6,10.0,-6.35051e-08,2.00614e-07,6.62328e-06,0.236974,0.134706,1.75919,0
7,5,6,10.0,-1.17854e-07,1.67857e-07,6.42241e-06,0.236966,0.134707,1.75913,0
8,5,6,10.0,-1.73794e-07,1.29954e-07,6.16543e-06,0.236963,0.134707,1.7591,0
9,5,6,10.0,-2.08882e-07,7.95165e-08,5.84625e-06,0.236961,0.134707,1.75909,0
10,5,6,10.0,-2.42778e-07,-1.72346e-08,5.45799e-06,0.23696,0.134707,1.75908,0
11,5,6,10.0,-2.33433e-07,-1.5363e-07,5.01087e-06,0.23696,0.134707,1.75908,0
12,5,6,10.0,-2.58258e-07,-2.46441e-07,4.5255e-06,0.23696,0.134707,1.75908,0
13,5,6,10.0,-2.48057e-07,-4.23758e-07,3.50817e-06,0.23837,0.13475,1.76898,0
14,5,6,10.0,-2.53181e-07,-7.42791e-07,2.9859e-06,0.237614,0.13472,1.76376,0
15,5,6,10.0,-2.71404e-07,-7.25927e-07,2.50146e-06,0.237263,0.13471,1.7613,0
16,5,6,10.0,-2.7348e-07,-7.04499e-07,2.04792e-06,0.2371,0.134706,1.76013,0
17,5,6,10.0,-2.65708e-07,-7.01648e-07,1.62995e-06,0.237025,0.134706,1.75957,0
18,5,6,10.0,-2.65569e-07,-7.13976e-07,1.23959e-06,0.23699,0.134706,1.75931,0
19,5,6,10.0,-2.66684e-07,-7.85408e-07,8.67153e-07,0.236974,0.134706,1.75919,0
20,5,6,10.0,-2.47024e-07,-9.04454e-07,5.11174e-07,0.236966,0.134707,1.75913,0
21,5,6,10.0,-2.18659e-07,-1.0788e-06,1.86556e-07,0.236962,0.134707,1.7591,0
22,5,6,10.0,-2.07479e-07,-1.31707e-06,-8.47649e-08,0.236961,0.134707,1.75909,0
23,5,6,10.0,-1.96843e-07,-1.63087e-06,-2.7082e-07,0.23696,0.134707,1.75908,0
0,6,6,10.0,-6.89404e-08,-1.94107e-07,6.31771e-06,0.238391,0.134753,1.76909,0
1,6,6,10.0,3.76795e-07,7.66478e-07,6.33271e-06,0.237624,0.134721,1.76382,0
2,6,6,10.0,2.65852e-07,5.42205e-07,6.30582e-06,0.237268,0.13471,1.76132,0
3,6,6,10.0,1.70246e-07,3.88147e-07,6.2522e-06,0.237102,0.134707,1.76014,0
4,6,6,10.0,8.68373e-08,2.82132e-07,6.17105e-06,0.237026,0.134706,1.75958,0
5,6,6,10.0,1.27993e-08,2.09585e-07,6.05749e-06,0.23699,0.134706,1.75931,0
6,6,6,10.0,-5.36486e-08,1.60951e-07,5.90588e-06,0.236974,0.134706,1.75919,0
7,6,6,10.0,-1.17634e-07,1.21425e-07,5.71097e-06,0.236966,0.134707,1.75913,0
8,6,6,10.0,-1.71044e-07,7.99693e-08,5.4675e-06,0.236963,0.134707,1.7591,0
9,6,6,10.0,-2.21125e-07,2.5308e-08,5.1752e-06,0.236961,0.134707,1.75909,0
10,6,6,10.0,-2.64361e-07,-9.05236e-08,4.8258e-06,0.23696,0.134707,1.75908,0
11,6,6,10.0,-2.71774e-07,-2.04143e-07,4.43645e-06,0.23696,0.134707,1.75908,0
12,6,6,10.0,-2.37202e-07,-2.9297e-07,4.01962e-06,0.23696,0.134707,1.75908,0
13,6,6,10.0,-2.76304e-07,-4.45833e-07,3.12254e-06,0.23837,0.13475,1.76898,0
14,6,6,10.0,-2.82683e-07,-7.40738e-07,2.66494e-06,0.237614,0.13472,1.76376,0
15,6,6,10.0,-2.89767e-07,-7.10615e-07,2.2389e-06,0.237263,0.13471,1.7613,0
16,6,6,10.0,-2.86638e-07,-6.92414e-07,1.84155e-06,0.2371,0.134706,1.76013,0
17,6,6,10.0,-2.96406e-07,-6.91555e-07,1.4718e-06,0.237025,0.134706,1.75957,0
18,6,6,10.0,-3.0541e-07,-7.1498e-07,1.12529e-06,0.23699,0.134706,1.75931,0
19,6,6,10.0,-2.96683e-07,-7.7936e-07,7.97473e-07,0.236974,0.134706,1.75919,0
20,6,6,10.0,-2.80025e-07,-8.9471e-07,4.90688e-07,0.236966,0.134707,1.75913,0
21,6,6,10.0,-2.74296e-07,-1.05831e-06,2.13958e-07,0.236963,0.134707,1.7591,0
22,6,6,10.0,-2.74492e-07,-1.27738e-06,-1.78015e-08,0.236961,0.134707,1.75909,0
23,6,6,10.0,-2.77662e-07,-1.56713e-06,-1.80401e-07,0.23696,0.134707,1.75908,0
0,7,6,10.0,-7.57721e-08,-2.13376e-07,5.48588e-06,0.238391,0.134753,1.76909,0
1,7,6,10.0,4.44293e-07,7.99254e-07,5.50076e-06,0.237624,0.134721,1.76382,0
2,7,6,10.0,3.20632e-07,5.54443e-07,5.47363e-06,0.237268,0.13471,1.76132,0
3,7,6,10.0,2.1211e-07,3.80318e-07,5.4197e-06,0.237102,0.134707,1.76014,0
4,7,6,10.0,1.17947e-07,2.57633e-07,5.3371e-06,0.237026,0.134706,1.75958,0
5,7,6,10.0,3.5583e-08,1.75813e-07,5.22003e-06,0.23699,0.134706,1.75931,0
6,7,6,10.0,-3.86713e-08,1.18148e-07,5.06269e-06,0.236974,0.134706,1.75919,0
7,7,6,10.0,-1.04142e-07,7.69574e-08,4.86212e-06,0.236966,0.134707,1.75913,0
8,7,6,10.0,-1.59732e-07,2.68674e-08,4.61793e-06,0.236963,0.134707,1.7591,0
9,7,6,10.0,-2.4311e-07,-3.91174e-08,4.33129e-06,0.236961,0.134707,1.75909,0
10,7,6,10.0,-2.40289e-07,-1.73878e-07,4.01508e-06,0.23696,0.134707,1.75908,0
11,7,6,10.0,-2.84847e-07,-2.37328e-07,3.66462e-06,0.23696,0.134707,1.75908,0
12,7,6,10.0,-3.02745e-07,-3.28241e-07,3.30076e-06,0.23696,0.134707,1.75908,0
13,7,6,10.0,-2.92592e-07,-4.59394e-07,2.51462e-06,0.23837,0.13475,1.76898,0
14,7,6,10.0,-3.20596e-07,-7.35727e-07,2.11814e-06,0.237614,0.13472,1.76376,0
15,7,6,10.0,-3.25335e-07,-6.94538e-07,1.75262e-06,0.237263,0.13471,1.7613,0
16,7,6,10.0,-3.2624e-07,-6.7559e-07,1.41458e-06,0.2371,0.134706,1.76013,0
17,7,6,10.0,-3.28149e-07,-6.72591e-07,1.099e-06,0.237025,0.134706,1.75957,0
18,7,6,10.0,-3.35985e-07,-7.02986e-07,8.05002e-07,0.23699,0.134706,1.75931,0
19,7,6,10.0,-3.39301e-07,-7.71158e-07,5.34355e-07,0.236974,0.134706,1.75919,0
20,7,6,10.0,-3.35219e-07,-8.77991e-07,2.89916e-07,0.236966,0.134707,1.75913,0
21,7,6,10.0,-3.36185e-07,-1.03198e-06,7.53589e-08,0.236963,0.134707,1.7591,0
22,7,6,10.0,-3.52514e-07,-1.23788e-06,-9.86943e-08,0.236961,0.134707,1.75909,0
23,7,6,10.0,-3.70455e-07,-1.51041e-06,-2.11482e-07,0.23696,0.134707,1.75908,0
0,8,6,10.0,-8.68207e-08,-2.32755e-07,4.53722e-06,0.238391,0.134753,1.76909,0
1,8,6,10.0,5.18329e-07,8.52155e-07,4.54336e-06,0.237624,0.134721,1.76382,0
2,8,6,10.0,3.76087e-07,5.79086e-07,4.5153e-06,0.237268,0.13471,1.76132,0
3,8,6,10.0,2.53046e-07,3.81268e-07,4.45984e-06,0.237102,0.134707,1.76014,0
4,8,6,10.0,1.45913e-07,2.41828e-07,4.37312e-06,0.237026,0.134706,1.75958,0
5,8,6,10.0,5.27206e-08,1.44596e-07,4.24704e-06,0.23699,0.134706,1.75931,0
6,8,6,10.0,-2.54746e-08,8.24666e-08,4.07567e-06,0.236974,0.134706,1.75919,0
7,8,6,10.0,-9.48237e-08,3.08967e-08,3.85912e-06,0.236966,0.134707,1.75913,0
8,8,6,10.0,-1.60767e-07,-1.7589e-08,3.60075e-06,0.236963,0.134707,1.7591,0
9,8,6,10.0,-1.90964e-07,-1.2865e-07,3.30724e-06,0.236961,0.134707,1.75909,0
10,8,6,10.0,-2.61315e-07,-2.05328e-07,3.0163e-06,0.23696,0.134707,1.75908,0
11,8,6,10.0,-2.71743e-07,-3.2648e-07,2.68747e-06,0.23696,0.134707,1.75908,0
12,8,6,10.0,-2.90674e-07,-4.13717e-07,2.34579e-06,0.23696,0.134707,1.75908,0
13,8,6,10.0,-3.02718e-07,-5.21006e-07,1.66162e-06,0.23837,0.13475,1.76898,0
14,8,6,10.0,-3.29401e-07,-7.27311e-07,1.32398e-06,0.237614,0.13472,1.76376,0
15,8,6,10.0,-3.38011e-07,-6.81677e-07,1.01794e-06,0.237263,0.13471,1.7613,0
16,8,6,10.0,-3.4197e-07,-6.48301e-07,7.40958e-07,0.2371,0.134706,1.76013,0
17,8,6,10.0,-3.51037e-07,-6.54848e-07,4.87885e-07,0.237025,0.134706,1.75957,0
18,8,6,10.0,-3.62831e-07,-6.8662e-07,2.58418e-07,0.23699,0.134706,1.75931,0
19,8,6,10.0,-3.7256e-07,-7.52507e-07,5.68139e-08,0.236974,0.134706,1.75919,0
20,8,6,10.0,-3.81452e-07,-8.59508e-07,-1.12578e-07,0.236966,0.134707,1.75913,0
21,8,6,10.0,-3.99202e-07,-1.00516e-06,-2.4829e-07,0.236963,0.134707,1.7591,0
22,8,6,10.0,-4.27765e-07,-1.20172e-06,-3.42931e-07,0.236961,0.134707,1.75909,0
23,8,6,10.0,-4.66905e-07,-1.46298e-06,-3.78333e-07,0.23696,0.134707,1.75908,0
0,9,6,10.0,-1.12308e-07,-2.61139e-07,3.42499e-06,0.238401,0.134755,1.76915,0
1,9,6,10.0,5.86968e-07,9.14954e-07,3.42326e-06,0.237643,0.134724,1.76392,0
2,9,6,10.0,4.17893e-07,6.077e-07,3.39085e-06,0.237294,0.134714,1.76146,0
3,9,6,10.0,2.66443e-07,3.78592e-07,3.32616e-06,0.237133,0.134711,1.7603,0
4,9,6,10.0,1.36204e-07,2.11403e-07,3.22588e-06,0.237059,0.134711,1.75976,0
5,9,6,10.0,3.00301e-08,1.00112e-07,3.08188e-06,0.237024,0.134711,1.7595,0
6,9,6,10.0,-5.44746e-08,2.37762e-08,2.88905e-06,0.237009,0.134711,1.75938,0
7,9,6,10.0,-1.26117e-07,-3.76508e-08,2.6497e-06,0.237001,0.134712,1.75932,0
8,9,6,10.0,-1.82402e-07,-9.06546e-08,2.37235e-06,0.236988,0.13471,1.75924,0
9,9,6,10.0,-2.12658e-07,-1.86606e-07,2.05912e-06,0.238381,0.134752,1.76904,0
10,9,6,10.0,-3.89366e-07,-6.86823e-07,1.74152e-06,0.237634,0.134723,1.76387,0
11,9,6,10.0,-3.71525e-07,-7.44831e-07,1.42142e-06,0.23729,0.134713,1.76144,0
12,9,6,10.0,-3.84913e-07,-7.97203e-07,1.10473e-06,0.237131,0.134711,1.76029,0
13,9,6,10.0,-3.9588e-07,-8.34539e-07,5.08734e-07,0.238381,0.134752,1.76904,0
14,9,6,10.0,-4.42758e-07,-1.3507e-06,2.21539e-07,0.237634,0.134723,1.76387,0
15,9,6,10.0,-4.34256e-07,-1.19592e-06,-2.10775e-08,0.23729,0.134713,1.76144,0
16,9,6,10.0,-4.30689e-07,-1.09868e-06,-2.2571e-07,0.237131,0.134711,1.76029,0
17,9,6,10.0,-4.30721e-07,-1.02867e-06,-4.02234e-07,0.237058,0.134711,1.75975,0
18,9,6,10.0,-4.37024e-07,-1.01121e-06,-5.48858e-07,0.237024,0.134711,1.7595,0
19,9,6,10.0,-4.44554e-07,-1.0343e-06,-6.61343e-07,0.237008,0.134711,1.75938,0
20,9,6,10.0,-4.59537e-07,-1.09383e-06,-7.36735e-07,0.237001,0.134712,1.75932,0
21,9,6,10.0,-4.85204e-07,-1.20131e-06,-7.71725e-07,0.236998,0.134712,1.7593,0
22,9,6,10.0,-5.21099e-07,-1.36097e-06,-7.59647e-07,0.236996,0.134712,1.75928,0
23,9,6,10.0,-5.68772e-07,-1.59197e-06,-6.84292e-07,0.236996,0.134712,1.75928,0
0,10,6,10.0,-1.32237e-07,-2.89744e-07,2.11065e-06,0.238391,0.134753,1.76909,0
1,10,6,10.0,6.74038e-07,1.00544e-06,2.10669e-06,0.237624,0.134721,1.76382,0
2,10,6,10.0,4.51426e-07,6.61857e-07,2.06028e-06,0.237268,0.13471,1.76132,0
3,10,6,10.0,2.86354e-07,3.96135e-07,1.97655e-06,0.237103,0.134707,1.76014,0
4,10,6,10.0,1.41904e-07,2.13219e-07,1.85062e-06,0.237026,0.134706,1.75958,0
5,10,6,10.0,1.40845e-08,8.8842e-08,1.67893e-06,0.236991,0.134706,1.75931,0
6,10,6,10.0,-7.28705e-08,8.64605e-09,1.46351e-06,0.236974,0.134706,1.75919,0
7,10,6,10.0,-1.26404e-07,-5.2673e-08,1.20815e-06,0.236967,0.134707,1.75913,0
8,10,6,10.0,-1.81117e-07,-9.48213e-08,9.1454e-07,0.236953,0.134705,1.75905,0
9,10,6,10.0,-2.24829e-07,-2.23089e-07,5.84739e-07,0.23837,0.13475,1.76898,0
10,10,6,10.0,-3.57022e-07,-6.7222e-07,2.39531e-07,0.237614,0.13472,1.76377,0
11,10,6,10.0,-3.94081e-07,-7.15809e-07,-7.81514e-08,0.237263,0.13471,1.7613,0
12,10,6,10.0,-4.09849e-07,-7.68548e-07,-3.73922e-07,0.237101,0.134707,1.76013,0
13,10,6,10.0,-4.24351e-07,-8.10245e-07,-8.91832e-07,0.238371,0.13475,1.76898,0
14,10,6,10.0,-5.03957e-07,-1.33183e-06,-1.12779e-06,0.237614,0.13472,1.76377,0
15,10,6,10.0,-4.91742e-07,-1.17862e-06,-1.30842e-06,0.237264,0.13471,1.7613,0
16,10,6,10.0,-4.91826e-07,-1.07075e-06,-1.44135e-06,0.237101,0.134707,1.76013,0
17,10,6,10.0,-4.87234e-07,-1.00927e-06,-1.53167e-06,0.237025,0.134706,1.75957,0
18,10,6,10.0,-4.87969e-07,-9.92642e-07,-1.58241e-06,0.23699,0.134706,1.75931,0
19,10,6,10.0,-5.05647e-07,-1.0135e-06,-1.59157e-06,0.236974,0.134706,1.75919,0
20,10,6,10.0,-5.23961e-07,-1.07783e-06,-1.55503e-06,0.236966,0.134707,1.75913,0
21,10,6,10.0,-5.54467e-07,-1.18777e-06,-1.46821e-06,0.236963,0.134707,1.7591,0
22,10,6,10.0,-6.0475e-07,-1.3513e-06,-1.32275e-06,0.236961,0.134707,1.75909,0
23,10,6,10.0,-6.53022e-07,-1.58475e-06,-1.1009e-06,0.236961,0.134707,1.75908,0
0,11,6,10.0,-1.68096e-07,-3.35783e-07,5.75109e-07,0.238391,0.134753,1.76909,0
1,11,6,10.0,7.21911e-07,1.12937e-06,5.83498e-07,0.237624,0.134721,1.76382,0
2,11,6,10.0,5.1095e-07,7.23042e-07,5.20107e-07,0.237268,0.13471,1.76132,0
3,11,6,10.0,3.07957e-07,4.23095e-07,4.10005e-07,0.237102,0.134707,1.76014,0
4,11,6,10.0,1.38237e-07,2.01229e-07,2.50785e-07,0.237026,0.134706,1.75958,0
5,11,6,10.0,1.52956e-08,6.54807e-08,4.71069e-08,0.23699,0.134706,1.75931,0
6,11,6,10.0,-5.85325e-08,-1.34512e-08,-1.82608e-07,0.236974,0.134706,1.75919,0
7,11,6,10.0,-1.19206e-07,-8.57414e-08,-4.45211e-07,0.236966,0.134707,1.75913,0
8,11,6,10.0,-1.76518e-07,-1.36827e-07,-7.57711e-07,0.236952,0.134705,1.75905,0
9,11,6,10.0,-2.47624e-07,-2.46605e-07,-1.11499e-06,0.23837,0.13475,1.76898,0
10,11,6,10.0,-4.07172e-07,-7.24756e-07,-1.46719e-06,0.237614,0.13472,1.76376,0
11,11,6,10.0,-4.35389e-07,-7.74209e-07,-1.79716e-06,0.237263,0.13471,1.7613,0
12,11,6,10.0,-4.57908e-07,-8.22023e-07,-2.08126e-06,0.2371,0.134707,1.76013,0
13,11,6,10.0,-4.79784e-07,-8.42726e-07,-2.53055e-06,0.23837,0.13475,1.76898,0
14,11,6,10.0,-5.85534e-07,-1.35231e-06,-2.72027e-06,0.237614,0.13472,1.76376,0
15,11,6,10.0,-5.60549e-07,-1.18911e-06,-2.8432e-06,0.237263,0.13471,1.7613,0
16,11,6,10.0,-5.4311e-07,-1.07754e-06,-2.89945e-06,0.2371,0.134706,1.76013,0
17,11,6,10.0,-5.33387e-07,-1.01394e-06,-2.89909e-06,0.237025,0.134706,1.75957,0
18,11,6,10.0,-5.47191e-07,-9.91599e-07,-2.84423e-06,0.23699,0.134706,1.75931,0
19,11,6,10.0,-5.54554e-07,-1.01252e-06,-2.73382e-06,0.236974,0.134706,1.75919,0
20,11,6,10.0,-5.74505e-07,-1.07787e-06,-2.56333e-06,0.236966,0.134707,1.75913,0
21,11,6,10.0,-6.14858e-07,-1.19089e-06,-2.3297e-06,0.236963,0.134707,1.7591,0
22,11,6,10.0,-6.64237e-07,-1.35577e-06,-2.02304e-06,0.236961,0.134707,1.75909,0
23,11,6,10.0,-7.23806e-07,-1.5936e-06,-1.62148e-06,0.23696,0.134707,1.75908,0
0,12,6,10.0,-1.96536e-07,-3.95226e-07,-1.17526e-06,0.238391,0.134753,1.76909,0
1,12,6,10.0,7.71488e-07,1.25348e-06,-1.1387e-06,0.237624,0.134721,1.76382,0
2,12,6,10.0,5.54913e-07,7.94399e-07,-1.20745e-06,0.237268,0.13471,1.76132,0
3,12,6,10.0,3.24996e-07,4.35487e-07,-1.34552e-06,0.237102,0.134707,1.76014,0
4,12,6,10.0,1.47468e-07,1.77832e-07,-1.54984e-06,0.237026,0.134706,1.75958,0
5,12,6,10.0,4.19759e-08,3.11493e-08,-1.78625e-06,0.23699,0.134706,1.75931,0
6,12,6,10.0,-6.10889e-08,-6.35732e-08,-2.03403e-06,0.236974,0.134706,1.75919,0
7,12,6,10.0,-1.57226e-07,-1.42848e-07,-2.32171e-06,0.236966,0.134707,1.75913,0
8,12,6,10.0,-2.0242e-07,-1.93455e-07,-2.66088e-06,0.236952,0.134705,1.75905,0
9,12,6,10.0,-2.38176e-07,-3.42832e-07,-3.05852e-06,0.23837,0.13475,1.76898,0
10,12,6,10.0,-4.7558e-07,-8.11963e-07,-3.44981e-06,0.237614,0.13472,1.76376,0
11,12,6,10.0,-4.66179e-07,-8.57805e-07,-3.78799e-06,0.237263,0.13471,1.7613,0
12,12,6,10.0,-4.84579e-07,-9.07487e-07,-4.06245e-06,0.2371,0.134707,1.76013,0
13,12,6,10.0,-5.34857e-07,-9.13111e-07,-4.44625e-06,0.23837,0.13475,1.76898,0
14,12,6,10.0,-6.26226e-07,-1.40565e-06,-4.5818e-06,0.237604,0.134718,1.76371,0
15,12,6,10.0,-6.00188e-07,-1.2311e-06,-4.6466e-06,0.237244,0.134707,1.76119,0
16,12,6,10.0,-5.81772e-07,-1.10816e-06,-4.6129e-06,0.237074,0.134703,1.75998,0
17,12,6,10.0,-5.84537e-07,-1.04488e-06,-4.52106e-06,0.237013,0.134704,1.7595,0
18,12,6,10.0,-5.95096e-07,-1.01757e-06,-4.34866e-06,0.236984,0.134705,1.75928,0
19,12,6,10.0,-5.94556e-07,-1.02787e-06,-4.09325e-06,0.236971,0.134706,1.75917,0
20,12,6,10.0,-6.24218e-07,-1.10132e-06,-3.76279e-06,0.236965,0.134706,1.75912,0
21,12,6,10.0,-6.66897e-07,-1.21704e-06,-3.35795e-06,0.236962,0.134707,1.7591,0
22,12,6,10.0,-7.19412e-07,-1.38529e-06,-2.86238e-06,0.236961,0.134707,1.75909,0
23,12,6,10.0,-7.83968e-07,-1.62521e-06,-2.25156e-06,0.23696,0.134707,1.75908,0
0,13,6,10.0,-1.9781e-07,-4.57455e-07,-3.08122e-06,0.238391,0.134753,1.76909,0
1,13,6,10.0,8.84369e-07,1.41054e-06,-2.99527e-06,0.237624,0.134721,1.76382,0
2,13,6,10.0,5.75283e-07,8.95783e-07,-3.07816e-06,0.237268,0.13471,1.76132,0
3,13,6,10.0,3.33538e-07,4.49751e-07,-3.26557e-06,0.237103,0.134707,1.76014,0
4,13,6,10.0,1.87137e-07,1.65508e-07,-3.51998e-06,0.237047,0.134709,1.7597,0
5,13,6,10.0,4.23109e-08,6.33904e-09,-3.80403e-06,0.23702,0.13471,1.75949,0
6,13,6,10.0,-1.14731e-07,-1.11064e-07,-4.10623e-06,0.236967,0.134704,1.75917,0
7,13,6,10.0,-1.48596e-07,-2.15156e-07,-4.43955e-06,0.236943,0.134702,1.75902,0
8,13,6,10.0,-2.46852e-07,-2.4503e-07,-4.81748e-06,0.236942,0.134703,1.75899,0
9,13,6,10.0,-2.49765e-07,-3.83199e-07,-5.24953e-06,0.23837,0.13475,1.76898,0
10,13,6,10.0,-4.9146e-07,-8.86392e-07,-5.70148e-06,0.237614,0.13472,1.76376,0
11,13,6,10.0,-5.3644e-07,-9.07736e-07,-6.05056e-06,0.237263,0.13471,1.7613,0
12,13,6,10.0,-5.47276e-07,-9.50024e-07,-6.30825e-06,0.237101,0.134707,1.76013,0
13,13,6,10.0,-5.24497e-07,-6.68269e-07,-8.89393e-06,0.238381,0.134752,1.76904,0
14,13,6,10.0,-7.17247e-07,-1.4493e-06,-6.67664e-06,0.238376,0.134751,1.76901,0
15,13,6,10.0,-4.73924e-07,-7.75887e-07,-6.61634e-06,0.237629,0.134722,1.76384,0
16,13,6,10.0,-5.13339e-07,-7.63333e-07,-6.47903e-06,0.237286,0.134713,1.76142,0
17,13,6,10.0,-5.36968e-07,-7.54452e-07,-6.30242e-06,0.23711,0.134708,1.76018,0
18,13,6,10.0,-5.36568e-07,-7.66178e-07,-5.98985e-06,0.237029,0.134707,1.75959,0
19,13,6,10.0,-5.76392e-07,-8.23841e-07,-5.57571e-06,0.236991,0.134706,1.75932,0
20,13,6,10.0,-6.16789e-07,-9.32438e-07,-5.07422e-06,0.236974,0.134706,1.75919,0
21,13,6,10.0,-6.54928e-07,-1.08102e-06,-4.48177e-06,0.236987,0.134709,1.75925,0
22,13,6,10.0,-7.19566e-07,-1.27094e-06,-3.78335e-06,0.236993,0.134711,1.75928,0
23,13,6,10.0,-7.92091e-07,-1.54301e-06,-2.94408e-06,0.236955,0.134705,1.75907,0
0,14,6,10.0,-2.23615e-07,-5.76846e-07,-7.00585e-06,0.238391,0.134753,1.76909,0
1,14,6,10.0,8.86497e-07,1.77755e-06,-6.92129e-06,0.237624,0.134721,1.76382,0
2,14,6,10.0,6.04522e-07,1.10106e-06,-7.09399e-06,0.237268,0.13471,1.76132,0
3,14,6,10.0,3.7911e-07,5.93013e-07,-7.42239e-06,0.237102,0.134707,1.76014,0
4,14,6,10.0,1.64995e-07,2.34801e-07,-7.84694e-06,0.237026,0.134706,1.75958,0
5,14,6,10.0,6.90213e-09,-4.0788e-09,-8.3183e-06,0.23699,0.134706,1.75931,0
6,14,6,10.0,-1.02021e-07,-1.8559e-07,-8.8014e-06,0.236974,0.134706,1.75919,0
7,14,6,10.0,-2.25955e-07,-3.37362e-07,-9.27505e-06,0.236966,0.134707,1.75913,0
8,14,6,10.0,-2.71032e-07,-4.38084e-07,-9.7459e-06,0.236963,0.134707,1.7591,0
9,14,6,10.0,-3.51551e-07,-5.2693e-07,-1.01992e-05,0.236961,0.134707,1.75909,0
10,14,6,10.0,-3.97518e-07,-5.7304e-07,-1.05984e-05,0.23696,0.134707,1.75908,0
11,14,6,10.0,-4.18385e-07,-6.29946e-07,-1.09083e-05,0.23696,0.134707,1.75908,0
12,14,6,10.0,-4.72073e-07,-6.68565e-07,-1.11214e-05,0.23696,0.134707,1.75908,0
13,14,6,10.0,-5.29352e-07,-6.88324e-07,-1.12347e-05,0.238371,0.13475,1.76898,0
14,14,6,10.0,-6.24295e-07,-9.17257e-07,-1.11253e-05,0.237614,0.13472,1.76377,0
15,14,6,10.0,-6.22347e-07,-8.18719e-07,-1.08633e-05,0.237263,0.13471,1.7613,0
16,14,6,10.0,-6.0921e-07,-7.52844e-07,-1.04727e-05,0.2371,0.134707,1.76013,0
17,14,6,10.0,-6.04854e-07,-7.54669e-07,-9.96437e-06,0.237025,0.134706,1.75957,0
18,14,6,10.0,-6.22049e-07,-7.79812e-07,-9.34711e-06,0.23699,0.134706,1.75931,0
19,14,6,10.0,-6.39169e-07,-8.50534e-07,-8.62141e-06,0.236974,0.134706,1.75919,0
20,14,6,10.0,-6.69718e-07,-9.66125e-07,-7.78298e-06,0.236966,0.134707,1.75913,0
21,14,6,10.0,-7.16043e-07,-1.13285e-06,-6.817e-06,0.236963,0.134707,1.7591,0
22,14,6,10.0,-7.69568e-07,-1.36345e-06,-5.69725e-06,0.236961,0.134707,1.75909,0
23,14,6,10.0,-8.40031e-07,-1.69141e-06,-4.39043e-06,0.23696,0.134707,1.75908,0
0,15,6,10.0,-2.22149e-07,-6.59599e-07,-9.0774e-06,0.238391,0.134753,1.76909,0
1,15,6,10.0,9.07179e-07,1.979e-06,-8.95475e-06,0.237624,0.134721,1.76382,0
2,15,6,10.0,6.2814e-07,1.20896e-06,-9.16843e-06,0.237268,0.13471,1.76132,0
3,15,6,10.0,3.67772e-07,6.71725e-07,-9.58427e-06,0.237102,0.134707,1.76014,0
4,15,6,10.0,1.6462e-07,2.55335e-07,-1.01228e-05,0.237026,0.134706,1.75958,0
5,15,6,10.0,1.56e-08,-3.01613e-08,-1.07086e-05,0.23699,0.134706,1.75931,0
6,15,6,10.0,-9.11861e-08,-2.52736e-07,-1.12934e-05,0.236974,0.134706,1.75919,0
7,15,6,10.0,-1.99016e-07,-4.27054e-07,-1.1859e-05,0.236966,0.134707,1.75913,0
8,15,6,10.0,-3.08616e-07,-5.48208e-07,-1.23831e-05,0.236963,0.134707,1.7591,0
9,15,6,10.0,-3.27772e-07,-6.16294e-07,-1.28526e-05,0.236961,0.134707,1.75909,0
10,15,6,10.0,-3.46916e-07,-6.39451e-07,-1.32301e-05,0.23696,0.134707,1.75908,0
11,15,6,10.0,-4.08475e-07,-6.91644e-07,-1.35103e-05,0.23696,0.134707,1.75908,0
12,15,6,10.0,-4.29439e-07,-7.36576e-07,-1.36837e-05,0.23696,0.134707,1.75908,0
13,15,6,10.0,-4.97549e-07,-7.37589e-07,-1.36618e-05,0.23837,0.13475,1.76898,0
14,15,6,10.0,-5.8952e-07,-9.76612e-07,-1.34568e-05,0.237614,0.13472,1.76376,0
15,15,6,10.0,-5.7852e-07,-8.58398e-07,-1.30823e-05,0.237263,0.13471,1.7613,0
16,15,6,10.0,-5.86789e-07,-8.03545e-07,-1.25601e-05,0.2371,0.134706,1.76013,0
17,15,6,10.0,-5.85287e-07,-7.81442e-07,-1.19022e-05,0.237025,0.134706,1.75957,0
18,15,6,10.0,-5.92885e-07,-8.22119e-07,-1.11296e-05,0.23699,0.134706,1.75931,0
19,15,6,10.0,-6.23161e-07,-8.94544e-07,-1.02361e-05,0.236974,0.134706,1.75919,0
20,15,6,10.0,-6.5337e-07,-1.01778e-06,-9.21672e-06,0.236966,0.134707,1.75913,0
21,15,6,10.0,-7.00525e-07,-1.19299e-06,-8.05874e-06,0.236963,0.134707,1.7591,0
22,15,6,10.0,-7.48962e-07,-1.44284e-06,-6.72547e-06,0.236961,0.134707,1.75909,0
23,15,6,10.0,-8.15606e-07,-1.79409e-06,-5.17827e-06,0.23696,0.134707,1.75908,0
0,16,6,10.0,-2.32159e-07,-7.4204e-07,-1.11459e-05,0.238391,0.134753,1.76909,0
1,16,6,10.0,8.87483e-07,2.19103e-06,-1.09684e-05,0.237624,0.134721,1.76382,0
2,16,6,10.0,5.53839e-07,1.36538e-06,-1.12381e-05,0.237268,0.13471,1.76132,0
3,16,6,10.0,3.3253e-07,7.30261e-07,-1.17525e-05,0.237102,0.134707,1.76014,0
4,16,6,10.0,1.61887e-07,2.84043e-07,-1.24085e-05,0.237026,0.134706,1.75958,0
5,16,6,10.0,1.92549e-08,-5.77641e-08,-1.31196e-05,0.23699,0.134706,1.75931,0
6,16,6,10.0,-1.43663e-07,-3.02805e-07,-1.38268e-05,0.236974,0.134706,1.75919,0
7,16,6,10.0,-2.46177e-07,-4.99083e-07,-1.44898e-05,0.236966,0.134707,1.75913,0
8,16,6,10.0,-2.96981e-07,-6.41204e-07,-1.50845e-05,0.236963,0.134707,1.7591,0
9,16,6,10.0,-3.19525e-07,-6.59287e-07,-1.5575e-05,0.236961,0.134707,1.75909,0
10,16,6,10.0,-4.13098e-07,-7.22477e-07,-1.59458e-05,0.23696,0.134707,1.75908,0
11,16,6,10.0,-3.90298e-07,-7.26535e-07,-1.61894e-05,0.23696,0.134707,1.75908,0
12,16,6,10.0,-4.09362e-07,-7.68393e-07,-1.63007e-05,0.23696,0.134707,1.75908,0
13,16,6,10.0,-4.72766e-07,-7.87243e-07,-1.61202e-05,0.23837,0.13475,1.76898,0
14,16,6,10.0,-5.70144e-07,-1.01777e-06,-1.58128e-05,0.237614,0.13472,1.76376,0
15,16,6,10.0,-5.79734e-07,-9.05259e-07,-1.53155e-05,0.237263,0.13471,1.7613,0
16,16,6,10.0,-5.83284e-07,-8.2913e-07,-1.46578e-05,0.2371,0.134706,1.76013,0
17,16,6,10.0,-6.16617e-07,-8.2169e-07,-1.3847e-05,0.237025,0.134706,1.75957,0
18,16,6,10.0,-6.41318e-07,-8.31775e-07,-1.29223e-05,0.23699,0.134706,1.75931,0
19,16,6,10.0,-6.6191e-07,-9.11762e-07,-1.18532e-05,0.236974,0.134706,1.75919,0
20,16,6,10.0,-7.06003e-07,-1.03403e-06,-1.06519e-05,0.236966,0.134707,1.75913,0
21,16,6,10.0,-7.18845e-07,-1.21509e-06,-9.29794e-06,0.236962,0.134707,1.7591,0
22,16,6,10.0,-7.58174e-07,-1.47928e-06,-7.75517e-06,0.236961,0.134707,1.75909,0
23,16,6,10.0,-8.2039e-07,-1.85444e-06,-5.97575e-06,0.23696,0.134707,1.75908,0
0,17,6,10.0,-1.7931e-07,-8.13275e-07,-1.31354e-05,0.238401,0.134755,1.76915,0
1,17,6,10.0,7.95729e-07,2.39502e-06,-1.29133e-05,0.237643,0.134724,1.76392,0
2,17,6,10.0,5.24406e-07,1.38316e-06,-1.324e-05,0.237294,0.134714,1.76146,0
3,17,6,10.0,2.97967e-07,7.49216e-07,-1.38491e-05,0.237133,0.134711,1.7603,0
4,17,6,10.0,1.34359e-07,2.17074e-07,-1.46212e-05,0.237059,0.134711,1.75976,0
5,17,6,10.0,-3.67668e-08,-1.56285e-07,-1.54677e-05,0.237024,0.134711,1.7595,0
6,17,6,10.0,-1.53139e-07,-4.59621e-07,-1.63015e-05,0.237009,0.134711,1.75938,0
7,17,6,10.0,-2.42976e-07,-6.73056e-07,-1.70697e-05,0.237001,0.134712,1.75932,0
8,17,6,10.0,-2.99921e-07,-7.9646e-07,-1.77238e-05,0.236998,0.134712,1.7593,0
9,17,6,10.0,-3.60131e-07,-8.64104e-07,-1.82455e-05,0.236996,0.134712,1.75928,0
10,17,6,10.0,-3.57828e-07,-8.29445e-07,-1.86063e-05,0.236996,0.134712,1.75928,0
11,17,6,10.0,-3.5549e-07,-8.90111e-07,-1.87948e-05,0.236995,0.134712,1.75928,0
12,17,6,10.0,-4.31993e-07,-9.16864e-07,-1.88495e-05,0.236995,0.134712,1.75927,0
13,17,6,10.0,-4.5975e-07,-9.17162e-07,-1.84905e-05,0.238381,0.134752,1.76904,0
14,17,6,10.0,-5.3994e-07,-1.20631e-06,-1.80781e-05,0.237634,0.134723,1.76387,0
15,17,6,10.0,-5.64483e-07,-1.08777e-06,-1.74596e-05,0.23729,0.134713,1.76144,0
16,17,6,10.0,-5.52484e-07,-9.27499e-07,-1.66541e-05,0.237121,0.134709,1.76024,0
17,17,6,10.0,-5.73491e-07,-9.42821e-07,-1.56783e-05,0.238381,0.134752,1.76904,0
18,17,6,10.0,-4.79647e-07,-4.54762e-07,-1.45418e-05,0.237634,0.134723,1.76387,0
19,17,6,10.0,-5.41987e-07,-5.82169e-07,-1.32932e-05,0.23729,0.134713,1.76144,0
20,17,6,10.0,-5.67454e-07,-7.52631e-07,-1.19218e-05,0.237131,0.134711,1.76029,0
21,17,6,10.0,-5.97285e-07,-9.60943e-07,-1.03881e-05,0.237058,0.134711,1.75975,0
22,17,6,10.0,-6.40304e-07,-1.27377e-06,-8.65469e-06,0.237024,0.134711,1.7595,0
23,17,6,10.0,-6.80577e-07,-1.68634e-06,-6.66487e-06,0.237008,0.134711,1.75938,0
0,18,6,10.0,-2.04722e-07,-9.0422e-07,-1.49323e-05,0.238391,0.134753,1.76909,0
1,18,6,10.0,7.1885e-07,2.57026e-06,-1.47065e-05,0.237624,0.134721,1.76382,0
2,18,6,10.0,4.72576e-07,1.57398e-06,-1.5077e-05,0.237268,0.13471,1.76132,0
3,18,6,10.0,2.7937e-07,8.06852e-07,-1.57608e-05,0.237103,0.134707,1.76014,0
4,18,6,10.0,1.04843e-07,2.6997e-07,-1.66423e-05,0.237026,0.134706,1.75958,0
5,18,6,10.0,-1.32842e-08,-1.26472e-07,-1.75987e-05,0.236991,0.134706,1.75931,0
6,18,6,10.0,-1.00387e-07,-3.9974e-07,-1.85366e-05,0.236974,0.134706,1.75919,0
7,18,6,10.0,-1.75603e-07,-6.01737e-07,-1.93734e-05,0.236967,0.134707,1.75913,0
8,18,6,10.0,-2.67684e-07,-7.38283e-07,-2.0081e-05,0.236963,0.134707,1.7591,0
9,18,6,10.0,-2.90324e-07,-8.00637e-07,-2.06198e-05,0.236961,0.134707,1.75909,0
10,18,6,10.0,-2.35937e-07,-7.19354e-07,-2.09495e-05,0.236961,0.134707,1.75908,0
11,18,6,10.0,-3.38687e-07,-7.91113e-07,-2.10977e-05,0.23696,0.134707,1.75908,0
12,18,6,10.0,-3.0854e-07,-8.00494e-07,-2.10922e-05,0.23696,0.134707,1.75908,0
13,18,6,10.0,-3.98643e-07,-8.4408e-07,-2.05724e-05,0.238371,0.13475,1.76898,0
14,18,6,10.0,-4.58467e-07,-1.13212e-06,-2.00601e-05,0.237614,0.13472,1.76377,0
15,18,6,10.0,-4.49093e-07,-1.0003e-06,-1.9331e-05,0.237264,0.13471,1.7613,0
16,18,6,10.0,-4.65837e-07,-8.90836e-07,-1.83937e-05,0.23709,0.134705,1.76007,0
17,18,6,10.0,-4.80949e-07,-9.04004e-07,-1.72661e-05,0.238371,0.13475,1.76898,0
18,18,6,10.0,-4.43607e-07,-4.87207e-07,-1.59306e-05,0.237614,0.13472,1.76377,0
19,18,6,10.0,-5.01267e-07,-6.25466e-07,-1.45331e-05,0.237264,0.13471,1.7613,0
20,18,6,10.0,-5.2299e-07,-7.96193e-07,-1.30102e-05,0.237101,0.134707,1.76013,0
21,18,6,10.0,-5.54999e-07,-1.03307e-06,-1.13219e-05,0.237025,0.134706,1.75957,0
22,18,6,10.0,-5.71257e-07,-1.3389e-06,-9.41813e-06,0.23699,0.134706,1.75931,0
23,18,6,10.0,-5.91782e-07,-1.7771e-06,-7.23528e-06,0.236974,0.134706,1.75919,0
0,19,6,10.0,-1.60555e-07,-9.8174e-07,-1.66329e-05,0.238391,0.134753,1.76909,0
1,19,6,10.0,5.87412e-07,2.71012e-06,-1.62739e-05,0.237624,0.134721,1.76382,0
2,19,6,10.0,3.75942e-07,1.57904e-06,-1.66701e-05,0.237268,0.13471,1.76132,0
3,19,6,10.0,1.92163e-07,8.17073e-07,-1.74223e-05,0.237102,0.134707,1.76014,0
4,19,6,10.0,4.9112e-08,2.49385e-07,-1.83729e-05,0.237026,0.134706,1.75958,0
5,19,6,10.0,-2.82328e-08,-1.53918e-07,-1.93891e-05,0.23699,0.134706,1.75931,0
6,19,6,10.0,-8.51499e-08,-4.56541e-07,-2.03715e-05,0.236974,0.134706,1.75919,0
7,19,6,10.0,-1.6057e-07,-6.43636e-07,-2.12458e-05,0.236966,0.134707,1.75913,0
8,19,6,10.0,-2.3895e-07,-7.69501e-07,-2.19679e-05,0.236963,0.134707,1.7591,0
9,19,6,10.0,-1.65416e-07,-7.67399e-07,-2.24869e-05,0.236961,0.134707,1.75909,0
10,19,6,10.0,-2.76476e-07,-7.9628e-07,-2.27873e-05,0.23696,0.134707,1.75908,0
11,19,6,10.0,-2.72165e-07,-7.98825e-07,-2.29094e-05,0.23696,0.134707,1.75908,0
12,19,6,10.0,-2.70946e-07,-8.03143e-07,-2.2847e-05,0.23696,0.134707,1.75908,0
13,19,6,10.0,-3.38667e-07,-8.48544e-07,-2.22201e-05,0.23837,0.13475,1.76898,0
14,19,6,10.0,-4.27287e-07,-1.11263e-06,-2.16409e-05,0.237614,0.13472,1.76376,0
15,19,6,10.0,-4.2008e-07,-1.0121e-06,-2.08243e-05,0.237263,0.13471,1.7613,0
16,19,6,10.0,-4.26412e-07,-8.83348e-07,-1.97974e-05,0.23709,0.134705,1.76007,0
17,19,6,10.0,-4.3652e-07,-9.34357e-07,-1.85577e-05,0.23837,0.13475,1.76898,0
18,19,6,10.0,-4.1577e-07,-4.88905e-07,-1.70968e-05,0.237614,0.13472,1.76376,0
19,19,6,10.0,-4.2023e-07,-6.56039e-07,-1.55794e-05,0.237263,0.13471,1.7613,0
20,19,6,10.0,-4.47244e-07,-8.43903e-07,-1.39367e-05,0.2371,0.134706,1.76013,0
21,19,6,10.0,-4.50625e-07,-1.07189e-06,-1.21129e-05,0.237025,0.134706,1.75957,0
22,19,6,10.0,-4.58717e-07,-1.39252e-06,-1.00584e-05,0.23699,0.134706,1.75931,0
23,19,6,10.0,-4.89491e-07,-1.83279e-06,-7.71425e-06,0.236974,0.134706,1.75919,0
0,20,6,10.0,-5.92567e-08,-9.40823e-07,-1.78831e-05,0.238391,0.134753,1.76909,0
1,20,6,10.0,4.55864e-07,2.78017e-06,-1.74983e-05,0.237624,0.134721,1.76382,0
2,20,6,10.0,3.25076e-07,1.71561e-06,-1.79149e-05,0.237268,0.13471,1.76132,0
3,20,6,10.0,1.22918e-07,8.12882e-07,-1.87149e-05,0.237102,0.134707,1.76014,0
4,20,6,10.0,8.08028e-08,2.64955e-07,-1.96894e-05,0.237026,0.134706,1.75958,0
5,20,6,10.0,8.93262e-09,-2.12638e-07,-2.07084e-05,0.23699,0.134706,1.75931,0
6,20,6,10.0,-2.13253e-08,-4.22035e-07,-2.16683e-05,0.236974,0.134706,1.75919,0
7,20,6,10.0,-1.03021e-07,-6.76514e-07,-2.25213e-05,0.236966,0.134707,1.75913,0
8,20,6,10.0,-1.0612e-07,-7.6594e-07,-2.32167e-05,0.236963,0.134707,1.7591,0
9,20,6,10.0,-1.20098e-07,-7.96287e-07,-2.36926e-05,0.236961,0.134707,1.75909,0
10,20,6,10.0,-1.47838e-07,-8.1063e-07,-2.39858e-05,0.23696,0.134707,1.75908,0
11,20,6,10.0,-1.56443e-07,-7.27404e-07,-2.40834e-05,0.23696,0.134707,1.75908,0
12,20,6,10.0,-1.98417e-07,-7.81732e-07,-2.40076e-05,0.23696,0.134707,1.75908,0
13,20,6,10.0,-2.77094e-07,-8.36521e-07,-2.33519e-05,0.23837,0.13475,1.76898,0
14,20,6,10.0,-3.42928e-07,-1.12231e-06,-2.27545e-05,0.237614,0.13472,1.76376,0
15,20,6,10.0,-3.62318e-07,-1.04042e-06,-2.19025e-05,0.237263,0.13471,1.7613,0
16,20,6,10.0,-3.46382e-07,-8.90577e-07,-2.08265e-05,0.23709,0.134705,1.76007,0
17,20,6,10.0,-3.50734e-07,-9.56022e-07,-1.95282e-05,0.23837,0.13475,1.76898,0
18,20,6,10.0,-4.00084e-07,-5.36155e-07,-1.80029e-05,0.237614,0.13472,1.76376,0
19,20,6,10.0,-3.85168e-07,-6.78977e-07,-1.6399e-05,0.237263,0.13471,1.7613,0
20,20,6,10.0,-3.65038e-07,-8.65163e-07,-1.46543e-05,0.2371,0.134706,1.76013,0
21,20,6,10.0,-3.68541e-07,-1.0922e-06,-1.27182e-05,0.237025,0.134706,1.75957,0
22,20,6,10.0,-3.79145e-07,-1.41541e-06,-1.05454e-05,0.23699,0.134706,1.75931,0
23,20,6,10.0,-3.91286e-07,-1.8627e-06,-8.08111e-06,0.236974,0.134706,1.75919,0
0,21,6,10.0,-4.34659e-08,-9.97299e-07,-1.86477e-05,0.238391,0.134753,1.76909,0
1,21,6,10.0,3.42145e-07,2.88041e-06,-1.82918e-05,0.237624,0.134721,1.76382,0
2,21,6,10.0,1.88974e-07,1.66317e-06,-1.87173e-05,0.237268,0.13471,1.76132,0
3,21,6,10.0,1.80222e-07,8.84408e-07,-1.95019e-05,0.237102,0.134707,1.76014,0
4,21,6,10.0,1.21341e-07,2.31629e-07,-2.04281e-05,0.237026,0.134706,1.75958,0
5,21,6,10.0,1.02012e-07,-1.67435e-07,-2.13747e-05,0.23699,0.134706,1.75931,0
6,21,6,10.0,3.05735e-08,-4.59125e-07,-2.22689e-05,0.236974,0.134706,1.75919,0
7,21,6,10.0,1.81237e-08,-6.30825e-07,-2.30614e-05,0.236966,0.134707,1.75913,0
8,21,6,10.0,5.15121e-08,-7.07747e-07,-2.36917e-05,0.236963,0.134707,1.7591,0
9,21,6,10.0,-1.83806e-09,-7.24915e-07,-2.41431e-05,0.236961,0.134707,1.75909,0
10,21,6,10.0,-4.44154e-09,-6.82409e-07,-2.44216e-05,0.23696,0.134707,1.75908,0
11,21,6,10.0,-7.37927e-08,-7.09251e-07,-2.45328e-05,0.23696,0.134707,1.75908,0
12,21,6,10.0,-9.96053e-08,-6.95735e-07,-2.44914e-05,0.23696,0.134707,1.75908,0
13,21,6,10.0,-1.79892e-07,-7.94548e-07,-2.39125e-05,0.23837,0.13475,1.76898,0
14,21,6,10.0,-2.27745e-07,-1.08654e-06,-2.33343e-05,0.237614,0.13472,1.76376,0
15,21,6,10.0,-2.33612e-07,-9.82629e-07,-2.24944e-05,0.237263,0.13471,1.7613,0
16,21,6,10.0,-2.31596e-07,-8.73428e-07,-2.1413e-05,0.23709,0.134705,1.76007,0
17,21,6,10.0,-2.33577e-07,-9.2538e-07,-2.01125e-05,0.23837,0.13475,1.76898,0
18,21,6,10.0,-3.1557e-07,-5.41037e-07,-1.85841e-05,0.237614,0.13472,1.76376,0
19,21,6,10.0,-2.89124e-07,-6.87984e-07,-1.69282e-05,0.237263,0.13471,1.7613,0
20,21,6,10.0,-2.74561e-07,-8.57635e-07,-1.51064e-05,0.2371,0.134706,1.76013,0
21,21,6,10.0,-2.71165e-07,-1.09557e-06,-1.30888e-05,0.237025,0.134706,1.75957,0
22,21,6,10.0,-2.76816e-07,-1.4153e-06,-1.08368e-05,0.23699,0.134706,1.75931,0
23,21,6,10.0,-2.73399e-07,-1.8508e-06,-8.29156e-06,0.236974,0.134706,1.75919,0
0,22,6,10.0,3.68066e-08,-9.53294e-07,-1.90261e-05,0.238391,0.134753,1.76909,0
1,22,6,10.0,1.66967e-07,2.83365e-06,-1.86828e-05,0.237624,0.134721,1.76382,0
2,22,6,10.0,1.99452e-07,1.70889e-06,-1.90688e-05,0.237268,0.13471,1.76132,0
3,22,6,10.0,2.02409e-07,8.78587e-07,-1.9759e-05,0.237102,0.134707,1.76014,0
4,22,6,10.0,1.72649e-07,2.92053e-07,-2.0587e-05,0.237026,0.134706,1.75958,0
5,22,6,10.0,1.26365e-07,-1.02591e-07,-2.14324e-05,0.23699,0.134706,1.75931,0
6,22,6,10.0,1.27241e-07,-3.62417e-07,-2.22356e-05,0.236974,0.134706,1.75919,0
7,22,6,10.0,1.38322e-07,-5.24679e-07,-2.29441e-05,0.236966,0.134707,1.75913,0
8,22,6,10.0,1.17743e-07,-5.98987e-07,-2.35189e-05,0.236963,0.134707,1.7591,0
9,22,6,10.0,8.44313e-08,-5.86831e-07,-2.39592e-05,0.236961,0.134707,1.75909,0
10,22,6,10.0,5.53336e-08,-5.93178e-07,-2.42517e-05,0.23696,0.134707,1.75908,0
11,22,6,10.0,2.9923e-08,-5.6969e-07,-2.44094e-05,0.23696,0.134707,1.75908,0
12,22,6,10.0,-3.03813e-08,-6.07227e-07,-2.44217e-05,0.23696,0.134707,1.75908,0
13,22,6,10.0,-7.24397e-08,-7.1608e-07,-2.39697e-05,0.23837,0.13475,1.76898,0
14,22,6,10.0,-1.27158e-07,-1.00951e-06,-2.34376e-05,0.237614,0.13472,1.76376,0
15,22,6,10.0,-1.30752e-07,-9.34741e-07,-2.26306e-05,0.237263,0.13471,1.7613,0
16,22,6,10.0,-1.33333e-07,-8.17828e-07,-2.15777e-05,0.23709,0.134705,1.76007,0
17,22,6,10.0,-1.32264e-07,-8.77251e-07,-2.03047e-05,0.23837,0.13475,1.76898,0
18,22,6,10.0,-2.1431e-07,-5.24028e-07,-1.88103e-05,0.237614,0.13472,1.76376,0
19,22,6,10.0,-1.74206e-07,-6.58202e-07,-1.71351e-05,0.237263,0.13471,1.7613,0
20,22,6,10.0,-1.63663e-07,-8.28535e-07,-1.52729e-05,0.2371,0.134706,1.76013,0
21,22,6,10.0,-1.62608e-07,-1.06187e-06,-1.32083e-05,0.237025,0.134706,1.75957,0
22,22,6,10.0,-1.57932e-07,-1.37847e-06,-1.09101e-05,0.23699,0.134706,1.75931,0
23,22,6,10.0,-1.56855e-07,-1.81059e-06,-8.32367e-06,0.236974,0.134706,1.75919,0
0,23,6,10.0,7.39501e-08,-8.9574e-07,-1.89981e-05,0.238391,0.134753,1.76909,0
1,23,6,10.0,1.34221e-07,2.81486e-06,-1.87478e-05,0.237624,0.134721,1.76382,0
2,23,6,10.0,1.71117e-07,1.73371e-06,-1.90736e-05,0.237268,0.13471,1.76132,0
3,23,6,10.0,1.90141e-07,9.43225e-07,-1.96675e-05,0.237102,0.134707,1.76014,0
4,23,6,10.0,1.90033e-07,3.81521e-07,-2.03912e-05,0.237026,0.134706,1.75958,0
5,23,6,10.0,1.73377e-07,1.82771e-09,-2.11452e-05,0.23699,0.134706,1.75931,0
6,23,6,10.0,1.57423e-07,-2.46073e-07,-2.1863e-05,0.236974,0.134706,1.75919,0
7,23,6,10.0,1.6063e-07,-3.9432e-07,-2.25054e-05,0.236966,0.134707,1.75913,0
8,23,6,10.0,1.45604e-07,-4.49429e-07,-2.30516e-05,0.236963,0.134707,1.7591,0
9,23,6,10.0,1.46988e-07,-4.74179e-07,-2.34932e-05,0.236961,0.134707,1.75909,0
10,23,6,10.0,9.61095e-08,-4.11773e-07,-2.3821e-05,0.23696,0.134707,1.75908,0
11,23,6,10.0,5.77777e-08,-4.7785e-07,-2.40296e-05,0.23696,0.134707,1.75908,0
12,23,6,10.0,3.51552e-08,-5.18402e-07,-2.41094e-05,0.23696,0.134707,1.75908,0
13,23,6,10.0,3.17561e-09,-6.33785e-07,-2.37619e-05,0.23837,0.13475,1.76898,0
14,23,6,10.0,-2.82624e-08,-9.18394e-07,-2.32745e-05,0.237614,0.13472,1.76376,0
15,23,6,10.0,-3.72823e-08,-8.50924e-07,-2.25047e-05,0.237263,0.13471,1.7613,0
16,23,6,10.0,-3.95364e-08,-7.54262e-07,-2.1485e-05,0.23709,0.134705,1.76007,0
17,23,6,10.0,-3.44748e-08,-8.02843e-07,-2.0242e-05,0.23837,0.13475,1.76898,0
18,23,6,10.0,-1.14736e-07,-4.93433e-07,-1.87838e-05,0.237614,0.13472,1.76376,0
19,23,6,10.0,-9.0776e-08,-6.17983e-07,-1.71103e-05,0.237263,0.13471,1.7613,0
20,23,6,10.0,-8.35682e-08,-7.88369e-07,-1.52346e-05,0.2371,0.134706,1.76013,0
21,23,6,10.0,-8.46957e-08,-1.0185e-06,-1.31503e-05,0.237025,0.134706,1.75957,0
22,23,6,10.0,-8.32258e-08,-1.33176e-06,-1.08309e-05,0.23699,0.134706,1.75931,0
23,23,6,10.0,-7.513e-08,-1.7548e-06,-8.23241e-06,0.236974,0.134706,1.75919,0
0,0,7,10.0,-1.00449e-08,-1.5766e-07,7.38293e-06,0.238373,0.134724,1.76935,0
1,0,7,10.0,-4.24886e-09,2.89261e-07,7.41995e-06,0.237592,0.134677,1.76416,0
2,0,7,10.0,-1.71647e-08,1.16755e-07,7.33663e-06,0.237226,0.134659,1.76168,0
3,0,7,10.0,-3.13092e-08,-8.17397e-09,7.16568e-06,0.237055,0.134653,1.76049,0
4,0,7,10.0,-4.17364e-08,-1.06666e-07,6.90009e-06,0.236975,0.134651,1.75992,0
5,0,7,10.0,-5.26197e-08,-1.93923e-07,6.52969e-06,0.236937,0.134651,1.75964,0
6,0,7,10.0,-5.89931e-08,-2.87113e-07,6.03996e-06,0.23692,0.134651,1.75951,0
7,0,7,10.0,-6.84665e-08,-3.84159e-07,5.42314e-06,0.236911,0.134651,1.75945,0
8,0,7,10.0,-7.79543e-08,-4.79471e-07,4.67714e-06,0.236908,0.134651,1.75942,0
9,0,7,10.0,-7.74453e-08,-6.02983e-07,3.7899e-06,0.236906,0.134651,1.7594,0
10,0,7,10.0,-9.01999e-08,-7.30312e-07,2.75247e-06,0.236905,0.134651,1.7594,0
11,0,7,10.0,-1.22555e-07,-8.77519e-07,1.57981e-06,0.236904,0.134651,1.75939,0
12,0,7,10.0,-8.3884e-08,-1.13889e-06,3.16561e-07,0.236904,0.134651,1.75939,0
13,0,7,10.0,-1.03772e-07,-1.39016e-06,-2.22778e-06,0.238354,0.134719,1.76927,0
14,0,7,10.0,-8.11946e-08,-1.7036e-06,-3.40869e-06,0.237583,0.134675,1.76412,0
15,0,7,10.0,-7.4869e-08,-1.70651e-06,-4.32472e-06,0.237222,0.134658,1.76166,0
16,0,7,10.0,-8.60811e-08,-1.65733e-06,-5.02595e-06,0.237053,0.134653,1.76048,0
17,0,7,10.0,-1.01895e-07,-1.6284e-06,-5.54666e-06,0.236974,0.134651,1.75991,0
18,0,7,10.0,-1.0415e-07,-1.60066e-06,-5.92805e-06,0.236937,0.134651,1.75964,0
19,0,7,10.0,-8.33009e-08,-1.60317e-06,-6.18264e-06,0.236919,0.134651,1.75951,0
20,0,7,10.0,-7.50792e-08,-1.61926e-06,-6.29103e-06,0.236911,0.134651,1.75945,0
21,0,7,10.0,-7.65673e-08,-1.67645e-06,-6.19716e-06,0.236907,0.134651,1.75942,0
22,0,7,10.0,-6.18036e-08,-1.78259e-06,-5.81847e-06,0.236906,0.134651,1.7594,0
23,0,7,10.0,-3.83882e-08,-1.93654e-06,-5.03896e-06,0.236905,0.134651,1.7594,0
0,1,7,10.0,-1.95076e-08,-1.09748e-07,7.32489e-06,0.238383,0.134726,1.7694,0
1,1,7,10.0,4.82547e-08,6.28049e-07,7.34207e-06,0.237611,0.134681,1.76425,0
2,1,7,10.0,1.35198e-08,4.91993e-07,7.26109e-06,0.237251,0.134665,1.76179,0
3,1,7,10.0,-2.27125e-08,4.07622e-07,7.09696e-06,0.237084,0.134659,1.76062,0
4,1,7,10.0,-5.58539e-08,3.5737e-07,6.84627e-06,0.237006,0.134658,1.76006,0
5,1,7,10.0,-8.71734e-08,3.23912e-07,6.4986e-06,0.23697,0.134658,1.75979,0
6,1,7,10.0,-1.1577e-07,2.96371e-07,6.0425e-06,0.236953,0.134658,1.75967,0
7,1,7,10.0,-1.42038e-07,2.70629e-07,5.46977e-06,0.236945,0.134658,1.75961,0
8,1,7,10.0,-1.7212e-07,2.52117e-07,4.77602e-06,0.236942,0.134658,1.75958,0
9,1,7,10.0,-2.1234e-07,2.19503e-07,3.95273e-06,0.23694,0.134658,1.75956,0
10,1,7,10.0,-2.28997e-07,1.51828e-07,2.99156e-06,0.236939,0.134658,1.75956,0
11,1,7,10.0,-2.7242e-07,6.98055e-08,1.90411e-06,0.236939,0.134658,1.75955,0
12,1,7,10.0,-2.66434e-07,-3.42171e-08,7.39201e-07,0.236938,0.134658,1.75955,0
13,1,7,10.0,-2.90827e-07,-2.32499e-07,-1.62101e-06,0.238364,0.134721,1.76931,0
14,1,7,10.0,-2.54761e-07,-5.64995e-07,-2.72161e-06,0.237602,0.134679,1.76421,0
15,1,7,10.0,-2.7148e-07,-5.40703e-07,-3.60295e-06,0.237247,0.134664,1.76177,0
16,1,7,10.0,-2.8527e-07,-5.23886e-07,-4.29533e-06,0.237082,0.134659,1.76061,0
17,1,7,10.0,-2.99198e-07,-5.20028e-07,-4.82332e-06,0.237005,0.134658,1.76006,0
18,1,7,10.0,-2.93733e-07,-5.45873e-07,-5.21263e-06,0.236969,0.134658,1.75979,0
19,1,7,10.0,-2.68496e-07,-6.06404e-07,-5.48012e-06,0.236953,0.134658,1.75967,0
20,1,7,10.0,-2.42579e-07,-7.27577e-07,-5.60845e-06,0.236945,0.134658,1.7596,0
21,1,7,10.0,-2.16678e-07,-9.15959e-07,-5.54668e-06,0.236941,0.134658,1.75958,0
22,1,7,10.0,-1.72963e-07,-1.17163e-06,-5.21541e-06,0.23694,0.134658,1.75956,0
23,1,7,10.0,-1.14048e-07,-1.51025e-06,-4.51191e-06,0.236939,0.134658,1.75956,0
0,2,7,10.0,-3.26165e-08,-1.18069e-07,7.11992e-06,0.238383,0.134726,1.7694,0
1,2,7,10.0,1.1558e-07,6.20056e-07,7.12913e-06,0.237611,0.134681,1.76425,0
2,2,7,10.0,5.96276e-08,4.78586e-07,7.04905e-06,0.237252,0.134665,1.76179,0
3,2,7,10.0,7.48336e-09,3.88311e-07,6.8904e-06,0.237084,0.134659,1.76062,0
4,2,7,10.0,-3.98003e-08,3.32385e-07,6.65219e-06,0.237006,0.134658,1.76006,0
5,2,7,10.0,-8.14231e-08,2.95376e-07,6.32706e-06,0.23697,0.134658,1.75979,0
6,2,7,10.0,-1.16352e-07,2.65301e-07,5.90545e-06,0.236953,0.134658,1.75967,0
7,2,7,10.0,-1.46796e-07,2.40043e-07,5.37938e-06,0.236946,0.134658,1.75961,0
8,2,7,10.0,-1.86271e-07,2.19441e-07,4.74298e-06,0.236942,0.134658,1.75958,0
9,2,7,10.0,-2.07213e-07,1.65139e-07,3.9867e-06,0.23694,0.134658,1.75956,0
10,2,7,10.0,-2.45972e-07,1.37334e-07,3.11108e-06,0.236939,0.134659,1.75956,0
11,2,7,10.0,-2.43295e-07,8.37065e-09,2.12273e-06,0.236939,0.134659,1.75955,0
12,2,7,10.0,-2.48603e-07,-7.64295e-08,1.06742e-06,0.236939,0.134659,1.75955,0
13,2,7,10.0,-2.22246e-07,-2.535e-07,-1.06209e-06,0.238364,0.134721,1.76931,0
14,2,7,10.0,-1.66875e-07,-5.83933e-07,-2.06589e-06,0.237602,0.134679,1.76421,0
15,2,7,10.0,-1.93357e-07,-5.70085e-07,-2.89355e-06,0.237247,0.134664,1.76177,0
16,2,7,10.0,-2.17475e-07,-5.4994e-07,-3.55774e-06,0.237082,0.134659,1.76061,0
17,2,7,10.0,-2.26681e-07,-5.446e-07,-4.07274e-06,0.237005,0.134658,1.76006,0
18,2,7,10.0,-2.1937e-07,-5.68404e-07,-4.45897e-06,0.23697,0.134658,1.75979,0
19,2,7,10.0,-2.01133e-07,-6.30492e-07,-4.7282e-06,0.236953,0.134658,1.75967,0
20,2,7,10.0,-1.73474e-07,-7.44478e-07,-4.86659e-06,0.236945,0.134658,1.75961,0
21,2,7,10.0,-1.33136e-07,-9.22596e-07,-4.82983e-06,0.236942,0.134658,1.75958,0
22,2,7,10.0,-8.61876e-08,-1.16999e-06,-4.54837e-06,0.23694,0.134658,1.75956,0
23,2,7,10.0,-2.63577e-08,-1.49383e-06,-3.93281e-06,0.236939,0.134659,1.75956,0
0,3,7,10.0,-4.792e-08,-1.27977e-07,6.75306e-06,0.238383,0.134726,1.7694,0
1,3,7,10.0,1.88731e-07,6.17305e-07,6.76227e-06,0.237611,0.134681,1.76425,0
2,3,7,10.0,1.12212e-07,4.65321e-07,6.68344e-06,0.237252,0.134665,1.76179,0
3,3,7,10.0,4.44468e-08,3.66668e-07,6.52985e-06,0.237084,0.134659,1.76062,0
4,3,7,10.0,-1.6113e-08,3.03225e-07,6.30326e-06,0.237006,0.134658,1.76006,0
5,3,7,10.0,-6.89843e-08,2.60119e-07,5.99965e-06,0.23697,0.134658,1.75979,0
6,3,7,10.0,-1.13885e-07,2.27786e-07,5.61216e-06,0.236953,0.134658,1.75967,0
7,3,7,10.0,-1.53785e-07,2.00068e-07,5.13355e-06,0.236946,0.134658,1.75961,0
8,3,7,10.0,-1.9644e-07,1.72667e-07,4.55552e-06,0.236942,0.134658,1.75958,0
9,3,7,10.0,-2.24077e-07,1.46634e-07,3.8755e-06,0.23694,0.134658,1.75956,0
10,3,7,10.0,-2.69029e-07,6.24574e-08,3.08341e-06,0.236939,0.134659,1.75956,0
11,3,7,10.0,-2.61146e-07,-4.74517e-08,2.1991e-06,0.236939,0.134659,1.75955,0
12,3,7,10.0,-2.6928e-07,-1.08135e-07,1.26182e-06,0.236939,0.134659,1.75955,0
13,3,7,10.0,-2.3496e-07,-3.02119e-07,-6.11708e-07,0.238364,0.134721,1.76931,0
14,3,7,10.0,-1.8437e-07,-6.04238e-07,-1.50574e-06,0.237602,0.134679,1.76421,0
15,3,7,10.0,-2.12254e-07,-5.87014e-07,-2.26445e-06,0.237247,0.134664,1.76177,0
16,3,7,10.0,-2.30812e-07,-5.77445e-07,-2.8856e-06,0.237082,0.134659,1.76061,0
17,3,7,10.0,-2.36342e-07,-5.78225e-07,-3.37255e-06,0.237005,0.134658,1.76006,0
18,3,7,10.0,-2.3521e-07,-5.97421e-07,-3.74045e-06,0.23697,0.134658,1.75979,0
19,3,7,10.0,-2.20687e-07,-6.52153e-07,-3.99821e-06,0.236953,0.134658,1.75967,0
20,3,7,10.0,-1.8808e-07,-7.65327e-07,-4.13459e-06,0.236945,0.134658,1.75961,0
21,3,7,10.0,-1.41603e-07,-9.35941e-07,-4.11091e-06,0.236942,0.134658,1.75958,0
22,3,7,10.0,-9.54694e-08,-1.16228e-06,-3.87229e-06,0.23694,0.134658,1.75956,0
23,3,7,10.0,-3.53933e-08,-1.46364e-06,-3.34301e-06,0.236939,0.134659,1.75956,0
0,4,7,10.0,-6.41137e-08,-1.42177e-07,6.22268e-06,0.238383,0.134726,1.7694,0
1,4,7,10.0,2.59517e-07,6.20265e-07,6.24161e-06,0.237611,0.134681,1.76425,0
2,4,7,10.0,1.63594e-07,4.56144e-07,6.16504e-06,0.237252,0.134665,1.76179,0
3,4,7,10.0,8.03438e-08,3.46645e-07,6.0154e-06,0.237084,0.134659,1.76062,0
4,4,7,10.0,7.39719e-09,2.74257e-07,5.79759e-06,0.237006,0.134658,1.76006,0
5,4,7,10.0,-5.61894e-08,2.25344e-07,5.51116e-06,0.23697,0.134658,1.75979,0
6,4,7,10.0,-1.11184e-07,1.88976e-07,5.15181e-06,0.236953,0.134658,1.75967,0
7,4,7,10.0,-1.60761e-07,1.59324e-07,4.71407e-06,0.236946,0.134658,1.75961,0
8,4,7,10.0,-2.02501e-07,1.31133e-07,4.1911e-06,0.236942,0.134658,1.75958,0
9,4,7,10.0,-2.55397e-07,8.79642e-08,3.57787e-06,0.23694,0.134658,1.75956,0
10,4,7,10.0,-2.77415e-07,6.80653e-09,2.86516e-06,0.236939,0.134659,1.75956,0
11,4,7,10.0,-2.90592e-07,-7.23127e-08,2.07865e-06,0.236939,0.134659,1.75955,0
12,4,7,10.0,-2.6382e-07,-1.97329e-07,1.25277e-06,0.236939,0.134659,1.75955,0
13,4,7,10.0,-2.61365e-07,-3.37128e-07,-3.94294e-07,0.238364,0.134721,1.76931,0
14,4,7,10.0,-2.21091e-07,-6.29512e-07,-1.18265e-06,0.237602,0.134679,1.76421,0
15,4,7,10.0,-2.38883e-07,-6.18229e-07,-1.86106e-06,0.237247,0.134664,1.76177,0
16,4,7,10.0,-2.4783e-07,-5.95817e-07,-2.42312e-06,0.237082,0.134659,1.76061,0
17,4,7,10.0,-2.57569e-07,-5.99023e-07,-2.86781e-06,0.237005,0.134658,1.76006,0
18,4,7,10.0,-2.62695e-07,-6.18436e-07,-3.20398e-06,0.23697,0.134658,1.75979,0
19,4,7,10.0,-2.47941e-07,-6.83538e-07,-3.43602e-06,0.236953,0.134658,1.75967,0
20,4,7,10.0,-2.14489e-07,-7.8368e-07,-3.55359e-06,0.236945,0.134658,1.75961,0
21,4,7,10.0,-1.76828e-07,-9.37212e-07,-3.52792e-06,0.236942,0.134658,1.75958,0
22,4,7,10.0,-1.35067e-07,-1.15178e-06,-3.31423e-06,0.23694,0.134658,1.75956,0
23,4,7,10.0,-8.19347e-08,-1.42988e-06,-2.84955e-06,0.236939,0.134659,1.75956,0
0,5,7,10.0,-7.61112e-08,-1.55217e-07,5.54507e-06,0.238383,0.134726,1.7694,0
1,5,7,10.0,3.29801e-07,6.32026e-07,5.57585e-06,0.237611,0.134681,1.76425,0
2,5,7,10.0,2.15527e-07,4.51946e-07,5.50019e-06,0.237252,0.134665,1.76179,0
3,5,7,10.0,1.17732e-07,3.29755e-07,5.35163e-06,0.237084,0.134659,1.76062,0
4,5,7,10.0,3.28027e-08,2.47098e-07,5.13816e-06,0.237006,0.134658,1.76006,0
5,5,7,10.0,-4.11802e-08,1.90357e-07,4.86156e-06,0.23697,0.134658,1.75979,0
6,5,7,10.0,-1.04617e-07,1.5068e-07,4.52033e-06,0.236953,0.134658,1.75967,0
7,5,7,10.0,-1.62429e-07,1.17702e-07,4.11129e-06,0.236946,0.134658,1.75961,0
8,5,7,10.0,-2.13841e-07,8.75183e-08,3.63023e-06,0.236942,0.134658,1.75958,0
9,5,7,10.0,-2.73871e-07,4.06082e-08,3.07067e-06,0.23694,0.134658,1.75956,0
10,5,7,10.0,-2.92137e-07,-5.09317e-08,2.43194e-06,0.236939,0.134659,1.75956,0
11,5,7,10.0,-3.12415e-07,-1.39268e-07,1.72991e-06,0.236939,0.134659,1.75955,0
12,5,7,10.0,-2.74153e-07,-2.28556e-07,1.00539e-06,0.236939,0.134659,1.75955,0
13,5,7,10.0,-2.82572e-07,-3.73838e-07,-4.49386e-07,0.238364,0.134721,1.76931,0
14,5,7,10.0,-2.51219e-07,-6.35212e-07,-1.13384e-06,0.237602,0.134679,1.76421,0
15,5,7,10.0,-2.51533e-07,-6.06224e-07,-1.72325e-06,0.237247,0.134664,1.76177,0
16,5,7,10.0,-2.585e-07,-6.02877e-07,-2.21463e-06,0.237082,0.134659,1.76061,0
17,5,7,10.0,-2.73709e-07,-6.06809e-07,-2.60551e-06,0.237005,0.134658,1.76006,0
18,5,7,10.0,-2.76739e-07,-6.31693e-07,-2.89457e-06,0.23697,0.134658,1.75979,0
19,5,7,10.0,-2.61332e-07,-6.80885e-07,-3.0852e-06,0.236953,0.134658,1.75967,0
20,5,7,10.0,-2.37783e-07,-7.85177e-07,-3.17007e-06,0.236945,0.134658,1.75961,0
21,5,7,10.0,-2.11809e-07,-9.34151e-07,-3.12578e-06,0.236942,0.134658,1.75958,0
22,5,7,10.0,-1.79189e-07,-1.12666e-06,-2.91317e-06,0.23694,0.134658,1.75956,0
23,5,7,10.0,-1.42109e-07,-1.38226e-06,-2.48512e-06,0.236939,0.134659,1.75956,0
0,6,7,10.0,-8.54307e-08,-1.70164e-07,4.73785e-06,0.238383,0.134726,1.7694,0
1,6,7,10.0,4.01707e-07,6.49992e-07,4.77816e-06,0.237611,0.134681,1.76425,0
2,6,7,10.0,2.71938e-07,4.53901e-07,4.70164e-06,0.237252,0.134665,1.76179,0
3,6,7,10.0,1.58901e-07,3.16741e-07,4.55121e-06,0.237084,0.134659,1.76062,0
4,6,7,10.0,6.11631e-08,2.21505e-07,4.33677e-06,0.237006,0.134658,1.76006,0
5,6,7,10.0,-2.17622e-08,1.57013e-07,4.0619e-06,0.23697,0.134658,1.75979,0
6,6,7,10.0,-9.44611e-08,1.12027e-07,3.7269e-06,0.236953,0.134658,1.75967,0
7,6,7,10.0,-1.57216e-07,7.66502e-08,3.32995e-06,0.236946,0.134658,1.75961,0
8,6,7,10.0,-2.24303e-07,4.22669e-08,2.8693e-06,0.236942,0.134658,1.75958,0
9,6,7,10.0,-2.84792e-07,-2.08193e-08,2.34422e-06,0.23694,0.134658,1.75956,0
10,6,7,10.0,-3.11894e-07,-9.44086e-08,1.76491e-06,0.236939,0.134659,1.75956,0
11,6,7,10.0,-3.14307e-07,-1.88309e-07,1.13959e-06,0.236939,0.134659,1.75955,0
12,6,7,10.0,-3.33611e-07,-2.63783e-07,4.99447e-07,0.236939,0.134659,1.75955,0
13,6,7,10.0,-2.92516e-07,-3.99738e-07,-7.73859e-07,0.238364,0.134721,1.76931,0
14,6,7,10.0,-2.87751e-07,-6.43432e-07,-1.36355e-06,0.237602,0.134679,1.76421,0
15,6,7,10.0,-2.90369e-07,-6.20474e-07,-1.86321e-06,0.237247,0.134664,1.76177,0
16,6,7,10.0,-2.9013e-07,-6.05205e-07,-2.27513e-06,0.237082,0.134659,1.76061,0
17,6,7,10.0,-2.87286e-07,-6.04863e-07,-2.59722e-06,0.237005,0.134658,1.76006,0
18,6,7,10.0,-2.91475e-07,-6.27634e-07,-2.82664e-06,0.23697,0.134658,1.75979,0
19,6,7,10.0,-2.93844e-07,-6.85228e-07,-2.9626e-06,0.236953,0.134658,1.75967,0
20,6,7,10.0,-2.77424e-07,-7.79598e-07,-2.99755e-06,0.236945,0.134658,1.75961,0
21,6,7,10.0,-2.51988e-07,-9.14873e-07,-2.91236e-06,0.236942,0.134658,1.75958,0
22,6,7,10.0,-2.387e-07,-1.09655e-06,-2.6779e-06,0.23694,0.134658,1.75956,0
23,6,7,10.0,-2.25511e-07,-1.33447e-06,-2.25588e-06,0.236939,0.134659,1.75956,0
0,7,7,10.0,-9.34834e-08,-1.83951e-07,3.81655e-06,0.238383,0.134726,1.7694,0
1,7,7,10.0,4.80092e-07,6.77012e-07,3.85199e-06,0.237611,0.134681,1.76425,0
2,7,7,10.0,3.33242e-07,4.61723e-07,3.77262e-06,0.237252,0.134665,1.76179,0
3,7,7,10.0,2.03917e-07,3.05655e-07,3.61712e-06,0.237084,0.134659,1.76062,0
4,7,7,10.0,9.42635e-08,1.97197e-07,3.39734e-06,0.237006,0.134658,1.76006,0
5,7,7,10.0,-6.11713e-11,1.2185e-07,3.116e-06,0.23697,0.134658,1.75979,0
6,7,7,10.0,-7.89547e-08,7.24386e-08,2.77448e-06,0.236953,0.134658,1.75967,0
7,7,7,10.0,-1.51404e-07,3.17414e-08,2.37241e-06,0.236946,0.134658,1.75961,0
8,7,7,10.0,-2.20729e-07,-9.1859e-09,1.9081e-06,0.236942,0.134658,1.75958,0
9,7,7,10.0,-2.58622e-07,-7.14061e-08,1.39992e-06,0.23694,0.134658,1.75956,0
10,7,7,10.0,-3.42727e-07,-1.40075e-07,8.55628e-07,0.236939,0.134659,1.75956,0
11,7,7,10.0,-3.29831e-07,-2.44936e-07,2.90804e-07,0.236939,0.134659,1.75955,0
12,7,7,10.0,-3.31595e-07,-3.05997e-07,-2.87332e-07,0.236939,0.134659,1.75955,0
13,7,7,10.0,-3.12499e-07,-4.16118e-07,-1.39846e-06,0.238364,0.134721,1.76931,0
14,7,7,10.0,-3.2133e-07,-6.43588e-07,-1.90351e-06,0.237602,0.134679,1.76421,0
15,7,7,10.0,-3.20213e-07,-6.10256e-07,-2.31662e-06,0.237247,0.134664,1.76177,0
16,7,7,10.0,-3.13651e-07,-5.93284e-07,-2.64412e-06,0.237082,0.134659,1.76061,0
17,7,7,10.0,-3.17533e-07,-5.93803e-07,-2.88644e-06,0.237005,0.134658,1.76006,0
18,7,7,10.0,-3.28796e-07,-6.16597e-07,-3.0438e-06,0.23697,0.134658,1.75979,0
19,7,7,10.0,-3.30613e-07,-6.70927e-07,-3.11028e-06,0.236953,0.134658,1.75967,0
20,7,7,10.0,-3.22461e-07,-7.65167e-07,-3.07588e-06,0.236945,0.134658,1.75961,0
21,7,7,10.0,-3.17545e-07,-8.94822e-07,-2.92767e-06,0.236942,0.134658,1.75958,0
22,7,7,10.0,-3.21394e-07,-1.06212e-06,-2.64374e-06,0.23694,0.134658,1.75956,0
23,7,7,10.0,-3.31376e-07,-1.28684e-06,-2.1921e-06,0.236939,0.134659,1.75956,0
0,8,7,10.0,-1.08281e-07,-1.99611e-07,2.75086e-06,0.238383,0.134726,1.7694,0
1,8,7,10.0,5.67952e-07,7.22863e-07,2.77433e-06,0.237611,0.134681,1.76425,0
2,8,7,10.0,3.97653e-07,4.83347e-07,2.68949e-06,0.237252,0.134665,1.76179,0
3,8,7,10.0,2.49266e-07,3.09276e-07,2.52741e-06,0.237084,0.134659,1.76062,0
4,8,7,10.0,1.2328e-07,1.83088e-07,2.29674e-06,0.237006,0.134658,1.76006,0
5,8,7,10.0,1.84852e-08,9.87382e-08,2.00037e-06,0.23697,0.134658,1.75979,0
6,8,7,10.0,-7.02008e-08,4.06192e-08,1.6403e-06,0.236953,0.134658,1.75967,0
7,8,7,10.0,-1.48311e-07,-4.65262e-09,1.21779e-06,0.236946,0.134658,1.75961,0
8,8,7,10.0,-1.91118e-07,-4.4276e-08,7.39947e-07,0.236942,0.134658,1.75958,0
9,8,7,10.0,-2.62322e-07,-1.05699e-07,2.24388e-07,0.23694,0.134658,1.75956,0
10,8,7,10.0,-2.88318e-07,-2.30473e-07,-2.96651e-07,0.236939,0.134659,1.75956,0
11,8,7,10.0,-3.29153e-07,-2.95626e-07,-8.43126e-07,0.236939,0.134659,1.75955,0
12,8,7,10.0,-3.41895e-07,-3.61783e-07,-1.3826e-06,0.236939,0.134659,1.75955,0
13,8,7,10.0,-3.24367e-07,-4.66316e-07,-2.36832e-06,0.238364,0.134721,1.76931,0
14,8,7,10.0,-3.41476e-07,-6.39766e-07,-2.79584e-06,0.237602,0.134679,1.76421,0
15,8,7,10.0,-3.3622e-07,-5.99607e-07,-3.12597e-06,0.237247,0.134664,1.76177,0
16,8,7,10.0,-3.34111e-07,-5.75444e-07,-3.36354e-06,0.237082,0.134659,1.76061,0
17,8,7,10.0,-3.4189e-07,-5.74508e-07,-3.5188e-06,0.237005,0.134658,1.76006,0
18,8,7,10.0,-3.55464e-07,-5.98883e-07,-3.58917e-06,0.23697,0.134658,1.75979,0
19,8,7,10.0,-3.66791e-07,-6.56682e-07,-3.56753e-06,0.236953,0.134658,1.75967,0
20,8,7,10.0,-3.73519e-07,-7.46781e-07,-3.4448e-06,0.236945,0.134658,1.75961,0
21,8,7,10.0,-3.8583e-07,-8.68925e-07,-3.20997e-06,0.236942,0.134658,1.75958,0
22,8,7,10.0,-4.1196e-07,-1.03226e-06,-2.84646e-06,0.23694,0.134658,1.75956,0
23,8,7,10.0,-4.43106e-07,-1.25278e-06,-2.3249e-06,0.236939,0.134659,1.75956,0
0,9,7,10.0,-1.36842e-07,-2.26504e-07,1.47824e-06,0.238393,0.134728,1.76944,0
1,9,7,10.0,6.61745e-07,7.72063e-07,1.49093e-06,0.237629,0.134685,1.76433,0
2,9,7,10.0,4.51988e-07,5.05481e-07,1.39737e-06,0.237276,0.13467,1.76191,0
3,9,7,10.0,2.77038e-07,3.00906e-07,1.21919e-06,0.237113,0.134666,1.76075,0
4,9,7,10.0,1.27184e-07,1.5551e-07,9.66886e-07,0.237038,0.134665,1.76021,0
5,9,7,10.0,3.48072e-09,5.51334e-08,6.41569e-07,0.237002,0.134665,1.75994,0
6,9,7,10.0,-9.29413e-08,-1.27098e-08,2.51171e-07,0.236986,0.134665,1.75982,0
7,9,7,10.0,-1.63388e-07,-6.73506e-08,-1.978e-07,0.236979,0.134665,1.75976,0
8,9,7,10.0,-2.05479e-07,-1.08595e-07,-6.95386e-07,0.236966,0.134663,1.75969,0
9,9,7,10.0,-2.63608e-07,-1.92627e-07,-1.2408e-06,0.238373,0.134724,1.76935,0
10,9,7,10.0,-4.17983e-07,-6.0414e-07,-1.79685e-06,0.237621,0.134683,1.76429,0
11,9,7,10.0,-4.2845e-07,-6.46244e-07,-2.34403e-06,0.237272,0.134669,1.76189,0
12,9,7,10.0,-4.31025e-07,-6.96011e-07,-2.85869e-06,0.237111,0.134665,1.76074,0
13,9,7,10.0,-4.06599e-07,-7.3357e-07,-3.73423e-06,0.238373,0.134724,1.76935,0
14,9,7,10.0,-4.34862e-07,-1.16699e-06,-4.10335e-06,0.237621,0.134683,1.76429,0
15,9,7,10.0,-4.14817e-07,-1.038e-06,-4.34185e-06,0.237272,0.134669,1.76189,0
16,9,7,10.0,-4.07031e-07,-9.49584e-07,-4.47962e-06,0.237111,0.134665,1.76074,0
17,9,7,10.0,-4.03124e-07,-8.93628e-07,-4.525e-06,0.237037,0.134665,1.7602,0
18,9,7,10.0,-4.10179e-07,-8.75221e-07,-4.48494e-06,0.237002,0.134665,1.75994,0
19,9,7,10.0,-4.21054e-07,-8.89671e-07,-4.35082e-06,0.236986,0.134665,1.75982,0
20,9,7,10.0,-4.33229e-07,-9.44794e-07,-4.11273e-06,0.236979,0.134665,1.75976,0
21,9,7,10.0,-4.57601e-07,-1.03685e-06,-3.76258e-06,0.236975,0.134665,1.75973,0
22,9,7,10.0,-4.97763e-07,-1.16967e-06,-3.28344e-06,0.236974,0.134666,1.75972,0
23,9,7,10.0,-5.41126e-07,-1.36037e-06,-2.64443e-06,0.236973,0.134666,1.75972,0
0,10,7,10.0,-1.77046e-07,-2.55047e-07,-6.2546e-08,0.238383,0.134726,1.7694,0
1,10,7,10.0,7.49741e-07,8.60148e-07,-4.50909e-08,0.237611,0.134681,1.76425,0
2,10,7,10.0,5.20153e-07,5.55546e-07,-1.52025e-07,0.237252,0.134665,1.76179,0
3,10,7,10.0,3.09871e-07,3.29318e-07,-3.59167e-07,0.237085,0.13466,1.76062,0
4,10,7,10.0,1.27227e-07,1.66185e-07,-6.51685e-07,0.237007,0.134658,1.76006,0
5,10,7,10.0,4.61617e-09,5.84586e-08,-1.01526e-06,0.23697,0.134658,1.75979,0
6,10,7,10.0,-8.23602e-08,-1.80774e-08,-1.4368e-06,0.236954,0.134658,1.75967,0
7,10,7,10.0,-1.57617e-07,-8.32024e-08,-1.91063e-06,0.236946,0.134658,1.75961,0
8,10,7,10.0,-2.12989e-07,-1.18413e-07,-2.43113e-06,0.236933,0.134656,1.75954,0
9,10,7,10.0,-2.43387e-07,-2.14511e-07,-3.00922e-06,0.238364,0.134721,1.76931,0
10,10,7,10.0,-4.45968e-07,-5.66989e-07,-3.59877e-06,0.237602,0.134679,1.76421,0
11,10,7,10.0,-4.25022e-07,-6.19884e-07,-4.14266e-06,0.237248,0.134664,1.76177,0
12,10,7,10.0,-4.24255e-07,-6.68382e-07,-4.63356e-06,0.237083,0.134659,1.76061,0
13,10,7,10.0,-4.33105e-07,-7.1013e-07,-5.41052e-06,0.238364,0.134721,1.76931,0
14,10,7,10.0,-4.88779e-07,-1.15572e-06,-5.70864e-06,0.237602,0.134679,1.76421,0
15,10,7,10.0,-4.76548e-07,-1.02184e-06,-5.85963e-06,0.237248,0.134664,1.76177,0
16,10,7,10.0,-4.6128e-07,-9.24796e-07,-5.89156e-06,0.237082,0.134659,1.76061,0
17,10,7,10.0,-4.63453e-07,-8.77185e-07,-5.82126e-06,0.237006,0.134658,1.76006,0
18,10,7,10.0,-4.7173e-07,-8.54502e-07,-5.65626e-06,0.23697,0.134658,1.75979,0
19,10,7,10.0,-4.76848e-07,-8.7313e-07,-5.39055e-06,0.236954,0.134658,1.75967,0
20,10,7,10.0,-5.00161e-07,-9.27989e-07,-5.0175e-06,0.236946,0.134658,1.75961,0
21,10,7,10.0,-5.39278e-07,-1.02141e-06,-4.52667e-06,0.236942,0.134658,1.75958,0
22,10,7,10.0,-5.83313e-07,-1.15864e-06,-3.89719e-06,0.236941,0.134659,1.75956,0
23,10,7,10.0,-6.41923e-07,-1.35629e-06,-3.09678e-06,0.23694,0.134659,1.75956,0
0,11,7,10.0,-2.11151e-07,-2.96897e-07,-1.90322e-06,0.238383,0.134726,1.7694,0
1,11,7,10.0,8.6514e-07,9.50774e-07,-1.84956e-06,0.237611,0.134681,1.76425,0
2,11,7,10.0,5.608e-07,6.1456e-07,-1.97574e-06,0.237252,0.134665,1.76179,0
3,11,7,10.0,3.11965e-07,3.49839e-07,-2.22983e-06,0.237084,0.134659,1.76062,0
4,11,7,10.0,1.34246e-07,1.61538e-07,-2.57629e-06,0.237006,0.134658,1.76006,0
5,11,7,10.0,-5.77091e-10,4.25665e-08,-2.97909e-06,0.23697,0.134658,1.75979,0
6,11,7,10.0,-1.01791e-07,-5.33872e-08,-3.42922e-06,0.236953,0.134658,1.75967,0
7,11,7,10.0,-1.66403e-07,-1.36896e-07,-3.92934e-06,0.236946,0.134658,1.75961,0
8,11,7,10.0,-2.4201e-07,-1.71353e-07,-4.47989e-06,0.236932,0.134656,1.75953,0
9,11,7,10.0,-2.6246e-07,-2.6821e-07,-5.08379e-06,0.238364,0.134721,1.76931,0
10,11,7,10.0,-4.99013e-07,-6.36527e-07,-5.70351e-06,0.237602,0.134679,1.76421,0
11,11,7,10.0,-5.11976e-07,-6.80018e-07,-6.25414e-06,0.237247,0.134664,1.76177,0
12,11,7,10.0,-5.11431e-07,-7.24321e-07,-6.72979e-06,0.237082,0.134659,1.76061,0
13,11,7,10.0,-5.27483e-07,-7.47036e-07,-7.41217e-06,0.238364,0.134721,1.76931,0
14,11,7,10.0,-6.05027e-07,-1.18375e-06,-7.63099e-06,0.237602,0.134679,1.76421,0
15,11,7,10.0,-5.74152e-07,-1.03562e-06,-7.68597e-06,0.237247,0.134664,1.76177,0
16,11,7,10.0,-5.59401e-07,-9.4028e-07,-7.60635e-06,0.237082,0.134659,1.76061,0
17,11,7,10.0,-5.51496e-07,-8.91955e-07,-7.41738e-06,0.237005,0.134658,1.76006,0
18,11,7,10.0,-5.49604e-07,-8.68251e-07,-7.11712e-06,0.23697,0.134658,1.75979,0
19,11,7,10.0,-5.64942e-07,-8.83709e-07,-6.70214e-06,0.236953,0.134658,1.75967,0
20,11,7,10.0,-5.91486e-07,-9.38342e-07,-6.17126e-06,0.236945,0.134658,1.75961,0
21,11,7,10.0,-6.27835e-07,-1.03349e-06,-5.51081e-06,0.236942,0.134658,1.75958,0
22,11,7,10.0,-6.83058e-07,-1.17243e-06,-4.69458e-06,0.23694,0.134658,1.75956,0
23,11,7,10.0,-7.49282e-07,-1.37514e-06,-3.68949e-06,0.236939,0.134659,1.75956,0
0,12,7,10.0,-2.27016e-07,-3.29628e-07,-3.99085e-06,0.238383,0.134726,1.7694,0
1,12,7,10.0,9.50908e-07,1.08211e-06,-3.89153e-06,0.237611,0.134681,1.76425,0
2,12,7,10.0,5.93018e-07,6.79208e-07,-4.05646e-06,0.237252,0.134665,1.76179,0
3,12,7,10.0,3.55139e-07,3.69493e-07,-4.37227e-06,0.237084,0.134659,1.76062,0
4,12,7,10.0,1.59015e-07,1.55855e-07,-4.77995e-06,0.237006,0.134658,1.76006,0
5,12,7,10.0,-1.33576e-08,1.58328e-08,-5.23493e-06,0.23697,0.134658,1.75979,0
6,12,7,10.0,-1.04194e-07,-1.05179e-07,-5.72784e-06,0.236953,0.134658,1.75967,0
7,12,7,10.0,-1.65571e-07,-2.05582e-07,-6.25956e-06,0.236946,0.134658,1.75961,0
8,12,7,10.0,-2.63674e-07,-2.44581e-07,-6.85415e-06,0.236932,0.134656,1.75953,0
9,12,7,10.0,-3.10644e-07,-3.14357e-07,-7.50877e-06,0.238364,0.134721,1.76931,0
10,12,7,10.0,-5.47072e-07,-7.39463e-07,-8.17334e-06,0.237602,0.134679,1.76421,0
11,12,7,10.0,-5.6741e-07,-7.77071e-07,-8.74833e-06,0.237247,0.134664,1.76177,0
12,12,7,10.0,-5.72863e-07,-7.99729e-07,-9.2114e-06,0.237082,0.134659,1.76061,0
13,12,7,10.0,-5.96416e-07,-8.08451e-07,-9.78165e-06,0.238364,0.134721,1.76931,0
14,12,7,10.0,-6.85649e-07,-1.2167e-06,-9.89784e-06,0.237602,0.134679,1.76421,0
15,12,7,10.0,-6.66733e-07,-1.08647e-06,-9.82971e-06,0.237247,0.134664,1.76177,0
16,12,7,10.0,-6.65625e-07,-9.93668e-07,-9.62757e-06,0.237072,0.134657,1.76057,0
17,12,7,10.0,-6.64371e-07,-9.29374e-07,-9.33118e-06,0.237001,0.134657,1.76004,0
18,12,7,10.0,-6.55331e-07,-9.02048e-07,-8.87783e-06,0.236968,0.134657,1.75978,0
19,12,7,10.0,-6.71688e-07,-9.1234e-07,-8.29299e-06,0.236952,0.134658,1.75966,0
20,12,7,10.0,-6.86685e-07,-9.6083e-07,-7.57762e-06,0.236945,0.134658,1.7596,0
21,12,7,10.0,-7.19174e-07,-1.05448e-06,-6.7136e-06,0.236942,0.134658,1.75958,0
22,12,7,10.0,-7.76166e-07,-1.19354e-06,-5.67643e-06,0.23694,0.134658,1.75956,0
23,12,7,10.0,-8.46318e-07,-1.40264e-06,-4.42638e-06,0.236939,0.134659,1.75956,0
0,13,7,10.0,-2.5219e-07,-3.66925e-07,-6.23253e-06,0.238383,0.134726,1.7694,0
1,13,7,10.0,9.73717e-07,1.22771e-06,-6.11522e-06,0.237611,0.134681,1.76425,0
2,13,7,10.0,6.75294e-07,7.34871e-07,-6.32166e-06,0.237252,0.134665,1.76179,0
3,13,7,10.0,3.97168e-07,4.03456e-07,-6.71014e-06,0.237084,0.134659,1.76062,0
4,13,7,10.0,1.5975e-07,1.63607e-07,-7.19868e-06,0.237007,0.134658,1.76006,0
5,13,7,10.0,-7.80323e-09,-6.61198e-09,-7.73574e-06,0.23697,0.134658,1.75979,0
6,13,7,10.0,-9.53274e-08,-1.49809e-07,-8.29639e-06,0.236974,0.134662,1.75977,0
7,13,7,10.0,-2.43872e-07,-2.50513e-07,-8.89398e-06,0.236975,0.134663,1.75976,0
8,13,7,10.0,-3.35354e-07,-3.2075e-07,-9.54904e-06,0.236926,0.134654,1.75952,0
9,13,7,10.0,-3.97127e-07,-3.88469e-07,-1.02621e-05,0.238364,0.134721,1.76931,0
10,13,7,10.0,-6.61091e-07,-8.30696e-07,-1.09939e-05,0.237602,0.134679,1.76421,0
11,13,7,10.0,-6.33917e-07,-8.42221e-07,-1.15687e-05,0.237247,0.134664,1.76177,0
12,13,7,10.0,-6.35962e-07,-8.48985e-07,-1.20024e-05,0.237082,0.134659,1.76061,0
13,13,7,10.0,-5.81584e-07,-5.69791e-07,-1.52171e-05,0.238373,0.134724,1.76935,0
14,13,7,10.0,-6.9408e-07,-7.53614e-07,-1.51337e-05,0.237621,0.134683,1.76429,0
15,13,7,10.0,-6.80711e-07,-6.83547e-07,-1.48083e-05,0.237272,0.134669,1.76189,0
16,13,7,10.0,-7.49769e-07,-9.99333e-07,-1.1855e-05,0.238366,0.134722,1.76931,0
17,13,7,10.0,-4.76076e-07,-5.77967e-07,-1.13802e-05,0.237596,0.134678,1.76418,0
18,13,7,10.0,-5.24696e-07,-6.13696e-07,-1.07604e-05,0.237241,0.134663,1.76174,0
19,13,7,10.0,-5.52332e-07,-6.71523e-07,-9.99979e-06,0.237078,0.134658,1.76059,0
20,13,7,10.0,-5.94989e-07,-7.64679e-07,-9.08989e-06,0.237003,0.134657,1.76004,0
21,13,7,10.0,-6.63584e-07,-8.93813e-07,-8.01239e-06,0.236968,0.134658,1.75978,0
22,13,7,10.0,-7.30913e-07,-1.05992e-06,-6.73672e-06,0.236953,0.134658,1.75966,0
23,13,7,10.0,-8.2737e-07,-1.31379e-06,-5.2237e-06,0.236965,0.134662,1.75971,0
0,14,7,10.0,-2.85116e-07,-5.03245e-07,-1.10721e-05,0.238383,0.134726,1.7694,0
1,14,7,10.0,1.09853e-06,1.53477e-06,-1.09097e-05,0.237611,0.134681,1.76425,0
2,14,7,10.0,7.1825e-07,9.44146e-07,-1.12048e-05,0.237252,0.134665,1.76179,0
3,14,7,10.0,4.22556e-07,5.12022e-07,-1.17662e-05,0.237084,0.134659,1.76062,0
4,14,7,10.0,2.02625e-07,2.10426e-07,-1.2482e-05,0.237006,0.134658,1.76006,0
5,14,7,10.0,2.05106e-08,-6.88578e-09,-1.32696e-05,0.23697,0.134658,1.75979,0
6,14,7,10.0,-1.54536e-07,-1.83039e-07,-1.40901e-05,0.236953,0.134658,1.75967,0
7,14,7,10.0,-2.65871e-07,-3.16716e-07,-1.49155e-05,0.236946,0.134658,1.75961,0
8,14,7,10.0,-3.66006e-07,-4.16215e-07,-1.57147e-05,0.236942,0.134658,1.75958,0
9,14,7,10.0,-3.75719e-07,-4.51091e-07,-1.64491e-05,0.23694,0.134658,1.75956,0
10,14,7,10.0,-4.40834e-07,-5.01376e-07,-1.70866e-05,0.236939,0.134659,1.75956,0
11,14,7,10.0,-4.89816e-07,-5.49748e-07,-1.75899e-05,0.236939,0.134659,1.75955,0
12,14,7,10.0,-5.09635e-07,-5.83011e-07,-1.79358e-05,0.236939,0.134659,1.75955,0
13,14,7,10.0,-5.68709e-07,-5.86737e-07,-1.81065e-05,0.238364,0.134721,1.76931,0
14,14,7,10.0,-6.6634e-07,-7.72739e-07,-1.79194e-05,0.237602,0.134679,1.76421,0
15,14,7,10.0,-6.48177e-07,-6.76605e-07,-1.74869e-05,0.237248,0.134664,1.76177,0
16,14,7,10.0,-6.44922e-07,-6.43278e-07,-1.68475e-05,0.237082,0.134659,1.76061,0
17,14,7,10.0,-6.27562e-07,-6.30003e-07,-1.6023e-05,0.237006,0.134658,1.76006,0
18,14,7,10.0,-6.27909e-07,-6.57551e-07,-1.50306e-05,0.23697,0.134658,1.75979,0
19,14,7,10.0,-6.60657e-07,-7.225e-07,-1.38688e-05,0.236953,0.134658,1.75967,0
20,14,7,10.0,-7.02405e-07,-8.19388e-07,-1.25273e-05,0.236945,0.134658,1.75961,0
21,14,7,10.0,-7.50483e-07,-9.61475e-07,-1.09814e-05,0.236942,0.134658,1.75958,0
22,14,7,10.0,-8.21664e-07,-1.16392e-06,-9.18729e-06,0.23694,0.134658,1.75956,0
23,14,7,10.0,-9.19075e-07,-1.44663e-06,-7.09297e-06,0.236939,0.134659,1.75956,0
0,15,7,10.0,-3.02919e-07,-5.67891e-07,-1.36227e-05,0.238383,0.134726,1.7694,0
1,15,7,10.0,1.0859e-06,1.70641e-06,-1.34235e-05,0.237611,0.134681,1.76425,0
2,15,7,10.0,6.91889e-07,1.03878e-06,-1.37821e-05,0.237252,0.134665,1.76179,0
3,15,7,10.0,4.18092e-07,5.72801e-07,-1.44484e-05,0.237084,0.134659,1.76062,0
4,15,7,10.0,1.96283e-07,2.28551e-07,-1.53048e-05,0.237006,0.134658,1.76006,0
5,15,7,10.0,1.78484e-09,-1.60091e-08,-1.62523e-05,0.23697,0.134658,1.75979,0
6,15,7,10.0,-1.67394e-07,-2.13406e-07,-1.72319e-05,0.236953,0.134658,1.75967,0
7,15,7,10.0,-2.81441e-07,-3.69692e-07,-1.81766e-05,0.236946,0.134658,1.75961,0
8,15,7,10.0,-3.45671e-07,-4.74589e-07,-1.9045e-05,0.236942,0.134658,1.75958,0
9,15,7,10.0,-3.97409e-07,-5.0331e-07,-1.97948e-05,0.23694,0.134658,1.75956,0
10,15,7,10.0,-4.44984e-07,-5.60918e-07,-2.04176e-05,0.236939,0.134659,1.75956,0
11,15,7,10.0,-4.39925e-07,-5.91241e-07,-2.08774e-05,0.236939,0.134659,1.75955,0
12,15,7,10.0,-4.71488e-07,-6.15686e-07,-2.11674e-05,0.236939,0.134659,1.75955,0
13,15,7,10.0,-5.27002e-07,-6.19608e-07,-2.11628e-05,0.238364,0.134721,1.76931,0
14,15,7,10.0,-6.34744e-07,-8.12478e-07,-2.08569e-05,0.237602,0.134679,1.76421,0
15,15,7,10.0,-6.45686e-07,-7.29768e-07,-2.02893e-05,0.237247,0.134664,1.76177,0
16,15,7,10.0,-6.27785e-07,-6.70345e-07,-1.94999e-05,0.237082,0.134659,1.76061,0
17,15,7,10.0,-6.33019e-07,-6.70275e-07,-1.85002e-05,0.237005,0.134658,1.76006,0
18,15,7,10.0,-6.43684e-07,-6.9892e-07,-1.73187e-05,0.23697,0.134658,1.75979,0
19,15,7,10.0,-6.75934e-07,-7.63755e-07,-1.59489e-05,0.236953,0.134658,1.75967,0
20,15,7,10.0,-7.22311e-07,-8.68194e-07,-1.43853e-05,0.236945,0.134658,1.75961,0
21,15,7,10.0,-7.61975e-07,-1.0129e-06,-1.25938e-05,0.236942,0.134658,1.75958,0
22,15,7,10.0,-8.31565e-07,-1.23115e-06,-1.05327e-05,0.23694,0.134658,1.75956,0
23,15,7,10.0,-9.22835e-07,-1.53579e-06,-8.13489e-06,0.236939,0.134659,1.75956,0
0,16,7,10.0,-3.07883e-07,-6.38672e-07,-1.62329e-05,0.238383,0.134726,1.7694,0
1,16,7,10.0,1.03572e-06,1.87898e-06,-1.59636e-05,0.237611,0.134681,1.76425,0
2,16,7,10.0,6.87567e-07,1.12694e-06,-1.6382e-05,0.237252,0.134665,1.76179,0
3,16,7,10.0,3.88497e-07,6.42775e-07,-1.7173e-05,0.237084,0.134659,1.76062,0
4,16,7,10.0,1.53763e-07,2.49143e-07,-1.81841e-05,0.237006,0.134658,1.76006,0
5,16,7,10.0,-4.67657e-08,-3.30419e-08,-1.93089e-05,0.23697,0.134658,1.75979,0
6,16,7,10.0,-1.51503e-07,-2.55577e-07,-2.04453e-05,0.236953,0.134658,1.75967,0
7,16,7,10.0,-2.75681e-07,-4.23358e-07,-2.152e-05,0.236946,0.134658,1.75961,0
8,16,7,10.0,-3.85764e-07,-5.13178e-07,-2.24732e-05,0.236942,0.134658,1.75958,0
9,16,7,10.0,-4.41369e-07,-5.8451e-07,-2.32679e-05,0.23694,0.134658,1.75956,0
10,16,7,10.0,-3.82194e-07,-5.63675e-07,-2.387e-05,0.236939,0.134659,1.75956,0
11,16,7,10.0,-4.37894e-07,-6.32207e-07,-2.42749e-05,0.236939,0.134659,1.75955,0
12,16,7,10.0,-4.64278e-07,-6.58248e-07,-2.4501e-05,0.236939,0.134659,1.75955,0
13,16,7,10.0,-5.26293e-07,-6.52934e-07,-2.42986e-05,0.238364,0.134721,1.76931,0
14,16,7,10.0,-6.25055e-07,-8.57552e-07,-2.38663e-05,0.237602,0.134679,1.76421,0
15,16,7,10.0,-6.32239e-07,-7.66881e-07,-2.31538e-05,0.237247,0.134664,1.76177,0
16,16,7,10.0,-6.1881e-07,-6.91608e-07,-2.21906e-05,0.237082,0.134659,1.76061,0
17,16,7,10.0,-6.35226e-07,-7.0229e-07,-2.10041e-05,0.237005,0.134658,1.76006,0
18,16,7,10.0,-6.93701e-07,-7.17453e-07,-1.96424e-05,0.23697,0.134658,1.75979,0
19,16,7,10.0,-7.41175e-07,-7.82141e-07,-1.80598e-05,0.236953,0.134658,1.75967,0
20,16,7,10.0,-7.61052e-07,-8.81734e-07,-1.62651e-05,0.236945,0.134658,1.75961,0
21,16,7,10.0,-8.08556e-07,-1.03575e-06,-1.42298e-05,0.236942,0.134658,1.75958,0
22,16,7,10.0,-8.59845e-07,-1.26229e-06,-1.19034e-05,0.23694,0.134658,1.75956,0
23,16,7,10.0,-9.28585e-07,-1.58191e-06,-9.20538e-06,0.236939,0.134659,1.75956,0
0,17,7,10.0,-2.95976e-07,-7.02544e-07,-1.87545e-05,0.238393,0.134728,1.76944,0
1,17,7,10.0,9.81757e-07,2.02964e-06,-1.84174e-05,0.237629,0.134685,1.76433,0
2,17,7,10.0,6.23707e-07,1.26573e-06,-1.89039e-05,0.237276,0.13467,1.76191,0
3,17,7,10.0,3.46411e-07,6.44057e-07,-1.98119e-05,0.237113,0.134666,1.76075,0
4,17,7,10.0,1.19867e-07,2.15427e-07,-2.09935e-05,0.237038,0.134665,1.76021,0
5,17,7,10.0,-3.03852e-08,-9.08411e-08,-2.22892e-05,0.237002,0.134665,1.75994,0
6,17,7,10.0,-1.72674e-07,-3.17131e-07,-2.35769e-05,0.236986,0.134665,1.75982,0
7,17,7,10.0,-2.85893e-07,-4.99358e-07,-2.47718e-05,0.236979,0.134665,1.75976,0
8,17,7,10.0,-3.79666e-07,-6.32213e-07,-2.58164e-05,0.236976,0.134665,1.75974,0
9,17,7,10.0,-3.28479e-07,-6.24998e-07,-2.66377e-05,0.236974,0.134666,1.75972,0
10,17,7,10.0,-3.73178e-07,-6.79242e-07,-2.72006e-05,0.236973,0.134666,1.75972,0
11,17,7,10.0,-4.29702e-07,-7.22331e-07,-2.75681e-05,0.236973,0.134666,1.75971,0
12,17,7,10.0,-3.98516e-07,-7.24466e-07,-2.77089e-05,0.236973,0.134666,1.75971,0
13,17,7,10.0,-4.78083e-07,-7.45579e-07,-2.7292e-05,0.238373,0.134724,1.76935,0
14,17,7,10.0,-5.73258e-07,-1.00003e-06,-2.67324e-05,0.237621,0.134683,1.76429,0
15,17,7,10.0,-5.62213e-07,-8.74005e-07,-2.58604e-05,0.237272,0.134669,1.76189,0
16,17,7,10.0,-5.57107e-07,-7.77921e-07,-2.47121e-05,0.237101,0.134663,1.7607,0
17,17,7,10.0,-6.12741e-07,-7.64244e-07,-2.33182e-05,0.238373,0.134724,1.76935,0
18,17,7,10.0,-4.79429e-07,-4.07544e-07,-2.17047e-05,0.237621,0.134683,1.76429,0
19,17,7,10.0,-5.41399e-07,-5.01793e-07,-1.99068e-05,0.237272,0.134669,1.76189,0
20,17,7,10.0,-6.02455e-07,-6.39239e-07,-1.79014e-05,0.237111,0.134665,1.76074,0
21,17,7,10.0,-6.44032e-07,-8.34835e-07,-1.5649e-05,0.237037,0.134665,1.7602,0
22,17,7,10.0,-6.85043e-07,-1.08217e-06,-1.30838e-05,0.237002,0.134665,1.75994,0
23,17,7,10.0,-7.5149e-07,-1.44627e-06,-1.01159e-05,0.236986,0.134665,1.75982,0
0,18,7,10.0,-2.44116e-07,-7.61223e-07,-2.11037e-05,0.238383,0.134726,1.7694,0
1,18,7,10.0,8.73444e-07,2.23711e-06,-2.0656e-05,0.237611,0.134681,1.76425,0
2,18,7,10.0,5.52174e-07,1.30399e-06,-2.1193e-05,0.237252,0.134665,1.76179,0
3,18,7,10.0,2.9214e-07,6.91903e-07,-2.22189e-05,0.237085,0.13466,1.76062,0
4,18,7,10.0,1.19207e-07,2.69018e-07,-2.3533e-05,0.237007,0.134658,1.76006,0
5,18,7,10.0,-2.35242e-08,-4.46723e-08,-2.49663e-05,0.23697,0.134658,1.75979,0
6,18,7,10.0,-1.36522e-07,-2.99314e-07,-2.6371e-05,0.236954,0.134658,1.75967,0
7,18,7,10.0,-2.27762e-07,-4.71436e-07,-2.76513e-05,0.236946,0.134658,1.75961,0
8,18,7,10.0,-2.55361e-07,-5.67891e-07,-2.87375e-05,0.236942,0.134659,1.75958,0
9,18,7,10.0,-2.54613e-07,-5.32465e-07,-2.95495e-05,0.23694,0.134659,1.75956,0
10,18,7,10.0,-3.37746e-07,-6.25916e-07,-3.00984e-05,0.23694,0.134659,1.75956,0
11,18,7,10.0,-2.72647e-07,-6.00225e-07,-3.04001e-05,0.236939,0.134659,1.75956,0
12,18,7,10.0,-3.16844e-07,-6.53165e-07,-3.04452e-05,0.236939,0.134659,1.75955,0
13,18,7,10.0,-3.68927e-07,-6.8285e-07,-2.98213e-05,0.238364,0.134721,1.76931,0
14,18,7,10.0,-4.60764e-07,-9.05577e-07,-2.91459e-05,0.237602,0.134679,1.76421,0
15,18,7,10.0,-4.87143e-07,-8.36648e-07,-2.81311e-05,0.237248,0.134664,1.76177,0
16,18,7,10.0,-4.82454e-07,-7.05929e-07,-2.68236e-05,0.237073,0.134657,1.76057,0
17,18,7,10.0,-5.38657e-07,-7.59505e-07,-2.52468e-05,0.238364,0.134721,1.76931,0
18,18,7,10.0,-4.30877e-07,-4.10907e-07,-2.3391e-05,0.237602,0.134679,1.76421,0
19,18,7,10.0,-4.87561e-07,-5.35489e-07,-2.14055e-05,0.237248,0.134664,1.76177,0
20,18,7,10.0,-5.34373e-07,-6.93022e-07,-1.92308e-05,0.237082,0.134659,1.76061,0
21,18,7,10.0,-5.53545e-07,-8.70231e-07,-1.67928e-05,0.237006,0.134658,1.76006,0
22,18,7,10.0,-5.88727e-07,-1.14742e-06,-1.40212e-05,0.23697,0.134658,1.75979,0
23,18,7,10.0,-6.31403e-07,-1.51326e-06,-1.08247e-05,0.236954,0.134658,1.75967,0
0,19,7,10.0,-1.95642e-07,-7.58029e-07,-2.30639e-05,0.238383,0.134726,1.7694,0
1,19,7,10.0,7.06577e-07,2.30354e-06,-2.25497e-05,0.237611,0.134681,1.76425,0
2,19,7,10.0,4.29458e-07,1.42685e-06,-2.31383e-05,0.237252,0.134665,1.76179,0
3,19,7,10.0,1.85807e-07,7.20893e-07,-2.42601e-05,0.237084,0.134659,1.76062,0
4,19,7,10.0,4.27244e-08,2.47522e-07,-2.56713e-05,0.237006,0.134658,1.76006,0
5,19,7,10.0,-5.88031e-08,-9.96329e-08,-2.71839e-05,0.23697,0.134658,1.75979,0
6,19,7,10.0,-1.27213e-07,-2.928e-07,-2.86375e-05,0.236953,0.134658,1.75967,0
7,19,7,10.0,-2.04683e-07,-4.97821e-07,-2.9941e-05,0.236946,0.134658,1.75961,0
8,19,7,10.0,-1.94844e-07,-5.46071e-07,-3.10169e-05,0.236942,0.134658,1.75958,0
9,19,7,10.0,-2.82886e-07,-6.29201e-07,-3.18086e-05,0.23694,0.134658,1.75956,0
10,19,7,10.0,-2.16445e-07,-6.09015e-07,-3.23158e-05,0.236939,0.134659,1.75956,0
11,19,7,10.0,-2.53311e-07,-6.28684e-07,-3.25371e-05,0.236939,0.134659,1.75955,0
12,19,7,10.0,-2.9382e-07,-6.50881e-07,-3.25184e-05,0.236939,0.134659,1.75955,0
13,19,7,10.0,-3.57779e-07,-6.77346e-07,-3.17332e-05,0.238364,0.134721,1.76931,0
14,19,7,10.0,-4.17106e-07,-9.1666e-07,-3.0966e-05,0.237602,0.134679,1.76421,0
15,19,7,10.0,-4.35217e-07,-8.35802e-07,-2.98591e-05,0.237247,0.134664,1.76177,0
16,19,7,10.0,-4.33852e-07,-7.2026e-07,-2.84405e-05,0.237072,0.134657,1.76057,0
17,19,7,10.0,-4.55536e-07,-7.63889e-07,-2.67344e-05,0.238364,0.134721,1.76931,0
18,19,7,10.0,-4.24325e-07,-4.38235e-07,-2.47203e-05,0.237602,0.134679,1.76421,0
19,19,7,10.0,-4.62155e-07,-5.52006e-07,-2.26015e-05,0.237247,0.134664,1.76177,0
20,19,7,10.0,-4.69348e-07,-7.07252e-07,-2.02844e-05,0.237082,0.134659,1.76061,0
21,19,7,10.0,-4.88028e-07,-9.06907e-07,-1.76921e-05,0.237005,0.134658,1.76006,0
22,19,7,10.0,-5.08598e-07,-1.1758e-06,-1.47524e-05,0.23697,0.134658,1.75979,0
23,19,7,10.0,-5.25562e-07,-1.55677e-06,-1.13717e-05,0.236953,0.134658,1.75967,0
0,20,7,10.0,-1.28403e-07,-8.25843e-07,-2.4581e-05,0.238383,0.134726,1.7694,0
1,20,7,10.0,5.12033e-07,2.42522e-06,-2.39776e-05,0.237611,0.134681,1.76425,0
2,20,7,10.0,2.83641e-07,1.40965e-06,-2.45949e-05,0.237252,0.134665,1.76179,0
3,20,7,10.0,2.00332e-07,7.7536e-07,-2.57749e-05,0.237084,0.134659,1.76062,0
4,20,7,10.0,4.56829e-08,2.33939e-07,-2.72168e-05,0.237006,0.134658,1.76006,0
5,20,7,10.0,2.74269e-08,-3.97664e-08,-2.87292e-05,0.23697,0.134658,1.75979,0
6,20,7,10.0,-7.1429e-08,-3.76157e-07,-3.01597e-05,0.236953,0.134658,1.75967,0
7,20,7,10.0,-6.92849e-08,-4.68462e-07,-3.14314e-05,0.236946,0.134658,1.75961,0
8,20,7,10.0,-1.0682e-07,-6.02897e-07,-3.24528e-05,0.236942,0.134658,1.75958,0
9,20,7,10.0,-1.00874e-07,-6.19033e-07,-3.31956e-05,0.23694,0.134658,1.75956,0
10,20,7,10.0,-1.06772e-07,-5.78845e-07,-3.36372e-05,0.236939,0.134659,1.75956,0
11,20,7,10.0,-1.45387e-07,-6.39833e-07,-3.38192e-05,0.236939,0.134659,1.75955,0
12,20,7,10.0,-1.74651e-07,-5.99873e-07,-3.37664e-05,0.236939,0.134659,1.75955,0
13,20,7,10.0,-2.66267e-07,-6.80461e-07,-3.29315e-05,0.238364,0.134721,1.76931,0
14,20,7,10.0,-3.3617e-07,-9.22535e-07,-3.21335e-05,0.237602,0.134679,1.76421,0
15,20,7,10.0,-3.40365e-07,-8.21091e-07,-3.09868e-05,0.237247,0.134664,1.76177,0
16,20,7,10.0,-3.45203e-07,-7.39191e-07,-2.95187e-05,0.237072,0.134657,1.76057,0
17,20,7,10.0,-3.72427e-07,-7.76876e-07,-2.77513e-05,0.238364,0.134721,1.76931,0
18,20,7,10.0,-4.05289e-07,-4.34914e-07,-2.56634e-05,0.237602,0.134679,1.76421,0
19,20,7,10.0,-3.8625e-07,-5.7173e-07,-2.34513e-05,0.237247,0.134664,1.76177,0
20,20,7,10.0,-3.82932e-07,-7.23598e-07,-2.1024e-05,0.237082,0.134659,1.76061,0
21,20,7,10.0,-3.82052e-07,-9.29814e-07,-1.83124e-05,0.237005,0.134658,1.76006,0
22,20,7,10.0,-3.8599e-07,-1.20204e-06,-1.5249e-05,0.23697,0.134658,1.75979,0
23,20,7,10.0,-3.95207e-07,-1.57461e-06,-1.17396e-05,0.236953,0.134658,1.75967,0
0,21,7,10.0,-5.24028e-09,-8.11139e-07,-2.54469e-05,0.238383,0.134726,1.7694,0
1,21,7,10.0,3.02484e-07,2.41795e-06,-2.48193e-05,0.237611,0.134681,1.76425,0
2,21,7,10.0,3.17272e-07,1.51505e-06,-2.54354e-05,0.237252,0.134665,1.76179,0
3,21,7,10.0,1.82103e-07,7.58571e-07,-2.65733e-05,0.237084,0.134659,1.76062,0
4,21,7,10.0,1.47294e-07,2.62317e-07,-2.7971e-05,0.237006,0.134658,1.76006,0
5,21,7,10.0,9.4855e-08,-1.18785e-07,-2.93986e-05,0.23697,0.134658,1.75979,0
6,21,7,10.0,1.06264e-07,-3.0891e-07,-3.07406e-05,0.236953,0.134658,1.75967,0
7,21,7,10.0,9.41248e-08,-4.85879e-07,-3.19124e-05,0.236946,0.134658,1.75961,0
8,21,7,10.0,7.20048e-08,-5.69381e-07,-3.28589e-05,0.236942,0.134658,1.75958,0
9,21,7,10.0,8.89208e-08,-5.57652e-07,-3.35327e-05,0.23694,0.134658,1.75956,0
10,21,7,10.0,3.96566e-08,-5.7773e-07,-3.39428e-05,0.236939,0.134659,1.75956,0
11,21,7,10.0,1.83886e-08,-5.3982e-07,-3.41239e-05,0.236939,0.134659,1.75955,0
12,21,7,10.0,-3.13601e-08,-5.65064e-07,-3.40827e-05,0.236939,0.134659,1.75955,0
13,21,7,10.0,-1.26128e-07,-6.32567e-07,-3.33265e-05,0.238364,0.134721,1.76931,0
14,21,7,10.0,-1.98339e-07,-8.72007e-07,-3.25653e-05,0.237602,0.134679,1.76421,0
15,21,7,10.0,-2.18229e-07,-8.22157e-07,-3.14364e-05,0.237247,0.134664,1.76177,0
16,21,7,10.0,-2.13051e-07,-7.02837e-07,-2.99786e-05,0.237072,0.134657,1.76057,0
17,21,7,10.0,-2.2238e-07,-7.7326e-07,-2.82186e-05,0.238364,0.134721,1.76931,0
18,21,7,10.0,-3.29646e-07,-4.51174e-07,-2.61377e-05,0.237602,0.134679,1.76421,0
19,21,7,10.0,-2.78499e-07,-5.68976e-07,-2.38736e-05,0.237247,0.134664,1.76177,0
20,21,7,10.0,-2.54873e-07,-7.26057e-07,-2.13727e-05,0.237082,0.134659,1.76061,0
21,21,7,10.0,-2.50347e-07,-9.21368e-07,-1.85839e-05,0.237005,0.134658,1.76006,0
22,21,7,10.0,-2.48289e-07,-1.19338e-06,-1.54455e-05,0.23697,0.134658,1.75979,0
23,21,7,10.0,-2.50053e-07,-1.56967e-06,-1.1869e-05,0.236953,0.134658,1.75967,0
0,22,7,10.0,8.01225e-08,-7.8347e-07,-2.56208e-05,0.238383,0.134726,1.7694,0
1,22,7,10.0,2.0239e-07,2.43273e-06,-2.50966e-05,0.237611,0.134681,1.76425,0
2,22,7,10.0,2.1888e-07,1.47746e-06,-2.56512e-05,0.237252,0.134665,1.76179,0
3,22,7,10.0,2.2864e-07,7.81945e-07,-2.66971e-05,0.237084,0.134659,1.76062,0
4,22,7,10.0,2.35543e-07,2.85617e-07,-2.79556e-05,0.237006,0.134658,1.76006,0
5,22,7,10.0,2.3716e-07,-5.19735e-08,-2.92471e-05,0.23697,0.134658,1.75979,0
6,22,7,10.0,2.14016e-07,-2.77722e-07,-3.04593e-05,0.236953,0.134658,1.75967,0
7,22,7,10.0,2.13417e-07,-4.17026e-07,-3.15246e-05,0.236946,0.134658,1.75961,0
8,22,7,10.0,2.326e-07,-4.84507e-07,-3.2389e-05,0.236942,0.134658,1.75958,0
9,22,7,10.0,2.17945e-07,-4.86491e-07,-3.30198e-05,0.23694,0.134658,1.75956,0
10,22,7,10.0,1.6201e-07,-4.44842e-07,-3.34395e-05,0.236939,0.134659,1.75956,0
11,22,7,10.0,1.07278e-07,-4.84615e-07,-3.36564e-05,0.236939,0.134659,1.75955,0
12,22,7,10.0,7.67898e-08,-5.05431e-07,-3.36817e-05,0.236939,0.134659,1.75955,0
13,22,7,10.0,-7.4992e-09,-5.78066e-07,-3.30671e-05,0.238364,0.134721,1.76931,0
14,22,7,10.0,-4.4997e-08,-8.26197e-07,-3.23687e-05,0.237602,0.134679,1.76421,0
15,22,7,10.0,-6.78802e-08,-7.65611e-07,-3.12951e-05,0.237247,0.134664,1.76177,0
16,22,7,10.0,-7.24538e-08,-6.74645e-07,-2.98798e-05,0.237072,0.134657,1.76057,0
17,22,7,10.0,-6.53097e-08,-7.26158e-07,-2.81621e-05,0.238364,0.134721,1.76931,0
18,22,7,10.0,-1.92984e-07,-4.28436e-07,-2.61332e-05,0.237602,0.134679,1.76421,0
19,22,7,10.0,-1.5551e-07,-5.47419e-07,-2.38621e-05,0.237247,0.134664,1.76177,0
20,22,7,10.0,-1.37001e-07,-6.97807e-07,-2.13313e-05,0.237082,0.134659,1.76061,0
21,22,7,10.0,-1.33927e-07,-8.99669e-07,-1.851e-05,0.237005,0.134658,1.76006,0
22,22,7,10.0,-1.32938e-07,-1.16717e-06,-1.53447e-05,0.23697,0.134658,1.75979,0
23,22,7,10.0,-1.17787e-07,-1.53275e-06,-1.17544e-05,0.236953,0.134658,1.75967,0
0,23,7,10.0,1.27066e-07,-7.40958e-07,-2.53489e-05,0.238383,0.134726,1.7694,0
1,23,7,10.0,1.23555e-07,2.41526e-06,-2.49774e-05,0.237611,0.134681,1.76425,0
2,23,7,10.0,2.1961e-07,1.4995e-06,-2.54726e-05,0.237252,0.134665,1.76179,0
3,23,7,10.0,2.73192e-07,8.25942e-07,-2.63846e-05,0.237084,0.134659,1.76062,0
4,23,7,10.0,2.95273e-07,3.47607e-07,-2.7494e-05,0.237006,0.134658,1.76006,0
5,23,7,10.0,2.88462e-07,1.98758e-08,-2.86494e-05,0.23697,0.134658,1.75979,0
6,23,7,10.0,2.91016e-07,-1.94128e-07,-2.97476e-05,0.236953,0.134658,1.75967,0
7,23,7,10.0,3.02128e-07,-3.24259e-07,-3.07204e-05,0.236946,0.134658,1.75961,0
8,23,7,10.0,3.13221e-07,-3.78493e-07,-3.15255e-05,0.236942,0.134658,1.75958,0
9,23,7,10.0,2.67968e-07,-3.54187e-07,-3.21525e-05,0.23694,0.134658,1.75956,0
10,23,7,10.0,2.38327e-07,-4.07991e-07,-3.26087e-05,0.236939,0.134659,1.75956,0
11,23,7,10.0,1.86632e-07,-3.85792e-07,-3.28981e-05,0.236939,0.134659,1.75955,0
12,23,7,10.0,1.51687e-07,-4.20802e-07,-3.29947e-05,0.236939,0.134659,1.75955,0
13,23,7,10.0,9.90478e-08,-5.17149e-07,-3.25125e-05,0.238364,0.134721,1.76931,0
14,23,7,10.0,7.83907e-08,-7.57536e-07,-3.18624e-05,0.237602,0.134679,1.76421,0
15,23,7,10.0,6.02734e-08,-7.04903e-07,-3.08402e-05,0.237247,0.134664,1.76177,0
16,23,7,10.0,4.25392e-08,-6.31695e-07,-2.94761e-05,0.237072,0.134657,1.76057,0
17,23,7,10.0,4.66948e-08,-6.75827e-07,-2.78039e-05,0.238364,0.134721,1.76931,0
18,23,7,10.0,-6.08645e-08,-3.97983e-07,-2.58347e-05,0.237602,0.134679,1.76421,0
19,23,7,10.0,-3.55055e-08,-5.12277e-07,-2.35824e-05,0.237247,0.134664,1.76177,0
20,23,7,10.0,-3.01684e-08,-6.64449e-07,-2.10546e-05,0.237082,0.134659,1.76061,0
21,23,7,10.0,-3.15819e-08,-8.6236e-07,-1.82311e-05,0.237005,0.134658,1.76006,0
22,23,7,10.0,-2.8452e-08,-1.12888e-06,-1.50683e-05,0.23697,0.134658,1.75979,0
23,23,7,10.0,-1.51996e-08,-1.48545e-06,-1.14946e-05,0.236953,0.134658,1.75967,0
0,0,8,10.0,-1.17698e-08,-1.17609e-07,6.26992e-06,0.238369,0.134705,1.76956,0
1,0,8,10.0,-8.64063e-09,2.11837e-07,6.3225e-06,0.237585,0.13465,1.76446,0
2,0,8,10.0,-2.39487e-08,7.83295e-08,6.19014e-06,0.237217,0.134629,1.76201,0
3,0,8,10.0,-3.92277e-08,-2.06126e-08,5.92335e-06,0.237044,0.134621,1.76083,0
4,0,8,10.0,-5.26912e-08,-9.52672e-08,5.52362e-06,0.236963,0.134618,1.76026,0
5,0,8,10.0,-6.41125e-08,-1.64318e-07,4.98299e-06,0.236925,0.134618,1.75998,0
6,0,8,10.0,-7.46834e-08,-2.3198e-07,4.29116e-06,0.236908,0.134618,1.75985,0
7,0,8,10.0,-8.26236e-08,-2.98515e-07,3.44714e-06,0.236899,0.134618,1.75979,0
8,0,8,10.0,-8.92345e-08,-3.79629e-07,2.45432e-06,0.236895,0.134618,1.75976,0
9,0,8,10.0,-1.0289e-07,-4.51848e-07,1.31258e-06,0.236893,0.134618,1.75974,0
10,0,8,10.0,-1.08571e-07,-5.58303e-07,2.08627e-08,0.236893,0.134618,1.75974,0
11,0,8,10.0,-1.04007e-07,-6.81413e-07,-1.40496e-06,0.236892,0.134618,1.75974,0
12,0,8,10.0,-1.31399e-07,-7.55044e-07,-2.92446e-06,0.236892,0.134618,1.75973,0
13,0,8,10.0,-1.18323e-07,-9.98455e-07,-5.94273e-06,0.23835,0.1347,1.76949,0
14,0,8,10.0,-9.82816e-08,-1.20691e-06,-7.318e-06,0.237576,0.134648,1.76443,0
15,0,8,10.0,-1.19043e-07,-1.18048e-06,-8.37148e-06,0.237213,0.134628,1.76199,0
16,0,8,10.0,-1.27961e-07,-1.18656e-06,-9.15601e-06,0.237042,0.13462,1.76082,0
17,0,8,10.0,-1.11344e-07,-1.18421e-06,-9.70443e-06,0.236962,0.134618,1.76025,0
18,0,8,10.0,-9.90644e-08,-1.1772e-06,-1.00272e-05,0.236925,0.134618,1.75998,0
19,0,8,10.0,-1.05766e-07,-1.15426e-06,-1.01265e-05,0.236907,0.134618,1.75985,0
20,0,8,10.0,-1.02154e-07,-1.1772e-06,-9.98103e-06,0.236899,0.134618,1.75979,0
21,0,8,10.0,-7.74956e-08,-1.22161e-06,-9.52792e-06,0.236895,0.134618,1.75976,0
22,0,8,10.0,-5.86925e-08,-1.28903e-06,-8.66763e-06,0.236893,0.134618,1.75975,0
23,0,8,10.0,-4.51043e-08,-1.39077e-06,-7.26939e-06,0.236893,0.134618,1.75974,0
0,1,8,10.0,-2.49156e-08,-8.35059e-08,6.22823e-06,0.238378,0.134708,1.76959,0
1,1,8,10.0,3.74718e-08,4.6543e-07,6.25648e-06,0.237603,0.134655,1.76453,0
2,1,8,10.0,-2.80419e-09,3.59542e-07,6.12955e-06,0.237241,0.134635,1.7621,0
3,1,8,10.0,-4.42652e-08,2.92989e-07,5.87568e-06,0.237072,0.134628,1.76094,0
4,1,8,10.0,-8.3869e-08,2.52201e-07,5.49729e-06,0.236994,0.134626,1.76038,0
5,1,8,10.0,-1.20375e-07,2.25386e-07,4.98816e-06,0.236957,0.134626,1.76011,0
6,1,8,10.0,-1.52417e-07,2.04489e-07,4.34079e-06,0.23694,0.134626,1.75998,0
7,1,8,10.0,-1.83776e-07,1.88203e-07,3.55305e-06,0.236932,0.134626,1.75992,0
8,1,8,10.0,-2.17041e-07,1.65668e-07,2.62558e-06,0.236928,0.134626,1.75989,0
9,1,8,10.0,-2.48881e-07,1.3513e-07,1.55723e-06,0.236926,0.134626,1.75988,0
10,1,8,10.0,-2.93724e-07,1.04855e-07,3.48389e-07,0.236926,0.134627,1.75987,0
11,1,8,10.0,-3.11488e-07,3.57666e-08,-9.79493e-07,0.236925,0.134627,1.75987,0
12,1,8,10.0,-3.38797e-07,-3.8077e-08,-2.39687e-06,0.236925,0.134627,1.75987,0
13,1,8,10.0,-3.39725e-07,-1.63063e-07,-5.21363e-06,0.238359,0.134703,1.76952,0
14,1,8,10.0,-3.00055e-07,-4.0246e-07,-6.50745e-06,0.237594,0.134653,1.7645,0
15,1,8,10.0,-3.37888e-07,-3.9535e-07,-7.52897e-06,0.237237,0.134634,1.76209,0
16,1,8,10.0,-3.52984e-07,-3.75153e-07,-8.30249e-06,0.23707,0.134628,1.76093,0
17,1,8,10.0,-3.42009e-07,-3.89174e-07,-8.84407e-06,0.236993,0.134626,1.76038,0
18,1,8,10.0,-3.30594e-07,-4.18727e-07,-9.17291e-06,0.236957,0.134626,1.76011,0
19,1,8,10.0,-3.18598e-07,-4.70916e-07,-9.29318e-06,0.23694,0.134626,1.75998,0
20,1,8,10.0,-2.90119e-07,-5.48026e-07,-9.17562e-06,0.236932,0.134626,1.75992,0
21,1,8,10.0,-2.40424e-07,-6.80026e-07,-8.76298e-06,0.236928,0.134626,1.75989,0
22,1,8,10.0,-1.88257e-07,-8.65532e-07,-7.96564e-06,0.236926,0.134626,1.75988,0
23,1,8,10.0,-1.22643e-07,-1.10602e-06,-6.66613e-06,0.236926,0.134627,1.75987,0
0,2,8,10.0,-3.87612e-08,-8.96996e-08,6.0175e-06,0.238378,0.134708,1.76959,0
1,2,8,10.0,1.10633e-07,4.60157e-07,6.04007e-06,0.237603,0.134655,1.76453,0
2,2,8,10.0,4.69189e-08,3.4818e-07,5.9168e-06,0.237241,0.134635,1.7621,0
3,2,8,10.0,-1.20545e-08,2.76659e-07,5.67307e-06,0.237073,0.134628,1.76094,0
4,2,8,10.0,-6.57305e-08,2.32149e-07,5.31388e-06,0.236994,0.134626,1.76038,0
5,2,8,10.0,-1.11902e-07,2.01354e-07,4.83644e-06,0.236957,0.134626,1.76011,0
6,2,8,10.0,-1.50232e-07,1.78507e-07,4.23555e-06,0.23694,0.134626,1.75999,0
7,2,8,10.0,-1.85361e-07,1.60462e-07,3.50811e-06,0.236932,0.134626,1.75992,0
8,2,8,10.0,-2.15061e-07,1.33527e-07,2.65248e-06,0.236929,0.134627,1.75989,0
9,2,8,10.0,-2.57225e-07,1.24664e-07,1.66805e-06,0.236927,0.134627,1.75988,0
10,2,8,10.0,-2.75714e-07,4.03963e-08,5.55289e-07,0.236926,0.134627,1.75987,0
11,2,8,10.0,-3.1727e-07,1.09477e-09,-6.73597e-07,0.236926,0.134627,1.75987,0
12,2,8,10.0,-2.89321e-07,-6.7706e-08,-1.96543e-06,0.236925,0.134627,1.75987,0
13,2,8,10.0,-2.67653e-07,-1.94029e-07,-4.52722e-06,0.238359,0.134703,1.76952,0
14,2,8,10.0,-1.91613e-07,-4.22816e-07,-5.71226e-06,0.237594,0.134653,1.7645,0
15,2,8,10.0,-2.29118e-07,-4.10665e-07,-6.67371e-06,0.237237,0.134634,1.76209,0
16,2,8,10.0,-2.4244e-07,-4.07038e-07,-7.41151e-06,0.237071,0.134628,1.76093,0
17,2,8,10.0,-2.49286e-07,-4.17609e-07,-7.93447e-06,0.236993,0.134626,1.76038,0
18,2,8,10.0,-2.52227e-07,-4.43491e-07,-8.25877e-06,0.236957,0.134626,1.76011,0
19,2,8,10.0,-2.32871e-07,-4.86833e-07,-8.38365e-06,0.23694,0.134626,1.75998,0
20,2,8,10.0,-2.00018e-07,-5.70558e-07,-8.28481e-06,0.236932,0.134626,1.75992,0
21,2,8,10.0,-1.43799e-07,-6.96411e-07,-7.90935e-06,0.236928,0.134627,1.75989,0
22,2,8,10.0,-8.78845e-08,-8.68598e-07,-7.18111e-06,0.236927,0.134627,1.75988,0
23,2,8,10.0,-1.3121e-08,-1.09886e-06,-5.99528e-06,0.236926,0.134627,1.75987,0
0,3,8,10.0,-5.73914e-08,-1.0048e-07,5.62262e-06,0.238378,0.134708,1.76959,0
1,3,8,10.0,1.89069e-07,4.57735e-07,5.65213e-06,0.237603,0.134655,1.76453,0
2,3,8,10.0,1.02796e-07,3.38833e-07,5.53312e-06,0.237241,0.134635,1.7621,0
3,3,8,10.0,2.65573e-08,2.6086e-07,5.29854e-06,0.237073,0.134628,1.76094,0
4,3,8,10.0,-4.11302e-08,2.09688e-07,4.9572e-06,0.236994,0.134626,1.76038,0
5,3,8,10.0,-9.91636e-08,1.75357e-07,4.51039e-06,0.236957,0.134626,1.76011,0
6,3,8,10.0,-1.4736e-07,1.49033e-07,3.95558e-06,0.23694,0.134626,1.75999,0
7,3,8,10.0,-1.89545e-07,1.2808e-07,3.28964e-06,0.236932,0.134626,1.75992,0
8,3,8,10.0,-2.29052e-07,1.11291e-07,2.51123e-06,0.236929,0.134627,1.75989,0
9,3,8,10.0,-2.78864e-07,6.8229e-08,1.61567e-06,0.236927,0.134627,1.75988,0
10,3,8,10.0,-3.1132e-07,2.65893e-08,6.01162e-07,0.236926,0.134627,1.75987,0
11,3,8,10.0,-3.26341e-07,-3.39493e-08,-5.11896e-07,0.236926,0.134627,1.75987,0
12,3,8,10.0,-2.91717e-07,-1.30627e-07,-1.6644e-06,0.236925,0.134627,1.75987,0
13,3,8,10.0,-2.70599e-07,-2.34103e-07,-3.94937e-06,0.238359,0.134703,1.76952,0
14,3,8,10.0,-2.03238e-07,-4.64527e-07,-5.00666e-06,0.237594,0.134653,1.7645,0
15,3,8,10.0,-2.28183e-07,-4.54156e-07,-5.8835e-06,0.237237,0.134634,1.76209,0
16,3,8,10.0,-2.42314e-07,-4.34401e-07,-6.56464e-06,0.237071,0.134628,1.76093,0
17,3,8,10.0,-2.62003e-07,-4.47008e-07,-7.05526e-06,0.236993,0.134626,1.76038,0
18,3,8,10.0,-2.6075e-07,-4.74257e-07,-7.36048e-06,0.236957,0.134626,1.76011,0
19,3,8,10.0,-2.36708e-07,-5.25238e-07,-7.47602e-06,0.23694,0.134626,1.75998,0
20,3,8,10.0,-1.99127e-07,-5.91026e-07,-7.38269e-06,0.236932,0.134626,1.75992,0
21,3,8,10.0,-1.52398e-07,-7.11158e-07,-7.03638e-06,0.236928,0.134627,1.75989,0
22,3,8,10.0,-9.06369e-08,-8.77013e-07,-6.37252e-06,0.236927,0.134627,1.75988,0
23,3,8,10.0,-9.65266e-09,-1.09098e-06,-5.30102e-06,0.236926,0.134627,1.75987,0
0,4,8,10.0,-7.31176e-08,-1.07723e-07,5.0496e-06,0.238378,0.134708,1.76959,0
1,4,8,10.0,2.66593e-07,4.61853e-07,5.09385e-06,0.237603,0.134655,1.76453,0
2,4,8,10.0,1.58232e-07,3.31428e-07,4.97835e-06,0.237241,0.134635,1.7621,0
3,4,8,10.0,6.4876e-08,2.44271e-07,4.74974e-06,0.237073,0.134628,1.76094,0
4,4,8,10.0,-1.64748e-08,1.86904e-07,4.42133e-06,0.236994,0.134626,1.76038,0
5,4,8,10.0,-8.60209e-08,1.46685e-07,3.99843e-06,0.236957,0.134626,1.76011,0
6,4,8,10.0,-1.44011e-07,1.176e-07,3.4814e-06,0.23694,0.134626,1.75999,0
7,4,8,10.0,-1.9404e-07,9.47736e-08,2.86881e-06,0.236932,0.134626,1.75992,0
8,4,8,10.0,-2.47082e-07,6.8866e-08,2.15801e-06,0.236929,0.134627,1.75989,0
9,4,8,10.0,-2.9505e-07,3.70369e-08,1.3435e-06,0.236927,0.134627,1.75988,0
10,4,8,10.0,-3.29343e-07,-1.83638e-08,4.27502e-07,0.236926,0.134627,1.75987,0
11,4,8,10.0,-3.29124e-07,-1.0254e-07,-5.68746e-07,0.236926,0.134627,1.75987,0
12,4,8,10.0,-3.32689e-07,-1.46058e-07,-1.60013e-06,0.236925,0.134627,1.75987,0
13,4,8,10.0,-2.98863e-07,-2.77786e-07,-3.61983e-06,0.238359,0.134703,1.76952,0
14,4,8,10.0,-2.40226e-07,-4.79136e-07,-4.55101e-06,0.237594,0.134653,1.7645,0
15,4,8,10.0,-2.48325e-07,-4.48715e-07,-5.32473e-06,0.237237,0.134634,1.76209,0
16,4,8,10.0,-2.6528e-07,-4.56579e-07,-5.93358e-06,0.237071,0.134628,1.76093,0
17,4,8,10.0,-2.78708e-07,-4.7072e-07,-6.37532e-06,0.236993,0.134626,1.76038,0
18,4,8,10.0,-2.72469e-07,-4.94954e-07,-6.64167e-06,0.236957,0.134626,1.76011,0
19,4,8,10.0,-2.54927e-07,-5.23835e-07,-6.72991e-06,0.23694,0.134626,1.75998,0
20,4,8,10.0,-2.26239e-07,-6.07897e-07,-6.62617e-06,0.236932,0.134626,1.75992,0
21,4,8,10.0,-1.7906e-07,-7.2312e-07,-6.29401e-06,0.236928,0.134627,1.75989,0
22,4,8,10.0,-1.19761e-07,-8.69163e-07,-5.67542e-06,0.236927,0.134627,1.75988,0
23,4,8,10.0,-4.84442e-08,-1.06687e-06,-4.69725e-06,0.236926,0.134627,1.75987,0
0,5,8,10.0,-8.78592e-08,-1.20022e-07,4.31704e-06,0.238378,0.134708,1.76959,0
1,5,8,10.0,3.43001e-07,4.69956e-07,4.37698e-06,0.237603,0.134655,1.76453,0
2,5,8,10.0,2.15658e-07,3.2915e-07,4.26201e-06,0.237241,0.134635,1.7621,0
3,5,8,10.0,1.0556e-07,2.33068e-07,4.03411e-06,0.237073,0.134628,1.76094,0
4,5,8,10.0,1.07025e-08,1.66754e-07,3.71085e-06,0.236994,0.134626,1.76038,0
5,5,8,10.0,-6.9789e-08,1.21829e-07,3.30117e-06,0.236957,0.134626,1.76011,0
6,5,8,10.0,-1.36944e-07,8.96606e-08,2.80835e-06,0.23694,0.134626,1.75999,0
7,5,8,10.0,-1.96772e-07,6.45934e-08,2.23278e-06,0.236932,0.134626,1.75992,0
8,5,8,10.0,-2.58595e-07,3.54824e-08,1.57182e-06,0.236929,0.134627,1.75989,0
9,5,8,10.0,-3.09246e-07,-5.74276e-09,8.25247e-07,0.236927,0.134627,1.75988,0
10,5,8,10.0,-3.5268e-07,-6.16386e-08,-3.47007e-09,0.236926,0.134627,1.75987,0
11,5,8,10.0,-3.40925e-07,-1.28932e-07,-8.92614e-07,0.236926,0.134627,1.75987,0
12,5,8,10.0,-3.41725e-07,-1.88229e-07,-1.81241e-06,0.236925,0.134627,1.75987,0
13,5,8,10.0,-3.03666e-07,-2.97789e-07,-3.58854e-06,0.238359,0.134703,1.76952,0
14,5,8,10.0,-2.59618e-07,-4.87801e-07,-4.3964e-06,0.237594,0.134653,1.7645,0
15,5,8,10.0,-2.70676e-07,-4.83399e-07,-5.06278e-06,0.237237,0.134634,1.76209,0
16,5,8,10.0,-2.73607e-07,-4.66517e-07,-5.58589e-06,0.237071,0.134628,1.76093,0
17,5,8,10.0,-2.7041e-07,-4.74684e-07,-5.95531e-06,0.236993,0.134626,1.76038,0
18,5,8,10.0,-2.7213e-07,-4.91938e-07,-6.16364e-06,0.236957,0.134626,1.76011,0
19,5,8,10.0,-2.67895e-07,-5.42681e-07,-6.20836e-06,0.23694,0.134626,1.75998,0
20,5,8,10.0,-2.41564e-07,-6.10452e-07,-6.07746e-06,0.236932,0.134626,1.75992,0
21,5,8,10.0,-1.97348e-07,-7.12133e-07,-5.73591e-06,0.236928,0.134627,1.75989,0
22,5,8,10.0,-1.5479e-07,-8.53124e-07,-5.13682e-06,0.236927,0.134627,1.75988,0
23,5,8,10.0,-1.05802e-07,-1.03857e-06,-4.22309e-06,0.236926,0.134627,1.75987,0
0,6,8,10.0,-9.78344e-08,-1.26272e-07,3.44813e-06,0.238378,0.134708,1.76959,0
1,6,8,10.0,4.19798e-07,4.81201e-07,3.51694e-06,0.237603,0.134655,1.76453,0
2,6,8,10.0,2.75264e-07,3.27215e-07,3.39912e-06,0.237241,0.134635,1.7621,0
3,6,8,10.0,1.47295e-07,2.17177e-07,3.16623e-06,0.237073,0.134628,1.76094,0
4,6,8,10.0,3.92713e-08,1.42554e-07,2.84047e-06,0.236994,0.134626,1.76038,0
5,6,8,10.0,-5.25572e-08,9.01226e-08,2.43252e-06,0.236957,0.134626,1.76011,0
6,6,8,10.0,-1.28312e-07,5.45374e-08,1.94826e-06,0.23694,0.134626,1.75999,0
7,6,8,10.0,-1.99676e-07,2.60294e-08,1.38797e-06,0.236932,0.134626,1.75992,0
8,6,8,10.0,-2.63236e-07,-8.48976e-09,7.52372e-07,0.236929,0.134627,1.75989,0
9,6,8,10.0,-3.19772e-07,-4.40439e-08,5.09891e-08,0.236927,0.134627,1.75988,0
10,6,8,10.0,-3.75384e-07,-1.09569e-07,-7.11659e-07,0.236926,0.134627,1.75987,0
11,6,8,10.0,-3.75619e-07,-1.79859e-07,-1.51017e-06,0.236926,0.134627,1.75987,0
12,6,8,10.0,-3.31395e-07,-2.24494e-07,-2.32182e-06,0.236925,0.134627,1.75987,0
13,6,8,10.0,-3.11207e-07,-3.22351e-07,-3.87561e-06,0.238359,0.134703,1.76952,0
14,6,8,10.0,-2.86059e-07,-5.03549e-07,-4.56822e-06,0.237594,0.134653,1.7645,0
15,6,8,10.0,-2.83613e-07,-4.80805e-07,-5.12654e-06,0.237237,0.134634,1.76209,0
16,6,8,10.0,-2.75677e-07,-4.74781e-07,-5.5501e-06,0.237071,0.134628,1.76093,0
17,6,8,10.0,-2.8108e-07,-4.7802e-07,-5.83204e-06,0.236993,0.134626,1.76038,0
18,6,8,10.0,-2.90359e-07,-4.9503e-07,-5.96721e-06,0.236957,0.134626,1.76011,0
19,6,8,10.0,-2.83823e-07,-5.34206e-07,-5.9506e-06,0.23694,0.134626,1.75998,0
20,6,8,10.0,-2.61269e-07,-6.06337e-07,-5.76818e-06,0.236932,0.134626,1.75992,0
21,6,8,10.0,-2.37207e-07,-7.05749e-07,-5.39246e-06,0.236928,0.134627,1.75989,0
22,6,8,10.0,-2.13408e-07,-8.3149e-07,-4.78493e-06,0.236927,0.134627,1.75988,0
23,6,8,10.0,-1.87127e-07,-1.00351e-06,-3.89918e-06,0.236926,0.134627,1.75987,0
0,7,8,10.0,-1.05905e-07,-1.40212e-07,2.4599e-06,0.238378,0.134708,1.76959,0
1,7,8,10.0,5.13954e-07,5.03582e-07,2.52031e-06,0.237603,0.134655,1.76453,0
2,7,8,10.0,3.49978e-07,3.30053e-07,2.39606e-06,0.237241,0.134635,1.7621,0
3,7,8,10.0,2.06328e-07,2.13548e-07,2.15573e-06,0.237073,0.134628,1.76094,0
4,7,8,10.0,8.42036e-08,1.23813e-07,1.82173e-06,0.236994,0.134626,1.76038,0
5,7,8,10.0,-1.74733e-08,6.89513e-08,1.4059e-06,0.236957,0.134626,1.76011,0
6,7,8,10.0,-1.03553e-07,2.68709e-08,9.14621e-07,0.23694,0.134626,1.75999,0
7,7,8,10.0,-1.77932e-07,-4.0745e-09,3.5015e-07,0.236932,0.134626,1.75992,0
8,7,8,10.0,-2.38053e-07,-2.96071e-08,-2.83301e-07,0.236929,0.134627,1.75989,0
9,7,8,10.0,-3.17142e-07,-8.25537e-08,-9.68981e-07,0.236927,0.134627,1.75988,0
10,7,8,10.0,-3.37636e-07,-1.62588e-07,-1.68747e-06,0.236926,0.134627,1.75987,0
11,7,8,10.0,-3.70931e-07,-2.06614e-07,-2.42814e-06,0.236926,0.134627,1.75987,0
12,7,8,10.0,-3.59284e-07,-2.55587e-07,-3.15845e-06,0.236925,0.134627,1.75987,0
13,7,8,10.0,-3.17798e-07,-3.39707e-07,-4.52112e-06,0.238359,0.134703,1.76952,0
14,7,8,10.0,-3.14073e-07,-5.05814e-07,-5.11055e-06,0.237594,0.134653,1.7645,0
15,7,8,10.0,-3.06116e-07,-4.86771e-07,-5.56282e-06,0.237237,0.134634,1.76209,0
16,7,8,10.0,-2.97548e-07,-4.70506e-07,-5.88153e-06,0.237071,0.134628,1.76093,0
17,7,8,10.0,-2.98563e-07,-4.69117e-07,-6.0655e-06,0.236993,0.134626,1.76038,0
18,7,8,10.0,-3.0716e-07,-4.83101e-07,-6.11229e-06,0.236957,0.134626,1.76011,0
19,7,8,10.0,-3.11307e-07,-5.27861e-07,-6.01495e-06,0.23694,0.134626,1.75998,0
20,7,8,10.0,-3.03793e-07,-5.98258e-07,-5.75934e-06,0.236932,0.134626,1.75992,0
21,7,8,10.0,-2.92862e-07,-6.87231e-07,-5.32196e-06,0.236928,0.134627,1.75989,0
22,7,8,10.0,-2.92328e-07,-8.0957e-07,-4.67218e-06,0.236927,0.134627,1.75988,0
23,7,8,10.0,-2.943e-07,-9.75814e-07,-3.77098e-06,0.236926,0.134627,1.75987,0
0,8,8,10.0,-1.26333e-07,-1.51445e-07,1.30687e-06,0.238378,0.134708,1.76959,0
1,8,8,10.0,6.09393e-07,5.30211e-07,1.34993e-06,0.237603,0.134655,1.76453,0
2,8,8,10.0,4.21055e-07,3.51236e-07,1.22002e-06,0.237241,0.134635,1.7621,0
3,8,8,10.0,2.56554e-07,2.11645e-07,9.71011e-07,0.237073,0.134628,1.76094,0
4,8,8,10.0,1.15403e-07,1.18847e-07,6.22484e-07,0.236994,0.134626,1.76038,0
5,8,8,10.0,1.4606e-09,5.20458e-08,1.883e-07,0.236957,0.134626,1.76011,0
6,8,8,10.0,-9.14129e-08,6.64188e-09,-3.23263e-07,0.23694,0.134626,1.75999,0
7,8,8,10.0,-1.71434e-07,-2.42741e-08,-9.05871e-07,0.236932,0.134626,1.75992,0
8,8,8,10.0,-2.30212e-07,-6.19204e-08,-1.5538e-06,0.236929,0.134627,1.75989,0
9,8,8,10.0,-2.74198e-07,-1.18835e-07,-2.24838e-06,0.236927,0.134627,1.75988,0
10,8,8,10.0,-3.33955e-07,-1.79008e-07,-2.94635e-06,0.236926,0.134627,1.75987,0
11,8,8,10.0,-3.43559e-07,-2.46616e-07,-3.66588e-06,0.236926,0.134627,1.75987,0
12,8,8,10.0,-3.44218e-07,-3.00051e-07,-4.35902e-06,0.236925,0.134627,1.75987,0
13,8,8,10.0,-3.22754e-07,-3.69379e-07,-5.57948e-06,0.238359,0.134703,1.76952,0
14,8,8,10.0,-3.23642e-07,-4.97591e-07,-6.08071e-06,0.237594,0.134653,1.7645,0
15,8,8,10.0,-3.12801e-07,-4.66692e-07,-6.43141e-06,0.237237,0.134634,1.76209,0
16,8,8,10.0,-3.10268e-07,-4.51871e-07,-6.64057e-06,0.237071,0.134628,1.76093,0
17,8,8,10.0,-3.1634e-07,-4.45166e-07,-6.71475e-06,0.236993,0.134626,1.76038,0
18,8,8,10.0,-3.3303e-07,-4.64737e-07,-6.65658e-06,0.236957,0.134626,1.76011,0
19,8,8,10.0,-3.44969e-07,-5.06188e-07,-6.45812e-06,0.23694,0.134626,1.75998,0
20,8,8,10.0,-3.51628e-07,-5.74541e-07,-6.10422e-06,0.236932,0.134626,1.75992,0
21,8,8,10.0,-3.64158e-07,-6.67057e-07,-5.57529e-06,0.236928,0.134627,1.75989,0
22,8,8,10.0,-3.8666e-07,-7.84938e-07,-4.84683e-06,0.236927,0.134627,1.75988,0
23,8,8,10.0,-4.16916e-07,-9.43206e-07,-3.88053e-06,0.236926,0.134627,1.75987,0
0,9,8,10.0,-1.63412e-07,-1.71897e-07,-1.04546e-07,0.238387,0.13471,1.76963,0
1,9,8,10.0,7.16338e-07,5.77631e-07,-6.7129e-08,0.237621,0.13466,1.7646,0
2,9,8,10.0,4.87131e-07,3.59181e-07,-2.06464e-07,0.237265,0.134641,1.7622,0
3,9,8,10.0,2.80975e-07,2.10228e-07,-4.76729e-07,0.2371,0.134636,1.76105,0
4,9,8,10.0,1.18229e-07,9.20752e-08,-8.55863e-07,0.237024,0.134634,1.7605,0
5,9,8,10.0,-1.46857e-08,1.94771e-08,-1.32429e-06,0.236988,0.134634,1.76024,0
6,9,8,10.0,-1.15692e-07,-3.77676e-08,-1.87142e-06,0.236972,0.134634,1.76012,0
7,9,8,10.0,-2.08836e-07,-7.91932e-08,-2.48771e-06,0.236965,0.134635,1.76006,0
8,9,8,10.0,-2.51928e-07,-1.18607e-07,-3.16153e-06,0.236952,0.134632,1.75999,0
9,9,8,10.0,-2.9629e-07,-1.69316e-07,-3.88597e-06,0.238369,0.134705,1.76956,0
10,9,8,10.0,-4.93752e-07,-4.73289e-07,-4.63537e-06,0.237612,0.134657,1.76457,0
11,9,8,10.0,-4.72356e-07,-5.07083e-07,-5.35569e-06,0.237261,0.13464,1.76218,0
12,9,8,10.0,-4.55748e-07,-5.33517e-07,-6.02222e-06,0.237099,0.134635,1.76104,0
13,9,8,10.0,-4.26062e-07,-5.6494e-07,-7.1269e-06,0.238369,0.134705,1.76956,0
14,9,8,10.0,-4.29919e-07,-8.91808e-07,-7.55856e-06,0.237612,0.134657,1.76457,0
15,9,8,10.0,-4.08092e-07,-8.07044e-07,-7.79886e-06,0.237261,0.13464,1.76218,0
16,9,8,10.0,-3.88032e-07,-7.33947e-07,-7.88129e-06,0.237098,0.134635,1.76104,0
17,9,8,10.0,-3.91784e-07,-6.92764e-07,-7.82292e-06,0.237023,0.134634,1.7605,0
18,9,8,10.0,-3.9748e-07,-6.67788e-07,-7.63057e-06,0.236988,0.134634,1.76024,0
19,9,8,10.0,-4.05445e-07,-6.84812e-07,-7.29781e-06,0.236972,0.134634,1.76011,0
20,9,8,10.0,-4.19423e-07,-7.27798e-07,-6.81258e-06,0.236964,0.134635,1.76005,0
21,9,8,10.0,-4.45862e-07,-7.91764e-07,-6.1562e-06,0.236961,0.134635,1.76003,0
22,9,8,10.0,-4.81176e-07,-8.87989e-07,-5.30231e-06,0.236959,0.134635,1.76001,0
23,9,8,10.0,-5.28053e-07,-1.03192e-06,-4.21348e-06,0.236959,0.134635,1.76001,0
0,10,8,10.0,-2.02777e-07,-1.95821e-07,-1.82974e-06,0.238378,0.134708,1.7696,0
1,10,8,10.0,8.43855e-07,6.32582e-07,-1.77981e-06,0.237603,0.134655,1.76453,0
2,10,8,10.0,5.50862e-07,4.01799e-07,-1.93866e-06,0.237241,0.134635,1.7621,0
3,10,8,10.0,3.19321e-07,2.25778e-07,-2.24803e-06,0.237073,0.134629,1.76094,0
4,10,8,10.0,1.37499e-07,1.01771e-07,-2.67463e-06,0.236994,0.134627,1.76038,0
5,10,8,10.0,-1.13364e-08,2.06226e-08,-3.19524e-06,0.236957,0.134626,1.76011,0
6,10,8,10.0,-1.26154e-07,-4.28152e-08,-3.79085e-06,0.23694,0.134626,1.75999,0
7,10,8,10.0,-2.0081e-07,-1.00023e-07,-4.44695e-06,0.236933,0.134627,1.75992,0
8,10,8,10.0,-2.65038e-07,-1.33602e-07,-5.1561e-06,0.236919,0.134624,1.75986,0
9,10,8,10.0,-3.17518e-07,-1.76515e-07,-5.9157e-06,0.238359,0.134703,1.76952,0
10,10,8,10.0,-4.77187e-07,-4.57648e-07,-6.7042e-06,0.237594,0.134653,1.7645,0
11,10,8,10.0,-4.88794e-07,-4.90501e-07,-7.42939e-06,0.237237,0.134634,1.76209,0
12,10,8,10.0,-4.90177e-07,-5.20913e-07,-8.07388e-06,0.237071,0.134628,1.76093,0
13,10,8,10.0,-4.70411e-07,-5.49269e-07,-9.06149e-06,0.23836,0.134703,1.76952,0
14,10,8,10.0,-5.25008e-07,-8.86696e-07,-9.40521e-06,0.237594,0.134653,1.7645,0
15,10,8,10.0,-4.93294e-07,-7.89302e-07,-9.5321e-06,0.237237,0.134634,1.76209,0
16,10,8,10.0,-4.83109e-07,-7.21084e-07,-9.4811e-06,0.237071,0.134628,1.76093,0
17,10,8,10.0,-4.76227e-07,-6.74744e-07,-9.27896e-06,0.236993,0.134626,1.76038,0
18,10,8,10.0,-4.79766e-07,-6.58454e-07,-8.93381e-06,0.236957,0.134626,1.76011,0
19,10,8,10.0,-4.93646e-07,-6.71496e-07,-8.4458e-06,0.23694,0.134626,1.75999,0
20,10,8,10.0,-5.09925e-07,-7.12026e-07,-7.80246e-06,0.236932,0.134626,1.75992,0
21,10,8,10.0,-5.41582e-07,-7.80025e-07,-6.98594e-06,0.236929,0.134627,1.75989,0
22,10,8,10.0,-5.95757e-07,-8.80424e-07,-5.96702e-06,0.236927,0.134627,1.75988,0
23,10,8,10.0,-6.53327e-07,-1.02685e-06,-4.70297e-06,0.236926,0.134627,1.75987,0
0,11,8,10.0,-2.51025e-07,-2.23252e-07,-3.90545e-06,0.238378,0.134708,1.76959,0
1,11,8,10.0,9.33225e-07,7.15121e-07,-3.81288e-06,0.237603,0.134655,1.76453,0
2,11,8,10.0,6.18161e-07,4.3592e-07,-3.99947e-06,0.237241,0.134635,1.7621,0
3,11,8,10.0,3.49391e-07,2.37861e-07,-4.36829e-06,0.237073,0.134628,1.76094,0
4,11,8,10.0,1.28827e-07,1.02018e-07,-4.86509e-06,0.236994,0.134626,1.76038,0
5,11,8,10.0,-2.36785e-08,6.13873e-09,-5.45078e-06,0.236957,0.134626,1.76011,0
6,11,8,10.0,-1.23166e-07,-8.21269e-08,-6.10329e-06,0.23694,0.134626,1.75999,0
7,11,8,10.0,-2.33671e-07,-1.47374e-07,-6.81042e-06,0.236932,0.134626,1.75992,0
8,11,8,10.0,-2.93075e-07,-1.84695e-07,-7.57087e-06,0.236919,0.134624,1.75986,0
9,11,8,10.0,-3.66955e-07,-2.28182e-07,-8.37339e-06,0.238359,0.134703,1.76952,0
10,11,8,10.0,-5.99524e-07,-5.19924e-07,-9.18771e-06,0.237594,0.134653,1.7645,0
11,11,8,10.0,-5.87396e-07,-5.53255e-07,-9.92345e-06,0.237237,0.134634,1.76209,0
12,11,8,10.0,-5.87864e-07,-5.80002e-07,-1.05486e-05,0.237071,0.134628,1.76093,0
13,11,8,10.0,-5.77831e-07,-5.86549e-07,-1.1406e-05,0.238359,0.134703,1.76952,0
14,11,8,10.0,-6.55148e-07,-9.1527e-07,-1.16472e-05,0.237594,0.134653,1.7645,0
15,11,8,10.0,-6.29259e-07,-8.22822e-07,-1.16504e-05,0.237237,0.134634,1.76209,0
16,11,8,10.0,-6.01727e-07,-7.42305e-07,-1.14561e-05,0.237071,0.134628,1.76093,0
17,11,8,10.0,-5.94493e-07,-6.99155e-07,-1.10981e-05,0.236993,0.134626,1.76038,0
18,11,8,10.0,-6.01573e-07,-6.78539e-07,-1.05866e-05,0.236957,0.134626,1.76011,0
19,11,8,10.0,-6.05767e-07,-6.89179e-07,-9.92236e-06,0.23694,0.134626,1.75998,0
20,11,8,10.0,-6.24115e-07,-7.28064e-07,-9.09505e-06,0.236932,0.134626,1.75992,0
21,11,8,10.0,-6.65223e-07,-7.94045e-07,-8.08461e-06,0.236928,0.134627,1.75989,0
22,11,8,10.0,-7.18778e-07,-8.97312e-07,-6.85804e-06,0.236927,0.134627,1.75988,0
23,11,8,10.0,-7.87057e-07,-1.04651e-06,-5.36638e-06,0.236926,0.134627,1.75987,0
0,12,8,10.0,-2.86461e-07,-2.52143e-07,-6.27938e-06,0.238378,0.134708,1.76959,0
1,12,8,10.0,1.02949e-06,8.03414e-07,-6.13132e-06,0.237603,0.134655,1.76453,0
2,12,8,10.0,6.74384e-07,4.87914e-07,-6.36128e-06,0.237241,0.134635,1.7621,0
3,12,8,10.0,3.77211e-07,2.64482e-07,-6.81199e-06,0.237073,0.134628,1.76094,0
4,12,8,10.0,1.43041e-07,1.1021e-07,-7.401e-06,0.236994,0.134626,1.76038,0
5,12,8,10.0,-1.05682e-08,-1.20278e-08,-8.06679e-06,0.236957,0.134626,1.76011,0
6,12,8,10.0,-1.3965e-07,-1.12973e-07,-8.79129e-06,0.23694,0.134626,1.75999,0
7,12,8,10.0,-2.63877e-07,-1.9796e-07,-9.57302e-06,0.236932,0.134626,1.75992,0
8,12,8,10.0,-3.10615e-07,-2.34487e-07,-1.03929e-05,0.236919,0.134624,1.75986,0
9,12,8,10.0,-3.89298e-07,-2.87588e-07,-1.12593e-05,0.238359,0.134703,1.76952,0
10,12,8,10.0,-6.62665e-07,-6.04017e-07,-1.21376e-05,0.237594,0.134653,1.7645,0
11,12,8,10.0,-6.3101e-07,-6.17008e-07,-1.28749e-05,0.237237,0.134634,1.76209,0
12,12,8,10.0,-6.27205e-07,-6.32105e-07,-1.3468e-05,0.237071,0.134628,1.76093,0
13,12,8,10.0,-6.40197e-07,-6.22894e-07,-1.41693e-05,0.238359,0.134703,1.76952,0
14,12,8,10.0,-7.35454e-07,-9.65027e-07,-1.42827e-05,0.237594,0.134653,1.7645,0
15,12,8,10.0,-6.89005e-07,-8.37114e-07,-1.41376e-05,0.237237,0.134634,1.76209,0
16,12,8,10.0,-6.73847e-07,-7.74648e-07,-1.37857e-05,0.23707,0.134628,1.76093,0
17,12,8,10.0,-6.92474e-07,-7.37776e-07,-1.3257e-05,0.236993,0.134626,1.76038,0
18,12,8,10.0,-6.98478e-07,-7.11548e-07,-1.25671e-05,0.236957,0.134626,1.76011,0
19,12,8,10.0,-6.98611e-07,-7.15386e-07,-1.17073e-05,0.23694,0.134626,1.75998,0
20,12,8,10.0,-7.22356e-07,-7.52476e-07,-1.06711e-05,0.236932,0.134626,1.75992,0
21,12,8,10.0,-7.63192e-07,-8.19826e-07,-9.43569e-06,0.236928,0.134627,1.75989,0
22,12,8,10.0,-8.17346e-07,-9.22718e-07,-7.96007e-06,0.236927,0.134627,1.75988,0
23,12,8,10.0,-8.98367e-07,-1.08116e-06,-6.1964e-06,0.236926,0.134627,1.75987,0
0,13,8,10.0,-2.99243e-07,-2.91743e-07,-8.83127e-06,0.238378,0.134708,1.76959,0
1,13,8,10.0,1.14452e-06,9.00771e-07,-8.65887e-06,0.237603,0.134655,1.76453,0
2,13,8,10.0,7.31914e-07,5.5904e-07,-8.94719e-06,0.237241,0.134635,1.7621,0
3,13,8,10.0,4.20945e-07,2.94505e-07,-9.49072e-06,0.237073,0.134628,1.76094,0
4,13,8,10.0,1.95482e-07,1.05546e-07,-1.01852e-05,0.236994,0.134626,1.76038,0
5,13,8,10.0,9.44081e-09,-1.68106e-08,-1.09579e-05,0.236957,0.134626,1.76011,0
6,13,8,10.0,-1.59528e-07,-1.32507e-07,-1.17848e-05,0.23694,0.134626,1.75999,0
7,13,8,10.0,-2.54658e-07,-2.5359e-07,-1.26572e-05,0.236932,0.134626,1.75992,0
8,13,8,10.0,-3.69079e-07,-2.87981e-07,-1.35571e-05,0.236939,0.134629,1.75994,0
9,13,8,10.0,-4.13714e-07,-3.40436e-07,-1.44931e-05,0.238359,0.134703,1.76952,0
10,13,8,10.0,-6.77903e-07,-6.84351e-07,-1.5435e-05,0.237594,0.134653,1.7645,0
11,13,8,10.0,-6.95871e-07,-6.62993e-07,-1.61613e-05,0.237237,0.134634,1.76209,0
12,13,8,10.0,-6.94945e-07,-6.7001e-07,-1.67047e-05,0.237071,0.134628,1.76093,0
13,13,8,10.0,-6.02059e-07,-4.14381e-07,-2.03941e-05,0.238369,0.134705,1.76956,0
14,13,8,10.0,-7.31897e-07,-5.66761e-07,-2.02667e-05,0.237612,0.134657,1.76457,0
15,13,8,10.0,-7.04527e-07,-4.84796e-07,-1.98392e-05,0.237261,0.13464,1.76218,0
16,13,8,10.0,-6.98531e-07,-4.71137e-07,-1.91656e-05,0.237098,0.134635,1.76104,0
17,13,8,10.0,-7.79009e-07,-6.93354e-07,-1.5644e-05,0.236988,0.134625,1.76036,0
18,13,8,10.0,-7.5169e-07,-6.78319e-07,-1.47572e-05,0.236956,0.134626,1.76011,0
19,13,8,10.0,-7.61506e-07,-6.8806e-07,-1.36909e-05,0.23694,0.134626,1.75999,0
20,13,8,10.0,-7.83393e-07,-7.29352e-07,-1.24314e-05,0.236933,0.134626,1.75993,0
21,13,8,10.0,-8.13583e-07,-8.01276e-07,-1.09487e-05,0.236929,0.134627,1.7599,0
22,13,8,10.0,-8.80171e-07,-9.18158e-07,-9.19994e-06,0.236927,0.134627,1.75988,0
23,13,8,10.0,-9.68517e-07,-1.0851e-06,-7.13462e-06,0.236926,0.134627,1.75988,0
0,14,8,10.0,-3.41607e-07,-3.72328e-07,-1.44111e-05,0.238378,0.134708,1.76959,0
1,14,8,10.0,1.21595e-06,1.16042e-06,-1.41693e-05,0.237603,0.134655,1.76453,0
2,14,8,10.0,7.95431e-07,6.98443e-07,-1.4569e-05,0.237241,0.134635,1.7621,0
3,14,8,10.0,4.7778e-07,3.72761e-07,-1.53198e-05,0.237073,0.134628,1.76094,0
4,14,8,10.0,2.15389e-07,1.42119e-07,-1.62793e-05,0.236994,0.134626,1.76038,0
5,14,8,10.0,-4.03781e-09,-2.78522e-08,-1.73519e-05,0.236957,0.134626,1.76011,0
6,14,8,10.0,-1.70712e-07,-1.60678e-07,-1.8473e-05,0.23694,0.134626,1.75999,0
7,14,8,10.0,-3.04451e-07,-2.66149e-07,-1.95884e-05,0.236932,0.134626,1.75992,0
8,14,8,10.0,-3.9378e-07,-3.27139e-07,-2.0656e-05,0.236929,0.134627,1.75989,0
9,14,8,10.0,-4.31178e-07,-3.62018e-07,-2.16171e-05,0.236927,0.134627,1.75988,0
10,14,8,10.0,-5.00226e-07,-4.16415e-07,-2.24613e-05,0.236926,0.134627,1.75987,0
11,14,8,10.0,-5.2442e-07,-4.42884e-07,-2.31176e-05,0.236926,0.134627,1.75987,0
12,14,8,10.0,-5.52403e-07,-4.68718e-07,-2.35649e-05,0.236925,0.134627,1.75987,0
13,14,8,10.0,-6.04466e-07,-4.48515e-07,-2.37585e-05,0.23836,0.134703,1.76952,0
14,14,8,10.0,-7.16769e-07,-5.84131e-07,-2.35042e-05,0.237594,0.134653,1.7645,0
15,14,8,10.0,-7.08862e-07,-5.24081e-07,-2.29403e-05,0.237237,0.134634,1.76209,0
16,14,8,10.0,-6.80866e-07,-4.87226e-07,-2.21151e-05,0.237071,0.134628,1.76093,0
17,14,8,10.0,-6.68087e-07,-4.77092e-07,-2.10386e-05,0.236993,0.134626,1.76038,0
18,14,8,10.0,-6.83789e-07,-5.02016e-07,-1.97426e-05,0.236957,0.134626,1.76011,0
19,14,8,10.0,-7.0816e-07,-5.42736e-07,-1.82225e-05,0.23694,0.134626,1.75999,0
20,14,8,10.0,-7.50512e-07,-6.20243e-07,-1.64666e-05,0.236932,0.134626,1.75992,0
21,14,8,10.0,-8.04951e-07,-7.22667e-07,-1.44406e-05,0.236928,0.134627,1.75989,0
22,14,8,10.0,-8.86047e-07,-8.77006e-07,-1.20944e-05,0.236927,0.134627,1.75988,0
23,14,8,10.0,-9.9574e-07,-1.09293e-06,-9.35296e-06,0.236926,0.134627,1.75987,0
0,15,8,10.0,-3.56965e-07,-4.35516e-07,-1.73955e-05,0.238378,0.134708,1.76959,0
1,15,8,10.0,1.2344e-06,1.28975e-06,-1.70939e-05,0.237603,0.134655,1.76453,0
2,15,8,10.0,8.1039e-07,7.7574e-07,-1.75561e-05,0.237241,0.134635,1.7621,0
3,15,8,10.0,4.74547e-07,4.12179e-07,-1.84319e-05,0.237073,0.134628,1.76094,0
4,15,8,10.0,2.06664e-07,1.59408e-07,-1.95575e-05,0.236994,0.134626,1.76038,0
5,15,8,10.0,-1.88124e-09,-3.41032e-08,-2.08146e-05,0.236957,0.134626,1.76011,0
6,15,8,10.0,-1.57991e-07,-1.85489e-07,-2.21105e-05,0.23694,0.134626,1.75999,0
7,15,8,10.0,-2.87504e-07,-2.92515e-07,-2.337e-05,0.236932,0.134626,1.75992,0
8,15,8,10.0,-3.88253e-07,-3.50476e-07,-2.45248e-05,0.236929,0.134627,1.75989,0
9,15,8,10.0,-4.27727e-07,-4.10675e-07,-2.55209e-05,0.236927,0.134627,1.75988,0
10,15,8,10.0,-4.28082e-07,-4.34181e-07,-2.63422e-05,0.236926,0.134627,1.75987,0
11,15,8,10.0,-4.71766e-07,-4.84521e-07,-2.69609e-05,0.236926,0.134627,1.75987,0
12,15,8,10.0,-4.83825e-07,-4.97663e-07,-2.7349e-05,0.236925,0.134627,1.75987,0
13,15,8,10.0,-5.48352e-07,-4.7171e-07,-2.734e-05,0.238359,0.134703,1.76952,0
14,15,8,10.0,-6.72195e-07,-6.22861e-07,-2.69492e-05,0.237594,0.134653,1.7645,0
15,15,8,10.0,-6.64002e-07,-5.5871e-07,-2.6233e-05,0.237237,0.134634,1.76209,0
16,15,8,10.0,-6.51232e-07,-5.13289e-07,-2.52275e-05,0.237071,0.134628,1.76093,0
17,15,8,10.0,-6.56429e-07,-5.19445e-07,-2.39559e-05,0.236993,0.134626,1.76038,0
18,15,8,10.0,-6.66839e-07,-5.33595e-07,-2.24441e-05,0.236957,0.134626,1.76011,0
19,15,8,10.0,-7.12982e-07,-5.895e-07,-2.06878e-05,0.23694,0.134626,1.75998,0
20,15,8,10.0,-7.52206e-07,-6.56942e-07,-1.86719e-05,0.236932,0.134626,1.75992,0
21,15,8,10.0,-8.13938e-07,-7.71343e-07,-1.63628e-05,0.236928,0.134627,1.75989,0
22,15,8,10.0,-8.88605e-07,-9.31683e-07,-1.37024e-05,0.236927,0.134627,1.75988,0
23,15,8,10.0,-9.93754e-07,-1.15914e-06,-1.06024e-05,0.236926,0.134627,1.75987,0
0,16,8,10.0,-3.65577e-07,-4.75389e-07,-2.04373e-05,0.238378,0.134708,1.76959,0
1,16,8,10.0,1.19544e-06,1.43406e-06,-2.004e-05,0.237603,0.134655,1.76453,0
2,16,8,10.0,7.44299e-07,8.74856e-07,-2.05701e-05,0.237241,0.134635,1.7621,0
3,16,8,10.0,4.44151e-07,4.91534e-07,-2.15788e-05,0.237073,0.134628,1.76094,0
4,16,8,10.0,1.81151e-07,1.9118e-07,-2.28871e-05,0.236994,0.134626,1.76038,0
5,16,8,10.0,-2.15284e-08,-1.44846e-08,-2.43409e-05,0.236957,0.134626,1.76011,0
6,16,8,10.0,-1.97105e-07,-1.61907e-07,-2.58208e-05,0.23694,0.134626,1.75999,0
7,16,8,10.0,-3.14666e-07,-2.77703e-07,-2.72273e-05,0.236932,0.134626,1.75992,0
8,16,8,10.0,-3.92036e-07,-3.63935e-07,-2.84834e-05,0.236929,0.134627,1.75989,0
9,16,8,10.0,-4.12686e-07,-3.8267e-07,-2.95246e-05,0.236927,0.134627,1.75988,0
10,16,8,10.0,-4.59343e-07,-4.31228e-07,-3.03285e-05,0.236926,0.134627,1.75987,0
11,16,8,10.0,-4.45192e-07,-4.70304e-07,-3.09041e-05,0.236926,0.134627,1.75987,0
12,16,8,10.0,-4.61642e-07,-4.80893e-07,-3.12139e-05,0.236925,0.134627,1.75987,0
13,16,8,10.0,-5.34356e-07,-4.65306e-07,-3.09844e-05,0.238359,0.134703,1.76952,0
14,16,8,10.0,-6.53224e-07,-6.23674e-07,-3.04567e-05,0.237594,0.134653,1.7645,0
15,16,8,10.0,-6.62586e-07,-5.46686e-07,-2.95674e-05,0.237237,0.134634,1.76209,0
16,16,8,10.0,-6.47232e-07,-5.14078e-07,-2.83693e-05,0.237071,0.134628,1.76093,0
17,16,8,10.0,-6.84276e-07,-5.09482e-07,-2.68862e-05,0.236993,0.134626,1.76038,0
18,16,8,10.0,-7.47252e-07,-5.27543e-07,-2.51701e-05,0.236957,0.134626,1.76011,0
19,16,8,10.0,-7.80329e-07,-5.71437e-07,-2.3169e-05,0.23694,0.134626,1.75998,0
20,16,8,10.0,-8.28435e-07,-6.47492e-07,-2.08898e-05,0.236932,0.134626,1.75992,0
21,16,8,10.0,-8.61899e-07,-7.64788e-07,-1.82979e-05,0.236928,0.134627,1.75989,0
22,16,8,10.0,-9.23689e-07,-9.3388e-07,-1.53269e-05,0.236927,0.134627,1.75988,0
23,16,8,10.0,-1.01401e-06,-1.17867e-06,-1.18745e-05,0.236926,0.134627,1.75987,0
0,17,8,10.0,-3.35291e-07,-5.2326e-07,-2.33803e-05,0.238387,0.13471,1.76963,0
1,17,8,10.0,1.11123e-06,1.56299e-06,-2.28703e-05,0.237621,0.13466,1.7646,0
2,17,8,10.0,6.94925e-07,9.11512e-07,-2.34716e-05,0.237265,0.134641,1.7622,0
3,17,8,10.0,3.89079e-07,4.86747e-07,-2.46286e-05,0.2371,0.134636,1.76105,0
4,17,8,10.0,1.35304e-07,1.87612e-07,-2.61184e-05,0.237024,0.134634,1.7605,0
5,17,8,10.0,-6.34286e-08,-2.73483e-08,-2.77664e-05,0.236988,0.134634,1.76024,0
6,17,8,10.0,-2.05897e-07,-2.26205e-07,-2.94206e-05,0.236972,0.134634,1.76012,0
7,17,8,10.0,-3.09117e-07,-3.54026e-07,-3.09606e-05,0.236965,0.134635,1.76006,0
8,17,8,10.0,-3.62569e-07,-3.99215e-07,-3.22986e-05,0.236961,0.134635,1.76003,0
9,17,8,10.0,-4.27e-07,-4.40375e-07,-3.3364e-05,0.236959,0.134635,1.76001,0
10,17,8,10.0,-4.12079e-07,-5.02382e-07,-3.41576e-05,0.236959,0.134635,1.76001,0
11,17,8,10.0,-3.93149e-07,-5.24917e-07,-3.46582e-05,0.236958,0.134635,1.76,0
12,17,8,10.0,-4.24556e-07,-5.46152e-07,-3.48735e-05,0.236958,0.134635,1.76,0
13,17,8,10.0,-4.86375e-07,-5.30987e-07,-3.44036e-05,0.238369,0.134705,1.76956,0
14,17,8,10.0,-5.84042e-07,-7.1719e-07,-3.37314e-05,0.237612,0.134657,1.76457,0
15,17,8,10.0,-6.05597e-07,-6.54455e-07,-3.26621e-05,0.237261,0.13464,1.76218,0
16,17,8,10.0,-5.74704e-07,-5.50122e-07,-3.12525e-05,0.237089,0.134633,1.76101,0
17,17,8,10.0,-6.25272e-07,-5.90913e-07,-2.95342e-05,0.238369,0.134705,1.76956,0
18,17,8,10.0,-4.88041e-07,-2.90115e-07,-2.75388e-05,0.237612,0.134657,1.76457,0
19,17,8,10.0,-5.7932e-07,-3.79389e-07,-2.52953e-05,0.237261,0.13464,1.76218,0
20,17,8,10.0,-6.29747e-07,-4.87012e-07,-2.27844e-05,0.237098,0.134635,1.76104,0
21,17,8,10.0,-6.8185e-07,-6.13354e-07,-1.99441e-05,0.237023,0.134634,1.7605,0
22,17,8,10.0,-7.42157e-07,-8.14389e-07,-1.67004e-05,0.236988,0.134634,1.76024,0
23,17,8,10.0,-8.09683e-07,-1.07585e-06,-1.29384e-05,0.236972,0.134634,1.76011,0
0,18,8,10.0,-2.84586e-07,-5.06434e-07,-2.60145e-05,0.238378,0.134708,1.7696,0
1,18,8,10.0,9.79999e-07,1.67443e-06,-2.54147e-05,0.237603,0.134655,1.76453,0
2,18,8,10.0,6.27641e-07,1.05921e-06,-2.60929e-05,0.237241,0.134635,1.7621,0
3,18,8,10.0,3.31835e-07,5.55638e-07,-2.73854e-05,0.237073,0.134629,1.76094,0
4,18,8,10.0,9.43342e-08,2.30481e-07,-2.90405e-05,0.236994,0.134627,1.76038,0
5,18,8,10.0,-5.40183e-08,-1.6132e-09,-3.08445e-05,0.236957,0.134626,1.76011,0
6,18,8,10.0,-1.3865e-07,-1.48461e-07,-3.26176e-05,0.23694,0.134626,1.75999,0
7,18,8,10.0,-2.27519e-07,-2.79609e-07,-3.42383e-05,0.236933,0.134627,1.75992,0
8,18,8,10.0,-2.84373e-07,-3.31584e-07,-3.56111e-05,0.236929,0.134627,1.7599,0
9,18,8,10.0,-3.06614e-07,-3.93231e-07,-3.66747e-05,0.236927,0.134627,1.75988,0
10,18,8,10.0,-2.4804e-07,-3.54412e-07,-3.74127e-05,0.236926,0.134627,1.75987,0
11,18,8,10.0,-3.14147e-07,-4.28141e-07,-3.78287e-05,0.236926,0.134627,1.75987,0
12,18,8,10.0,-2.99842e-07,-4.32742e-07,-3.79413e-05,0.236926,0.134627,1.75987,0
13,18,8,10.0,-3.89687e-07,-4.5603e-07,-3.72258e-05,0.23836,0.134703,1.76952,0
14,18,8,10.0,-4.67977e-07,-6.28245e-07,-3.64085e-05,0.237594,0.134653,1.7645,0
15,18,8,10.0,-4.7205e-07,-5.61374e-07,-3.51828e-05,0.237237,0.134634,1.76209,0
16,18,8,10.0,-4.80982e-07,-4.98807e-07,-3.35857e-05,0.237061,0.134625,1.7609,0
17,18,8,10.0,-5.32446e-07,-5.13036e-07,-3.16618e-05,0.23836,0.134703,1.76952,0
18,18,8,10.0,-4.35158e-07,-2.88241e-07,-2.93987e-05,0.237594,0.134653,1.7645,0
19,18,8,10.0,-5.14278e-07,-3.76085e-07,-2.69599e-05,0.237237,0.134634,1.76209,0
20,18,8,10.0,-5.57459e-07,-4.75989e-07,-2.42586e-05,0.237071,0.134628,1.76093,0
21,18,8,10.0,-6.00024e-07,-6.33494e-07,-2.12178e-05,0.236993,0.134626,1.76038,0
22,18,8,10.0,-6.30179e-07,-8.26454e-07,-1.77496e-05,0.236957,0.134626,1.76011,0
23,18,8,10.0,-6.7526e-07,-1.113e-06,-1.37316e-05,0.23694,0.134626,1.75999,0
0,19,8,10.0,-2.22345e-07,-5.77921e-07,-2.82828e-05,0.238378,0.134708,1.76959,0
1,19,8,10.0,7.77425e-07,1.77637e-06,-2.75533e-05,0.237603,0.134655,1.76453,0
2,19,8,10.0,4.73396e-07,1.05849e-06,-2.82791e-05,0.237241,0.134635,1.7621,0
3,19,8,10.0,2.14575e-07,5.67611e-07,-2.96932e-05,0.237073,0.134628,1.76094,0
4,19,8,10.0,2.37255e-08,2.321e-07,-3.1472e-05,0.236994,0.134626,1.76038,0
5,19,8,10.0,-5.59529e-08,2.77077e-08,-3.33598e-05,0.236957,0.134626,1.76011,0
6,19,8,10.0,-1.52957e-07,-1.88205e-07,-3.51799e-05,0.23694,0.134626,1.75999,0
7,19,8,10.0,-1.96569e-07,-2.84018e-07,-3.68202e-05,0.236932,0.134626,1.75992,0
8,19,8,10.0,-2.62663e-07,-3.70591e-07,-3.81785e-05,0.236929,0.134627,1.75989,0
9,19,8,10.0,-2.01153e-07,-3.39157e-07,-3.91988e-05,0.236927,0.134627,1.75988,0
10,19,8,10.0,-2.64153e-07,-4.02876e-07,-3.98526e-05,0.236926,0.134627,1.75987,0
11,19,8,10.0,-2.51913e-07,-4.55027e-07,-4.01873e-05,0.236926,0.134627,1.75987,0
12,19,8,10.0,-2.61933e-07,-4.21368e-07,-4.01965e-05,0.236925,0.134627,1.75987,0
13,19,8,10.0,-3.51276e-07,-4.56152e-07,-3.92877e-05,0.238359,0.134703,1.76952,0
14,19,8,10.0,-4.3229e-07,-6.22928e-07,-3.837e-05,0.237594,0.134653,1.7645,0
15,19,8,10.0,-4.45596e-07,-5.64728e-07,-3.70328e-05,0.237237,0.134634,1.76209,0
16,19,8,10.0,-4.50544e-07,-4.98694e-07,-3.53183e-05,0.237061,0.134625,1.76089,0
17,19,8,10.0,-4.9731e-07,-5.34147e-07,-3.3253e-05,0.238359,0.134703,1.76952,0
18,19,8,10.0,-4.35136e-07,-2.82871e-07,-3.08158e-05,0.237594,0.134653,1.7645,0
19,19,8,10.0,-4.61901e-07,-3.86954e-07,-2.82247e-05,0.237237,0.134634,1.76209,0
20,19,8,10.0,-4.86943e-07,-5.0724e-07,-2.53741e-05,0.237071,0.134628,1.76093,0
21,19,8,10.0,-5.00486e-07,-6.55345e-07,-2.21711e-05,0.236993,0.134626,1.76038,0
22,19,8,10.0,-5.17813e-07,-8.63958e-07,-1.85225e-05,0.236957,0.134626,1.76011,0
23,19,8,10.0,-5.4879e-07,-1.14611e-06,-1.43098e-05,0.23694,0.134626,1.75998,0
0,20,8,10.0,-9.54255e-08,-5.03917e-07,-2.99211e-05,0.238378,0.134708,1.76959,0
1,20,8,10.0,5.5939e-07,1.80732e-06,-2.91148e-05,0.237603,0.134655,1.76453,0
2,20,8,10.0,3.81935e-07,1.13806e-06,-2.98796e-05,0.237241,0.134635,1.7621,0
3,20,8,10.0,1.59078e-07,5.96909e-07,-3.13507e-05,0.237073,0.134628,1.76094,0
4,20,8,10.0,9.35319e-08,2.69024e-07,-3.31698e-05,0.236994,0.134626,1.76038,0
5,20,8,10.0,-7.26079e-09,-2.62781e-08,-3.50529e-05,0.236957,0.134626,1.76011,0
6,20,8,10.0,-6.86307e-09,-1.2763e-07,-3.68565e-05,0.23694,0.134626,1.75999,0
7,20,8,10.0,-9.29042e-08,-3.11185e-07,-3.84456e-05,0.236932,0.134626,1.75992,0
8,20,8,10.0,-6.55825e-08,-3.35534e-07,-3.97482e-05,0.236929,0.134627,1.75989,0
9,20,8,10.0,-7.55582e-08,-3.88044e-07,-4.06784e-05,0.236927,0.134627,1.75988,0
10,20,8,10.0,-8.72539e-08,-4.29433e-07,-4.12625e-05,0.236926,0.134627,1.75987,0
11,20,8,10.0,-1.03367e-07,-3.70914e-07,-4.15185e-05,0.236926,0.134627,1.75987,0
12,20,8,10.0,-1.24817e-07,-4.15553e-07,-4.14665e-05,0.236925,0.134627,1.75987,0
13,20,8,10.0,-2.39705e-07,-4.50515e-07,-4.04938e-05,0.238359,0.134703,1.76952,0
14,20,8,10.0,-3.11508e-07,-6.16291e-07,-3.95481e-05,0.237594,0.134653,1.7645,0
15,20,8,10.0,-3.4464e-07,-5.88293e-07,-3.81709e-05,0.237237,0.134634,1.76209,0
16,20,8,10.0,-3.37746e-07,-4.96538e-07,-3.64074e-05,0.237061,0.134625,1.76089,0
17,20,8,10.0,-3.63007e-07,-5.51346e-07,-3.42779e-05,0.238359,0.134703,1.76952,0
18,20,8,10.0,-4.1412e-07,-3.26939e-07,-3.17582e-05,0.237594,0.134653,1.7645,0
19,20,8,10.0,-3.92819e-07,-3.99924e-07,-2.9065e-05,0.237237,0.134634,1.76209,0
20,20,8,10.0,-3.80975e-07,-5.23301e-07,-2.60987e-05,0.237071,0.134628,1.76093,0
21,20,8,10.0,-3.82924e-07,-6.72764e-07,-2.2773e-05,0.236993,0.134626,1.76038,0
22,20,8,10.0,-3.92529e-07,-8.79965e-07,-1.8999e-05,0.236957,0.134626,1.76011,0
23,20,8,10.0,-4.01236e-07,-1.16842e-06,-1.46595e-05,0.23694,0.134626,1.75998,0
0,21,8,10.0,-1.76991e-09,-5.69961e-07,-3.07985e-05,0.238378,0.134708,1.76959,0
1,21,8,10.0,3.63149e-07,1.86629e-06,-2.99801e-05,0.237603,0.134655,1.76453,0
2,21,8,10.0,2.50724e-07,1.13667e-06,-3.07242e-05,0.237241,0.134635,1.7621,0
3,21,8,10.0,2.27743e-07,6.36385e-07,-3.21676e-05,0.237073,0.134628,1.76094,0
4,21,8,10.0,1.61875e-07,2.48895e-07,-3.39134e-05,0.236994,0.134626,1.76038,0
5,21,8,10.0,1.58805e-07,3.92961e-08,-3.57138e-05,0.236957,0.134626,1.76011,0
6,21,8,10.0,1.05325e-07,-1.87845e-07,-3.74029e-05,0.23694,0.134626,1.75999,0
7,21,8,10.0,1.1461e-07,-2.9338e-07,-3.88934e-05,0.236932,0.134626,1.75992,0
8,21,8,10.0,1.41763e-07,-3.49996e-07,-4.00922e-05,0.236929,0.134627,1.75989,0
9,21,8,10.0,1.21002e-07,-3.76172e-07,-4.09467e-05,0.236927,0.134627,1.75988,0
10,21,8,10.0,1.07238e-07,-3.54484e-07,-4.14746e-05,0.236926,0.134627,1.75987,0
11,21,8,10.0,5.46016e-08,-3.84609e-07,-4.17039e-05,0.236926,0.134627,1.75987,0
12,21,8,10.0,3.93466e-09,-3.8093e-07,-4.16661e-05,0.236925,0.134627,1.75987,0
13,21,8,10.0,-9.82855e-08,-4.2278e-07,-4.07625e-05,0.238359,0.134703,1.76952,0
14,21,8,10.0,-1.52125e-07,-6.04481e-07,-3.98516e-05,0.237594,0.134653,1.7645,0
15,21,8,10.0,-1.78746e-07,-5.52583e-07,-3.85049e-05,0.237237,0.134634,1.76209,0
16,21,8,10.0,-1.87708e-07,-4.95177e-07,-3.67501e-05,0.237061,0.134625,1.76089,0
17,21,8,10.0,-1.94496e-07,-5.26373e-07,-3.46301e-05,0.238359,0.134703,1.76952,0
18,21,8,10.0,-3.0727e-07,-2.9403e-07,-3.21198e-05,0.237594,0.134653,1.7645,0
19,21,8,10.0,-2.67623e-07,-3.93024e-07,-2.93781e-05,0.237237,0.134634,1.76209,0
20,21,8,10.0,-2.47279e-07,-5.08604e-07,-2.63416e-05,0.237071,0.134628,1.76093,0
21,21,8,10.0,-2.44916e-07,-6.68862e-07,-2.29443e-05,0.236993,0.134626,1.76038,0
22,21,8,10.0,-2.45597e-07,-8.75365e-07,-1.91066e-05,0.236957,0.134626,1.76011,0
23,21,8,10.0,-2.329e-07,-1.1517e-06,-1.4712e-05,0.23694,0.134626,1.75998,0
0,22,8,10.0,1.04283e-07,-5.4522e-07,-3.08656e-05,0.238378,0.134708,1.76959,0
1,22,8,10.0,1.68367e-07,1.83993e-06,-3.01792e-05,0.237603,0.134655,1.76453,0
2,22,8,10.0,2.46016e-07,1.14609e-06,-3.08742e-05,0.237241,0.134635,1.7621,0
3,22,8,10.0,2.62059e-07,6.1984e-07,-3.21874e-05,0.237073,0.134628,1.76094,0
4,22,8,10.0,2.76659e-07,2.5505e-07,-3.37822e-05,0.236994,0.134626,1.76038,0
5,22,8,10.0,2.52029e-07,-1.13866e-10,-3.54254e-05,0.236957,0.134626,1.76011,0
6,22,8,10.0,2.47623e-07,-1.72959e-07,-3.69778e-05,0.23694,0.134626,1.75999,0
7,22,8,10.0,2.532e-07,-2.76908e-07,-3.83361e-05,0.236932,0.134626,1.75992,0
8,22,8,10.0,2.95613e-07,-3.23644e-07,-3.94307e-05,0.236929,0.134627,1.75989,0
9,22,8,10.0,2.67524e-07,-3.27554e-07,-4.02335e-05,0.236927,0.134627,1.75988,0
10,22,8,10.0,2.20742e-07,-3.62043e-07,-4.07544e-05,0.236926,0.134627,1.75987,0
11,22,8,10.0,1.61015e-07,-3.48117e-07,-4.103e-05,0.236926,0.134627,1.75987,0
12,22,8,10.0,1.07119e-07,-3.60732e-07,-4.10577e-05,0.236925,0.134627,1.75987,0
13,22,8,10.0,3.53254e-08,-4.0398e-07,-4.02887e-05,0.238359,0.134703,1.76952,0
14,22,8,10.0,-2.11798e-09,-5.73743e-07,-3.94399e-05,0.237594,0.134653,1.7645,0
15,22,8,10.0,-2.6299e-08,-5.41368e-07,-3.81504e-05,0.237237,0.134634,1.76209,0
16,22,8,10.0,-4.79535e-08,-4.84087e-07,-3.64506e-05,0.237061,0.134625,1.76089,0
17,22,8,10.0,-4.53409e-08,-5.19164e-07,-3.43771e-05,0.238359,0.134703,1.76952,0
18,22,8,10.0,-1.71416e-07,-2.88698e-07,-3.19222e-05,0.237594,0.134653,1.7645,0
19,22,8,10.0,-1.29584e-07,-3.81716e-07,-2.91826e-05,0.237237,0.134634,1.76209,0
20,22,8,10.0,-1.1482e-07,-5.04319e-07,-2.61289e-05,0.237071,0.134628,1.76093,0
21,22,8,10.0,-1.14061e-07,-6.59592e-07,-2.27137e-05,0.236993,0.134626,1.76038,0
22,22,8,10.0,-1.03626e-07,-8.61925e-07,-1.88643e-05,0.236957,0.134626,1.76011,0
23,22,8,10.0,-8.44248e-08,-1.13311e-06,-1.44762e-05,0.23694,0.134626,1.75998,0
0,23,8,10.0,1.49134e-07,-5.46618e-07,-3.04815e-05,0.238378,0.134708,1.76959,0
1,23,8,10.0,1.29117e-07,1.81663e-06,-2.99588e-05,0.237603,0.134655,1.76453,0
2,23,8,10.0,2.19881e-07,1.12328e-06,-3.05782e-05,0.237241,0.134635,1.7621,0
3,23,8,10.0,2.94862e-07,6.30309e-07,-3.17392e-05,0.237073,0.134628,1.76094,0
4,23,8,10.0,3.2516e-07,2.60337e-07,-3.31666e-05,0.236994,0.134626,1.76038,0
5,23,8,10.0,3.19222e-07,1.89717e-08,-3.46552e-05,0.236957,0.134626,1.76011,0
6,23,8,10.0,3.45012e-07,-1.52373e-07,-3.60675e-05,0.23694,0.134626,1.75999,0
7,23,8,10.0,3.62698e-07,-2.44684e-07,-3.73155e-05,0.236932,0.134626,1.75992,0
8,23,8,10.0,3.68135e-07,-2.90894e-07,-3.83364e-05,0.236929,0.134627,1.75989,0
9,23,8,10.0,3.4945e-07,-3.31852e-07,-3.9128e-05,0.236927,0.134627,1.75988,0
10,23,8,10.0,2.75813e-07,-2.91309e-07,-3.96953e-05,0.236926,0.134627,1.75987,0
11,23,8,10.0,2.30071e-07,-3.36633e-07,-4.00361e-05,0.236926,0.134627,1.75987,0
12,23,8,10.0,1.88104e-07,-3.5805e-07,-4.01419e-05,0.236925,0.134627,1.75987,0
13,23,8,10.0,1.40261e-07,-3.83532e-07,-3.94982e-05,0.238359,0.134703,1.76952,0
14,23,8,10.0,1.18099e-07,-5.54163e-07,-3.86986e-05,0.237594,0.134653,1.7645,0
15,23,8,10.0,9.43355e-08,-5.24998e-07,-3.74644e-05,0.237237,0.134634,1.76209,0
16,23,8,10.0,7.15901e-08,-4.74348e-07,-3.58252e-05,0.237061,0.134625,1.76089,0
17,23,8,10.0,7.38522e-08,-5.10731e-07,-3.38048e-05,0.238359,0.134703,1.76952,0
18,23,8,10.0,-4.23515e-08,-2.72727e-07,-3.14128e-05,0.237594,0.134653,1.7645,0
19,23,8,10.0,-1.68982e-08,-3.76501e-07,-2.87037e-05,0.237237,0.134634,1.76209,0
20,23,8,10.0,-1.03174e-08,-4.93681e-07,-2.56659e-05,0.237071,0.134628,1.76093,0
21,23,8,10.0,-8.91979e-09,-6.50335e-07,-2.22632e-05,0.236993,0.134626,1.76038,0
22,23,8,10.0,-5.28889e-09,-8.47109e-07,-1.84342e-05,0.236957,0.134626,1.76011,0
23,23,8,10.0,1.61468e-08,-1.11108e-06,-1.40875e-05,0.23694,0.134626,1.75998,0
