x,y,z,u,v,w,p,k,nut,omega,bm
0,0,0,10.0,5.03832e-08,-5.94904e-08,6.94663e-06,0.227,0.0141895,15.9977,0
1,0,0,10.0,9.93577e-08,-1.34305e-08,6.47065e-06,0.221488,0.013845,15.9977,0
2,0,0,10.0,1.43977e-07,-8.14565e-08,6.95248e-06,0.219206,0.0137023,15.9977,0
3,0,0,10.0,1.82971e-07,-1.39174e-07,7.90491e-06,0.218259,0.0136432,15.9977,0
4,0,0,10.0,2.20583e-07,-1.92257e-07,9.19988e-06,0.217866,0.0136186,15.9977,0
5,0,0,10.0,2.32787e-07,-2.35652e-07,1.07635e-05,0.217702,0.0136083,15.9977,0
6,0,0,10.0,2.34189e-07,-2.73397e-07,1.24647e-05,0.217634,0.0136041,15.9977,0
7,0,0,10.0,2.25696e-07,-3.00322e-07,1.41682e-05,0.217606,0.0136023,15.9977,0
8,0,0,10.0,2.35528e-07,-3.27988e-07,1.57296e-05,0.21764,0.0136044,15.9977,0
9,0,0,10.0,2.28561e-07,-3.71689e-07,1.71389e-05,0.217822,0.0136158,15.9977,0
10,0,0,10.0,2.35282e-07,-4.13518e-07,1.82482e-05,0.217714,0.013609,15.9977,0
11,0,0,10.0,2.47695e-07,-4.36781e-07,1.8907e-05,0.217652,0.0136052,15.9977,0
12,0,0,10.0,2.49183e-07,-4.59244e-07,1.927e-05,0.217618,0.0136031,15.9977,0
13,0,0,10.0,2.42672e-07,-4.68693e-07,1.95258e-05,0.217899,0.0136206,15.9977,0
14,0,0,10.0,2.1598e-07,-4.92418e-07,1.95678e-05,0.217746,0.0136111,15.9977,0
15,0,0,10.0,2.04056e-07,-4.77719e-07,1.92864e-05,0.217665,0.013606,15.9977,0
16,0,0,10.0,1.8927e-07,-4.60994e-07,1.87611e-05,0.217668,0.0136062,15.9977,0
17,0,0,10.0,1.74201e-07,-4.50883e-07,1.80528e-05,0.218079,0.0136319,15.9977,0
18,0,0,10.0,1.46584e-07,-4.03078e-07,1.71301e-05,0.21782,0.0136157,15.9977,0
19,0,0,10.0,1.37274e-07,-3.87506e-07,1.59836e-05,0.217696,0.0136079,15.9977,0
20,0,0,10.0,1.24649e-07,-3.70361e-07,1.46225e-05,0.217636,0.0136042,15.9977,0
21,0,0,10.0,1.11115e-07,-3.5446e-07,1.30355e-05,0.217609,0.0136025,15.9977,0
22,0,0,10.0,1.00014e-07,-3.42021e-07,1.11692e-05,0.217597,0.0136017,15.9977,0
23,0,0,10.0,8.19369e-08,-3.29649e-07,8.92921e-06,0.217591,0.0136014,15.9977,0
0,1,0,10.0,1.03356e-07,-5.99727e-08,6.96679e-06,0.227065,0.0141936,15.9977,0
1,1,0,10.0,1.02787e-07,3.65096e-08,6.51945e-06,0.221607,0.0138524,15.9977,0
2,1,0,10.0,2.19643e-07,-2.67758e-08,6.94733e-06,0.219359,0.0137119,15.9977,0
3,1,0,10.0,3.25764e-07,-7.27819e-08,7.80291e-06,0.218431,0.0136539,15.9977,0
4,1,0,10.0,4.18613e-07,-1.13995e-07,8.97424e-06,0.218047,0.0136299,15.9977,0
5,1,0,10.0,4.66817e-07,-1.50668e-07,1.03796e-05,0.217888,0.0136199,15.9977,0
6,1,0,10.0,4.75557e-07,-1.83265e-07,1.19126e-05,0.217822,0.0136158,15.9977,0
7,1,0,10.0,4.72733e-07,-2.14402e-07,1.34435e-05,0.217795,0.0136141,15.9977,0
8,1,0,10.0,5.06991e-07,-2.42551e-07,1.48832e-05,0.217829,0.0136162,15.9977,0
9,1,0,10.0,5.35617e-07,-2.88027e-07,1.61859e-05,0.218008,0.0136274,15.9977,0
10,1,0,10.0,5.10447e-07,-3.28937e-07,1.72257e-05,0.217901,0.0136208,15.9977,0
11,1,0,10.0,5.45584e-07,-3.50629e-07,1.78915e-05,0.21784,0.013617,15.9977,0
12,1,0,10.0,5.50755e-07,-3.72785e-07,1.82934e-05,0.217808,0.0136149,15.9977,0
13,1,0,10.0,5.32957e-07,-3.95574e-07,1.8635e-05,0.218082,0.0136321,15.9977,0
14,1,0,10.0,4.83397e-07,-4.3634e-07,1.86961e-05,0.217932,0.0136227,15.9977,0
15,1,0,10.0,4.63019e-07,-4.30802e-07,1.84564e-05,0.217853,0.0136177,15.9977,0
16,1,0,10.0,4.32798e-07,-4.24419e-07,1.79879e-05,0.217856,0.0136179,15.9977,0
17,1,0,10.0,3.99047e-07,-4.23304e-07,1.7338e-05,0.218256,0.013643,15.9977,0
18,1,0,10.0,3.11451e-07,-3.87371e-07,1.64917e-05,0.218003,0.0136272,15.9977,0
19,1,0,10.0,2.95872e-07,-3.81176e-07,1.54174e-05,0.217882,0.0136196,15.9977,0
20,1,0,10.0,2.74107e-07,-3.74623e-07,1.4125e-05,0.217824,0.013616,15.9977,0
21,1,0,10.0,2.48183e-07,-3.68512e-07,1.26024e-05,0.217798,0.0136143,15.9977,0
22,1,0,10.0,2.26109e-07,-3.64067e-07,1.08012e-05,0.217786,0.0136136,15.9977,0
23,1,0,10.0,1.85799e-07,-3.61717e-07,8.62237e-06,0.217781,0.0136132,15.9977,0
0,2,0,10.0,1.45302e-07,-6.13169e-08,7.44531e-06,0.227065,0.0141936,15.9977,0
1,2,0,10.0,-2.60899e-08,2.17162e-08,6.9381e-06,0.221608,0.0138525,15.9977,0
2,2,0,10.0,1.22904e-07,-4.97708e-08,7.35065e-06,0.21936,0.0137119,15.9977,0
3,2,0,10.0,2.83014e-07,-1.0814e-07,8.17305e-06,0.218432,0.013654,15.9977,0
4,2,0,10.0,3.88251e-07,-1.52098e-07,9.26128e-06,0.218049,0.01363,15.9977,0
5,2,0,10.0,4.08763e-07,-1.83276e-07,1.05285e-05,0.217889,0.01362,15.9977,0
6,2,0,10.0,3.71832e-07,-2.12103e-07,1.18903e-05,0.217824,0.0136159,15.9977,0
7,2,0,10.0,3.46373e-07,-2.471e-07,1.32562e-05,0.217797,0.0136142,15.9977,0
8,2,0,10.0,3.48708e-07,-2.7681e-07,1.45713e-05,0.21783,0.0136163,15.9977,0
9,2,0,10.0,3.28854e-07,-3.19533e-07,1.57689e-05,0.218009,0.0136275,15.9977,0
10,2,0,10.0,3.34988e-07,-3.55561e-07,1.67362e-05,0.217903,0.0136209,15.9977,0
11,2,0,10.0,3.87697e-07,-3.73077e-07,1.73913e-05,0.217842,0.0136171,15.9977,0
12,2,0,10.0,4.04474e-07,-3.9142e-07,1.78105e-05,0.217809,0.013615,15.9977,0
13,2,0,10.0,4.03104e-07,-4.08236e-07,1.81731e-05,0.218084,0.0136322,15.9977,0
14,2,0,10.0,3.74831e-07,-4.49224e-07,1.82236e-05,0.217933,0.0136228,15.9977,0
15,2,0,10.0,3.6501e-07,-4.38605e-07,1.79904e-05,0.217855,0.0136178,15.9977,0
16,2,0,10.0,3.501e-07,-4.35842e-07,1.75388e-05,0.217857,0.013618,15.9977,0
17,2,0,10.0,3.27229e-07,-4.30667e-07,1.6909e-05,0.218258,0.0136431,15.9977,0
18,2,0,10.0,2.44096e-07,-3.93418e-07,1.60896e-05,0.218005,0.0136272,15.9977,0
19,2,0,10.0,2.51132e-07,-3.88001e-07,1.50559e-05,0.217884,0.0136197,15.9977,0
20,2,0,10.0,2.48344e-07,-3.80009e-07,1.38043e-05,0.217826,0.0136161,15.9977,0
21,2,0,10.0,2.39379e-07,-3.74525e-07,1.23223e-05,0.2178,0.0136144,15.9977,0
22,2,0,10.0,2.20599e-07,-3.66477e-07,1.05613e-05,0.217788,0.0136137,15.9977,0
23,2,0,10.0,1.91364e-07,-3.65195e-07,8.42327e-06,0.217782,0.0136133,15.9977,0
0,3,0,10.0,1.34473e-07,-4.04378e-08,8.08467e-06,0.227065,0.0141936,15.9977,0
1,3,0,10.0,-1.1845e-07,3.13949e-08,7.59379e-06,0.221608,0.0138525,15.9977,0
2,3,0,10.0,4.90296e-08,-4.29847e-08,8.02412e-06,0.21936,0.0137119,15.9977,0
3,3,0,10.0,1.86026e-07,-1.07904e-07,8.85814e-06,0.218432,0.013654,15.9977,0
4,3,0,10.0,3.47248e-07,-1.5623e-07,9.91909e-06,0.218049,0.01363,15.9977,0
5,3,0,10.0,4.07954e-07,-1.95722e-07,1.10879e-05,0.217889,0.01362,15.9977,0
6,3,0,10.0,3.76618e-07,-2.37026e-07,1.22994e-05,0.217824,0.0136159,15.9977,0
7,3,0,10.0,3.7088e-07,-2.65174e-07,1.35178e-05,0.217797,0.0136142,15.9977,0
8,3,0,10.0,3.08495e-07,-2.85459e-07,1.46857e-05,0.21783,0.0136163,15.9977,0
9,3,0,10.0,3.0831e-07,-3.21659e-07,1.57745e-05,0.218009,0.0136275,15.9977,0
10,3,0,10.0,3.27447e-07,-3.54603e-07,1.66756e-05,0.217903,0.0136209,15.9977,0
11,3,0,10.0,3.72167e-07,-3.63572e-07,1.73021e-05,0.217842,0.0136171,15.9977,0
12,3,0,10.0,3.7939e-07,-3.81487e-07,1.77055e-05,0.217809,0.013615,15.9977,0
13,3,0,10.0,3.87178e-07,-4.02206e-07,1.80339e-05,0.218084,0.0136322,15.9977,0
14,3,0,10.0,3.66581e-07,-4.28681e-07,1.80474e-05,0.217933,0.0136228,15.9977,0
15,3,0,10.0,3.58295e-07,-4.27336e-07,1.77981e-05,0.217855,0.0136178,15.9977,0
16,3,0,10.0,3.62217e-07,-4.193e-07,1.73381e-05,0.217857,0.013618,15.9977,0
17,3,0,10.0,3.43816e-07,-4.22608e-07,1.67031e-05,0.218258,0.0136431,15.9977,0
18,3,0,10.0,2.62335e-07,-3.84219e-07,1.58838e-05,0.218005,0.0136272,15.9977,0
19,3,0,10.0,2.77619e-07,-3.8004e-07,1.48663e-05,0.217884,0.0136197,15.9977,0
20,3,0,10.0,2.76801e-07,-3.72996e-07,1.36318e-05,0.217826,0.0136161,15.9977,0
21,3,0,10.0,2.7641e-07,-3.66001e-07,1.2169e-05,0.2178,0.0136144,15.9977,0
22,3,0,10.0,2.63999e-07,-3.58553e-07,1.04245e-05,0.217788,0.0136137,15.9977,0
23,3,0,10.0,2.35042e-07,-3.54506e-07,8.30765e-06,0.217782,0.0136133,15.9977,0
0,4,0,10.0,1.65695e-07,-5.37643e-08,8.83729e-06,0.227065,0.0141936,15.9977,0
1,4,0,10.0,-1.87597e-07,5.61847e-08,8.38679e-06,0.221608,0.0138525,15.9977,0
2,4,0,10.0,-9.27142e-09,-2.3772e-08,8.84529e-06,0.21936,0.0137119,15.9977,0
3,4,0,10.0,1.34978e-07,-7.41577e-08,9.71295e-06,0.218432,0.013654,15.9977,0
4,4,0,10.0,2.51133e-07,-1.31761e-07,1.07972e-05,0.218049,0.01363,15.9977,0
5,4,0,10.0,3.41745e-07,-1.89724e-07,1.19324e-05,0.217889,0.01362,15.9977,0
6,4,0,10.0,4.05183e-07,-2.30171e-07,1.30686e-05,0.217824,0.0136159,15.9977,0
7,4,0,10.0,3.83535e-07,-2.57189e-07,1.41809e-05,0.217797,0.0136142,15.9977,0
8,4,0,10.0,3.84006e-07,-2.87809e-07,1.52173e-05,0.21783,0.0136163,15.9977,0
9,4,0,10.0,3.15062e-07,-3.05968e-07,1.61836e-05,0.218009,0.0136275,15.9977,0
10,4,0,10.0,3.29364e-07,-3.37671e-07,1.6998e-05,0.217903,0.0136209,15.9977,0
11,4,0,10.0,3.42514e-07,-3.49052e-07,1.75626e-05,0.217842,0.0136171,15.9977,0
12,4,0,10.0,3.60227e-07,-3.6974e-07,1.79087e-05,0.217809,0.013615,15.9977,0
13,4,0,10.0,3.67452e-07,-3.79925e-07,1.81556e-05,0.218084,0.0136322,15.9977,0
14,4,0,10.0,3.59442e-07,-4.08506e-07,1.81128e-05,0.217933,0.0136228,15.9977,0
15,4,0,10.0,3.63535e-07,-4.07372e-07,1.78195e-05,0.217855,0.0136178,15.9977,0
16,4,0,10.0,3.55253e-07,-3.96759e-07,1.73371e-05,0.217857,0.013618,15.9977,0
17,4,0,10.0,3.63488e-07,-4.01378e-07,1.66756e-05,0.218258,0.0136431,15.9977,0
18,4,0,10.0,2.71234e-07,-3.48445e-07,1.58293e-05,0.218005,0.0136272,15.9977,0
19,4,0,10.0,2.9056e-07,-3.50909e-07,1.48026e-05,0.217884,0.0136197,15.9977,0
20,4,0,10.0,3.03492e-07,-3.44701e-07,1.35683e-05,0.217826,0.0136161,15.9977,0
21,4,0,10.0,3.13746e-07,-3.38007e-07,1.21079e-05,0.2178,0.0136144,15.9977,0
22,4,0,10.0,2.97661e-07,-3.33138e-07,1.03644e-05,0.217788,0.0136137,15.9977,0
23,4,0,10.0,2.65687e-07,-3.32856e-07,8.24657e-06,0.217782,0.0136133,15.9977,0
0,5,0,10.0,1.39587e-07,-2.06953e-08,9.85867e-06,0.227065,0.0141936,15.9977,0
1,5,0,10.0,-2.33343e-07,6.51956e-08,9.27122e-06,0.221608,0.0138525,15.9977,0
2,5,0,10.0,-4.64152e-08,1.19932e-08,9.74149e-06,0.21936,0.0137119,15.9977,0
3,5,0,10.0,8.94712e-08,-4.60247e-08,1.06504e-05,0.218432,0.0136539,15.9977,0
4,5,0,10.0,1.88987e-07,-1.02466e-07,1.1772e-05,0.218049,0.01363,15.9977,0
5,5,0,10.0,2.92329e-07,-1.56439e-07,1.29477e-05,0.217889,0.01362,15.9977,0
6,5,0,10.0,3.81925e-07,-2.02266e-07,1.40842e-05,0.217824,0.0136159,15.9977,0
7,5,0,10.0,3.90027e-07,-2.49859e-07,1.51171e-05,0.217797,0.0136142,15.9977,0
8,5,0,10.0,3.88826e-07,-2.72959e-07,1.60548e-05,0.21783,0.0136163,15.9977,0
9,5,0,10.0,2.98837e-07,-3.09003e-07,1.68838e-05,0.218009,0.0136275,15.9977,0
10,5,0,10.0,3.23546e-07,-3.38199e-07,1.75869e-05,0.217903,0.0136209,15.9977,0
11,5,0,10.0,3.44623e-07,-3.54944e-07,1.80629e-05,0.217842,0.0136171,15.9977,0
12,5,0,10.0,3.48626e-07,-3.58188e-07,1.83423e-05,0.217809,0.013615,15.9977,0
13,5,0,10.0,3.47747e-07,-3.63786e-07,1.84535e-05,0.218083,0.0136322,15.9977,0
14,5,0,10.0,3.56752e-07,-3.92514e-07,1.83389e-05,0.217933,0.0136228,15.9977,0
15,5,0,10.0,3.6055e-07,-3.81758e-07,1.80008e-05,0.217855,0.0136178,15.9977,0
16,5,0,10.0,3.59705e-07,-3.88522e-07,1.74671e-05,0.217857,0.013618,15.9977,0
17,5,0,10.0,3.67732e-07,-3.77146e-07,1.677e-05,0.218258,0.0136431,15.9977,0
18,5,0,10.0,2.80157e-07,-3.34586e-07,1.58754e-05,0.218005,0.0136272,15.9977,0
19,5,0,10.0,3.01849e-07,-3.29778e-07,1.48194e-05,0.217884,0.0136197,15.9977,0
20,5,0,10.0,3.20299e-07,-3.2497e-07,1.35715e-05,0.217826,0.0136161,15.9977,0
21,5,0,10.0,3.27704e-07,-3.24537e-07,1.20954e-05,0.2178,0.0136144,15.9977,0
22,5,0,10.0,3.11928e-07,-3.19956e-07,1.03359e-05,0.217788,0.0136137,15.9977,0
23,5,0,10.0,2.94514e-07,-3.22055e-07,8.20821e-06,0.217782,0.0136133,15.9977,0
0,6,0,10.0,5.92702e-08,-2.93128e-08,1.07687e-05,0.227065,0.0141936,15.9977,0
1,6,0,10.0,-2.53865e-07,7.2771e-08,1.01223e-05,0.221608,0.0138525,15.9977,0
2,6,0,10.0,-1.26284e-07,2.03018e-08,1.06185e-05,0.21936,0.0137119,15.9977,0
3,6,0,10.0,1.60805e-08,-3.90063e-08,1.15668e-05,0.218432,0.013654,15.9977,0
4,6,0,10.0,1.17273e-07,-9.12787e-08,1.27401e-05,0.218049,0.01363,15.9977,0
5,6,0,10.0,2.01555e-07,-1.35616e-07,1.39728e-05,0.217889,0.01362,15.9977,0
6,6,0,10.0,2.60016e-07,-2.00123e-07,1.51292e-05,0.217824,0.0136159,15.9977,0
7,6,0,10.0,3.10432e-07,-2.44245e-07,1.61342e-05,0.217797,0.0136142,15.9977,0
8,6,0,10.0,3.43798e-07,-2.78894e-07,1.70113e-05,0.21783,0.0136163,15.9977,0
9,6,0,10.0,3.2808e-07,-3.14507e-07,1.77507e-05,0.218009,0.0136275,15.9977,0
10,6,0,10.0,3.44358e-07,-3.42785e-07,1.83599e-05,0.217903,0.0136209,15.9977,0
11,6,0,10.0,3.50556e-07,-3.51182e-07,1.87494e-05,0.217842,0.0136171,15.9977,0
12,6,0,10.0,3.51052e-07,-3.60104e-07,1.8941e-05,0.217809,0.013615,15.9977,0
13,6,0,10.0,3.21331e-07,-3.70035e-07,1.8875e-05,0.218084,0.0136322,15.9977,0
14,6,0,10.0,3.52923e-07,-3.91381e-07,1.86846e-05,0.217933,0.0136228,15.9977,0
15,6,0,10.0,3.48959e-07,-3.87292e-07,1.82823e-05,0.217855,0.0136178,15.9977,0
16,6,0,10.0,3.6137e-07,-3.77669e-07,1.76899e-05,0.217857,0.013618,15.9977,0
17,6,0,10.0,3.59525e-07,-3.7529e-07,1.69331e-05,0.218258,0.0136431,15.9977,0
18,6,0,10.0,3.03833e-07,-3.19703e-07,1.59661e-05,0.218005,0.0136272,15.9977,0
19,6,0,10.0,3.2251e-07,-3.18222e-07,1.48676e-05,0.217884,0.0136197,15.9977,0
20,6,0,10.0,3.32413e-07,-3.15735e-07,1.35898e-05,0.217826,0.0136161,15.9977,0
21,6,0,10.0,3.39879e-07,-3.1237e-07,1.2088e-05,0.2178,0.0136144,15.9977,0
22,6,0,10.0,3.35362e-07,-3.11458e-07,1.03036e-05,0.217788,0.0136137,15.9977,0
23,6,0,10.0,3.19116e-07,-3.12031e-07,8.16006e-06,0.217782,0.0136133,15.9977,0
0,7,0,10.0,4.20242e-08,-5.18162e-08,1.15367e-05,0.227065,0.0141936,15.9977,0
1,7,0,10.0,-2.96122e-07,5.55036e-08,1.08813e-05,0.221608,0.0138525,15.9977,0
2,7,0,10.0,-1.86338e-07,-3.41084e-08,1.13944e-05,0.21936,0.0137119,15.9977,0
3,7,0,10.0,-5.94887e-08,-8.24054e-08,1.23949e-05,0.218432,0.013654,15.9977,0
4,7,0,10.0,5.04003e-08,-1.18118e-07,1.36277e-05,0.218049,0.01363,15.9977,0
5,7,0,10.0,1.37522e-07,-1.81406e-07,1.48865e-05,0.217889,0.01362,15.9977,0
6,7,0,10.0,2.08276e-07,-2.20288e-07,1.60756e-05,0.217824,0.0136159,15.9977,0
7,7,0,10.0,2.67256e-07,-2.61472e-07,1.71254e-05,0.217797,0.0136142,15.9977,0
8,7,0,10.0,3.1692e-07,-3.0532e-07,1.80066e-05,0.21783,0.0136163,15.9977,0
9,7,0,10.0,3.47832e-07,-3.55025e-07,1.87249e-05,0.218009,0.0136275,15.9977,0
10,7,0,10.0,3.50547e-07,-3.92451e-07,1.92707e-05,0.217902,0.0136208,15.9977,0
11,7,0,10.0,3.43236e-07,-4.02812e-07,1.95816e-05,0.217841,0.013617,15.9977,0
12,7,0,10.0,3.36044e-07,-4.14688e-07,1.96904e-05,0.217808,0.0136149,15.9977,0
13,7,0,10.0,3.21854e-07,-4.16699e-07,1.94377e-05,0.218084,0.0136322,15.9977,0
14,7,0,10.0,3.66219e-07,-4.29975e-07,1.91634e-05,0.217933,0.0136228,15.9977,0
15,7,0,10.0,3.59311e-07,-4.17455e-07,1.86801e-05,0.217855,0.0136178,15.9977,0
16,7,0,10.0,3.61222e-07,-4.03649e-07,1.80195e-05,0.217857,0.013618,15.9977,0
17,7,0,10.0,3.57993e-07,-3.93257e-07,1.71917e-05,0.218258,0.0136431,15.9977,0
18,7,0,10.0,3.33512e-07,-3.25293e-07,1.61478e-05,0.218005,0.0136272,15.9977,0
19,7,0,10.0,3.46584e-07,-3.23275e-07,1.50026e-05,0.217884,0.0136197,15.9977,0
20,7,0,10.0,3.55519e-07,-3.17984e-07,1.3683e-05,0.217826,0.0136161,15.9977,0
21,7,0,10.0,3.57348e-07,-3.146e-07,1.21428e-05,0.2178,0.0136144,15.9977,0
22,7,0,10.0,3.59208e-07,-3.11376e-07,1.03224e-05,0.217788,0.0136137,15.9977,0
23,7,0,10.0,3.46629e-07,-3.11138e-07,8.1455e-06,0.217782,0.0136133,15.9977,0
0,8,0,10.0,4.46998e-08,-5.12302e-08,1.21625e-05,0.227065,0.0141936,15.9977,0
1,8,0,10.0,-2.95965e-07,2.97052e-08,1.1535e-05,0.221608,0.0138525,15.9977,0
2,8,0,10.0,-1.62032e-07,-4.81391e-08,1.20797e-05,0.21936,0.0137119,15.9977,0
3,8,0,10.0,-7.44493e-08,-9.9166e-08,1.31247e-05,0.218432,0.013654,15.9977,0
4,8,0,10.0,1.47394e-08,-1.53427e-07,1.44035e-05,0.218049,0.01363,15.9977,0
5,8,0,10.0,1.24492e-07,-1.96494e-07,1.57197e-05,0.217889,0.01362,15.9977,0
6,8,0,10.0,1.97967e-07,-2.36235e-07,1.69648e-05,0.217824,0.0136159,15.9977,0
7,8,0,10.0,2.5557e-07,-2.80719e-07,1.80758e-05,0.217797,0.0136142,15.9977,0
8,8,0,10.0,3.03469e-07,-3.27675e-07,1.90105e-05,0.21783,0.0136163,15.9977,0
9,8,0,10.0,3.49448e-07,-3.77574e-07,1.97613e-05,0.217964,0.0136247,15.9977,0
10,8,0,10.0,4.00779e-07,-4.03452e-07,2.02951e-05,0.217864,0.0136184,15.9977,0
11,8,0,10.0,4.23955e-07,-4.12544e-07,2.05695e-05,0.217816,0.0136155,15.9977,0
12,8,0,10.0,4.32419e-07,-4.20156e-07,2.06202e-05,0.217793,0.013614,15.9977,0
13,8,0,10.0,4.39469e-07,-4.25479e-07,2.02033e-05,0.217969,0.013625,15.9977,0
14,8,0,10.0,4.97362e-07,-4.49715e-07,1.98462e-05,0.217869,0.0136188,15.9977,0
15,8,0,10.0,4.82579e-07,-4.41868e-07,1.92737e-05,0.217821,0.0136158,15.9977,0
16,8,0,10.0,4.67671e-07,-4.27171e-07,1.85341e-05,0.217841,0.013617,15.9977,0
17,8,0,10.0,4.40594e-07,-4.23337e-07,1.76427e-05,0.218258,0.0136431,15.9977,0
18,8,0,10.0,4.63359e-07,-3.60287e-07,1.65586e-05,0.218005,0.0136272,15.9977,0
19,8,0,10.0,4.50121e-07,-3.52051e-07,1.53607e-05,0.217884,0.0136197,15.9977,0
20,8,0,10.0,4.38767e-07,-3.45417e-07,1.39862e-05,0.217826,0.0136161,15.9977,0
21,8,0,10.0,4.38418e-07,-3.371e-07,1.23857e-05,0.2178,0.0136144,15.9977,0
22,8,0,10.0,4.31885e-07,-3.31235e-07,1.05032e-05,0.217788,0.0136137,15.9977,0
23,8,0,10.0,4.18814e-07,-3.26799e-07,8.26313e-06,0.217782,0.0136133,15.9977,0
0,9,0,10.0,4.66107e-08,-4.67519e-08,1.27574e-05,0.227065,0.0141936,15.9977,0
1,9,0,10.0,-2.77355e-07,2.81857e-08,1.21902e-05,0.221608,0.0138525,15.9977,0
2,9,0,10.0,-1.77666e-07,-3.82668e-08,1.27731e-05,0.21936,0.0137119,15.9977,0
3,9,0,10.0,-7.55909e-08,-1.03961e-07,1.38496e-05,0.218432,0.0136539,15.9977,0
4,9,0,10.0,3.24813e-08,-1.5832e-07,1.51625e-05,0.218049,0.01363,15.9977,0
5,9,0,10.0,1.1357e-07,-1.90915e-07,1.65446e-05,0.217889,0.01362,15.9977,0
6,9,0,10.0,2.01693e-07,-2.35568e-07,1.7845e-05,0.217824,0.0136159,15.9977,0
7,9,0,10.0,2.69016e-07,-2.74259e-07,1.9017e-05,0.217797,0.0136142,15.9977,0
8,9,0,10.0,3.22075e-07,-2.94391e-07,2.00042e-05,0.21783,0.0136163,15.9977,0
9,9,0,10.0,3.71103e-07,-3.40233e-07,2.08229e-05,0.218055,0.0136304,15.9977,0
10,9,0,10.0,4.3624e-07,-3.8039e-07,2.14267e-05,0.217941,0.0136233,15.9977,0
11,9,0,10.0,4.57376e-07,-3.89194e-07,2.17175e-05,0.217867,0.0136186,15.9977,0
12,9,0,10.0,4.64907e-07,-4.04759e-07,2.17484e-05,0.217825,0.013616,15.9977,0
13,9,0,10.0,4.7923e-07,-4.19753e-07,2.1563e-05,0.217801,0.0136145,15.9977,0
14,9,0,10.0,4.93825e-07,-4.3507e-07,2.06871e-05,0.217784,0.0136134,15.9977,0
15,9,0,10.0,4.93043e-07,-4.32834e-07,2.0017e-05,0.217781,0.0136132,15.9977,0
16,9,0,10.0,4.82001e-07,-4.28249e-07,1.92019e-05,0.217823,0.0136158,15.9977,0
17,9,0,10.0,4.76315e-07,-4.29435e-07,1.8264e-05,0.218018,0.0136281,15.9977,0
18,9,0,10.0,4.87282e-07,-4.16566e-07,1.71877e-05,0.217907,0.0136211,15.9977,0
19,9,0,10.0,4.7405e-07,-4.03625e-07,1.5941e-05,0.217844,0.0136172,15.9977,0
20,9,0,10.0,4.73632e-07,-3.87825e-07,1.44984e-05,0.217809,0.013615,15.9977,0
21,9,0,10.0,4.71599e-07,-3.76791e-07,1.28235e-05,0.217793,0.013614,15.9977,0
22,9,0,10.0,4.79676e-07,-3.65883e-07,1.08586e-05,0.217785,0.0136135,15.9977,0
23,9,0,10.0,4.76744e-07,-3.60371e-07,8.53107e-06,0.217781,0.0136132,15.9977,0
0,10,0,10.0,8.60602e-08,-6.54002e-08,1.34986e-05,0.227065,0.0141936,15.9977,0
1,10,0,10.0,-2.92937e-07,3.96933e-08,1.29312e-05,0.221608,0.0138525,15.9977,0
2,10,0,10.0,-1.72301e-07,-5.00021e-08,1.3526e-05,0.21936,0.0137119,15.9977,0
3,10,0,10.0,-6.93505e-08,-8.96877e-08,1.4627e-05,0.218432,0.013654,15.9977,0
4,10,0,10.0,1.76302e-08,-1.34435e-07,1.5983e-05,0.218049,0.01363,15.9977,0
5,10,0,10.0,1.05871e-07,-1.92059e-07,1.73967e-05,0.217889,0.01362,15.9977,0
6,10,0,10.0,1.83344e-07,-2.19763e-07,1.87524e-05,0.217824,0.0136159,15.9977,0
7,10,0,10.0,2.43863e-07,-2.46645e-07,1.99842e-05,0.217797,0.0136142,15.9977,0
8,10,0,10.0,2.95783e-07,-2.78619e-07,2.10348e-05,0.21783,0.0136163,15.9977,0
9,10,0,10.0,3.50914e-07,-3.14854e-07,2.18992e-05,0.21801,0.0136275,15.9977,0
10,10,0,10.0,3.82969e-07,-3.54907e-07,2.25304e-05,0.217903,0.0136209,15.9977,0
11,10,0,10.0,3.75679e-07,-3.72327e-07,2.28196e-05,0.217842,0.0136171,15.9977,0
12,10,0,10.0,3.7413e-07,-3.91044e-07,2.28221e-05,0.21781,0.013615,15.9977,0
13,10,0,10.0,3.84505e-07,-4.06331e-07,2.25916e-05,0.217792,0.013614,15.9977,0
14,10,0,10.0,4.27634e-07,-4.2223e-07,2.15582e-05,0.217781,0.0136132,15.9977,0
15,10,0,10.0,4.42808e-07,-4.21694e-07,2.08111e-05,0.217779,0.0136131,15.9977,0
16,10,0,10.0,4.52997e-07,-4.18697e-07,1.99378e-05,0.217822,0.0136158,15.9977,0
17,10,0,10.0,4.6552e-07,-4.14279e-07,1.89532e-05,0.21801,0.0136276,15.9977,0
18,10,0,10.0,5.03432e-07,-4.13692e-07,1.78474e-05,0.217903,0.0136209,15.9977,0
19,10,0,10.0,5.04662e-07,-3.94883e-07,1.6546e-05,0.217842,0.0136171,15.9977,0
20,10,0,10.0,5.0557e-07,-3.85505e-07,1.50397e-05,0.217809,0.013615,15.9977,0
21,10,0,10.0,5.10621e-07,-3.73386e-07,1.32892e-05,0.217793,0.013614,15.9977,0
22,10,0,10.0,5.15125e-07,-3.66221e-07,1.12432e-05,0.217785,0.0136135,15.9977,0
23,10,0,10.0,5.2708e-07,-3.61345e-07,8.82609e-06,0.217781,0.0136132,15.9977,0
0,11,0,10.0,9.97886e-08,-5.92144e-08,1.43167e-05,0.227065,0.0141936,15.9977,0
1,11,0,10.0,-3.17334e-07,4.38132e-08,1.37334e-05,0.221608,0.0138525,15.9977,0
2,11,0,10.0,-1.94048e-07,-1.68409e-08,1.4335e-05,0.21936,0.0137119,15.9977,0
3,11,0,10.0,-9.82967e-08,-7.36184e-08,1.54497e-05,0.218432,0.013654,15.9977,0
4,11,0,10.0,-2.06606e-08,-1.37091e-07,1.68089e-05,0.218049,0.01363,15.9977,0
5,11,0,10.0,5.80816e-08,-1.74505e-07,1.82548e-05,0.217889,0.01362,15.9977,0
6,11,0,10.0,1.35178e-07,-2.20465e-07,1.96492e-05,0.217824,0.0136159,15.9977,0
7,11,0,10.0,1.97455e-07,-2.61758e-07,2.09306e-05,0.217797,0.0136142,15.9977,0
8,11,0,10.0,2.48023e-07,-2.90794e-07,2.20212e-05,0.21783,0.0136163,15.9977,0
9,11,0,10.0,2.83474e-07,-3.44289e-07,2.2908e-05,0.218009,0.0136275,15.9977,0
10,11,0,10.0,3.15898e-07,-3.90359e-07,2.35272e-05,0.217903,0.0136209,15.9977,0
11,11,0,10.0,3.33574e-07,-4.04405e-07,2.37906e-05,0.217842,0.0136171,15.9977,0
12,11,0,10.0,3.48833e-07,-4.16884e-07,2.37669e-05,0.21781,0.013615,15.9977,0
13,11,0,10.0,3.66225e-07,-4.20956e-07,2.35033e-05,0.217792,0.0136139,15.9977,0
14,11,0,10.0,3.84841e-07,-4.21235e-07,2.23988e-05,0.217781,0.0136132,15.9977,0
15,11,0,10.0,3.97415e-07,-4.18437e-07,2.16089e-05,0.217779,0.0136131,15.9977,0
16,11,0,10.0,4.16625e-07,-4.07812e-07,2.06864e-05,0.217822,0.0136158,15.9977,0
17,11,0,10.0,4.45988e-07,-4.0688e-07,1.96511e-05,0.21801,0.0136276,15.9977,0
18,11,0,10.0,5.08446e-07,-4.0292e-07,1.84866e-05,0.217903,0.0136209,15.9977,0
19,11,0,10.0,5.20473e-07,-3.90706e-07,1.71232e-05,0.217842,0.0136171,15.9977,0
20,11,0,10.0,5.28532e-07,-3.78747e-07,1.55482e-05,0.217809,0.013615,15.9977,0
21,11,0,10.0,5.3896e-07,-3.70471e-07,1.37248e-05,0.217793,0.013614,15.9977,0
22,11,0,10.0,5.47194e-07,-3.62307e-07,1.16007e-05,0.217785,0.0136135,15.9977,0
23,11,0,10.0,5.69865e-07,-3.5813e-07,9.09991e-06,0.217781,0.0136132,15.9977,0
0,12,0,10.0,9.91021e-08,-6.27998e-08,1.51462e-05,0.227065,0.0141936,15.9977,0
1,12,0,10.0,-3.42463e-07,4.50606e-08,1.45939e-05,0.221608,0.0138525,15.9977,0
2,12,0,10.0,-2.21499e-07,-3.6517e-08,1.5182e-05,0.21936,0.0137119,15.9977,0
3,12,0,10.0,-1.55055e-07,-8.82325e-08,1.62695e-05,0.218432,0.013654,15.9977,0
4,12,0,10.0,-2.39443e-08,-1.36097e-07,1.76468e-05,0.218092,0.0136327,15.9977,0
5,12,0,10.0,5.86951e-08,-1.91171e-07,1.9108e-05,0.217925,0.0136223,15.9977,0
6,12,0,10.0,1.35738e-07,-2.15728e-07,2.05294e-05,0.217847,0.0136173,15.9977,0
7,12,0,10.0,2.07102e-07,-2.52833e-07,2.1832e-05,0.21781,0.0136151,15.9977,0
8,12,0,10.0,2.66781e-07,-2.93481e-07,2.29305e-05,0.217838,0.0136168,15.9977,0
9,12,0,10.0,3.04539e-07,-3.44425e-07,2.38084e-05,0.21801,0.0136275,15.9977,0
10,12,0,10.0,3.3406e-07,-3.82683e-07,2.44195e-05,0.217904,0.0136209,15.9977,0
11,12,0,10.0,3.50521e-07,-3.93895e-07,2.46765e-05,0.217843,0.0136171,15.9977,0
12,12,0,10.0,3.6257e-07,-4.04831e-07,2.46446e-05,0.217811,0.0136151,15.9977,0
13,12,0,10.0,3.61604e-07,-4.13096e-07,2.43617e-05,0.217793,0.013614,15.9977,0
14,12,0,10.0,3.33255e-07,-4.1596e-07,2.32471e-05,0.217818,0.0136155,15.9977,0
15,12,0,10.0,3.44722e-07,-4.11299e-07,2.2431e-05,0.217802,0.0136146,15.9977,0
16,12,0,10.0,3.76185e-07,-4.05284e-07,2.14627e-05,0.217835,0.0136166,15.9977,0
17,12,0,10.0,4.25342e-07,-3.99641e-07,2.03537e-05,0.21801,0.0136276,15.9977,0
18,12,0,10.0,5.3236e-07,-3.88964e-07,1.9092e-05,0.217904,0.0136209,15.9977,0
19,12,0,10.0,5.59301e-07,-3.76373e-07,1.76522e-05,0.217843,0.0136171,15.9977,0
20,12,0,10.0,5.75273e-07,-3.68167e-07,1.60063e-05,0.21781,0.0136151,15.9977,0
21,12,0,10.0,5.87178e-07,-3.58728e-07,1.41099e-05,0.217794,0.0136141,15.9977,0
22,12,0,10.0,6.01001e-07,-3.51182e-07,1.1911e-05,0.217786,0.0136136,15.9977,0
23,12,0,10.0,6.15136e-07,-3.48444e-07,9.33149e-06,0.217782,0.0136133,15.9977,0
0,13,0,10.0,9.51629e-08,-5.22344e-08,1.69941e-05,0.227066,0.0141937,15.9977,0
1,13,0,10.0,-3.8352e-07,5.92083e-08,1.64385e-05,0.221611,0.0138526,15.9977,0
2,13,0,10.0,-2.4964e-07,-2.99012e-08,1.6995e-05,0.219364,0.0137122,15.9977,0
3,13,0,10.0,-1.25012e-07,-9.38127e-08,1.80375e-05,0.218436,0.0136542,15.9977,0
4,13,0,10.0,8.20253e-09,-1.69366e-07,1.85113e-05,0.218222,0.0136408,15.9977,0
5,13,0,10.0,7.57511e-08,-2.01547e-07,1.99877e-05,0.217974,0.0136253,15.9977,0
6,13,0,10.0,1.27118e-07,-2.54678e-07,2.13796e-05,0.217867,0.0136186,15.9977,0
7,13,0,10.0,1.83134e-07,-2.8452e-07,2.26582e-05,0.21782,0.0136157,15.9977,0
8,13,0,10.0,2.42104e-07,-3.14351e-07,2.37331e-05,0.217843,0.0136171,15.9977,0
9,13,0,10.0,2.95416e-07,-3.69981e-07,2.46078e-05,0.218226,0.0136411,15.9977,0
10,13,0,10.0,3.71274e-07,-4.44213e-07,2.52663e-05,0.218011,0.0136277,15.9977,0
11,13,0,10.0,3.85068e-07,-4.49091e-07,2.55242e-05,0.217896,0.0136205,15.9977,0
12,13,0,10.0,3.78619e-07,-4.55791e-07,2.5481e-05,0.217837,0.0136167,15.9977,0
13,13,0,10.0,3.77032e-07,-4.25177e-07,2.57553e-05,0.218233,0.0136415,15.9977,0
14,13,0,10.0,4.44436e-07,-5.14225e-07,2.41806e-05,0.217934,0.0136228,15.9977,0
15,13,0,10.0,4.41587e-07,-4.96602e-07,2.33421e-05,0.217853,0.0136177,15.9977,0
16,13,0,10.0,4.53453e-07,-4.7687e-07,2.23084e-05,0.217857,0.013618,15.9977,0
17,13,0,10.0,4.77297e-07,-4.57362e-07,2.10995e-05,0.21837,0.0136501,15.9977,0
18,13,0,10.0,5.0726e-07,-3.24218e-07,1.96461e-05,0.21807,0.0136313,15.9977,0
19,13,0,10.0,5.26663e-07,-3.22679e-07,1.81147e-05,0.21792,0.013622,15.9977,0
20,13,0,10.0,5.43053e-07,-3.16424e-07,1.63941e-05,0.217847,0.0136173,15.9977,0
21,13,0,10.0,5.61548e-07,-3.13552e-07,1.44269e-05,0.217812,0.0136152,15.9977,0
22,13,0,10.0,5.79223e-07,-3.12106e-07,1.2153e-05,0.217796,0.0136142,15.9977,0
23,13,0,10.0,6.03639e-07,-3.08754e-07,9.49715e-06,0.217789,0.0136137,15.9977,0
0,14,0,10.0,8.17969e-08,-4.41236e-08,1.79119e-05,0.227065,0.0141936,15.9977,0
1,14,0,10.0,-4.56065e-07,6.78856e-08,1.73701e-05,0.221608,0.0138525,15.9977,0
2,14,0,10.0,-2.98802e-07,2.39192e-09,1.79073e-05,0.21936,0.0137119,15.9977,0
3,14,0,10.0,-1.87746e-07,-5.26293e-08,1.89111e-05,0.218432,0.013654,15.9977,0
4,14,0,10.0,-7.77354e-08,-1.18656e-07,2.01496e-05,0.218049,0.01363,15.9977,0
5,14,0,10.0,2.24039e-08,-1.66789e-07,2.14678e-05,0.217889,0.01362,15.9977,0
6,14,0,10.0,8.63161e-08,-2.10416e-07,2.27654e-05,0.217824,0.0136159,15.9977,0
7,14,0,10.0,1.42943e-07,-2.52583e-07,2.39542e-05,0.217797,0.0136142,15.9977,0
8,14,0,10.0,2.27238e-07,-2.85108e-07,2.49743e-05,0.21783,0.0136163,15.9977,0
9,14,0,10.0,2.83838e-07,-3.2873e-07,2.5811e-05,0.218009,0.0136275,15.9977,0
10,14,0,10.0,3.54028e-07,-3.68181e-07,2.64082e-05,0.217903,0.0136209,15.9977,0
11,14,0,10.0,3.8712e-07,-3.82356e-07,2.66785e-05,0.217842,0.013617,15.9977,0
12,14,0,10.0,4.00172e-07,-3.88602e-07,2.66621e-05,0.217808,0.0136149,15.9977,0
13,14,0,10.0,4.07339e-07,-4.02733e-07,2.64652e-05,0.218231,0.0136414,15.9977,0
14,14,0,10.0,4.88798e-07,-4.31751e-07,2.54833e-05,0.217879,0.0136194,15.9977,0
15,14,0,10.0,4.9359e-07,-4.25945e-07,2.46411e-05,0.217825,0.013616,15.9977,0
16,14,0,10.0,4.93854e-07,-4.18834e-07,2.35947e-05,0.217843,0.0136171,15.9977,0
17,14,0,10.0,4.91637e-07,-4.08526e-07,2.23475e-05,0.21811,0.0136338,15.9977,0
18,14,0,10.0,5.25168e-07,-3.4499e-07,2.0858e-05,0.217944,0.0136235,15.9977,0
19,14,0,10.0,5.27844e-07,-3.41196e-07,1.92147e-05,0.217859,0.0136181,15.9977,0
20,14,0,10.0,5.42297e-07,-3.37235e-07,1.73562e-05,0.217816,0.0136154,15.9977,0
21,14,0,10.0,5.69014e-07,-3.28972e-07,1.52334e-05,0.217796,0.0136142,15.9977,0
22,14,0,10.0,5.95065e-07,-3.24523e-07,1.2788e-05,0.217786,0.0136136,15.9977,0
23,14,0,10.0,6.25702e-07,-3.24367e-07,9.94085e-06,0.217781,0.0136133,15.9977,0
0,15,0,10.0,1.2098e-07,-9.09075e-08,1.90802e-05,0.227065,0.0141936,15.9977,0
1,15,0,10.0,-4.71678e-07,-1.66127e-09,1.84654e-05,0.221607,0.0138524,15.9977,0
2,15,0,10.0,-2.98201e-07,-1.00127e-07,1.90029e-05,0.219359,0.0137119,15.9977,0
3,15,0,10.0,-1.6301e-07,-1.76569e-07,2.00009e-05,0.218431,0.0136539,15.9977,0
4,15,0,10.0,-5.07081e-08,-2.44001e-07,2.12377e-05,0.218047,0.0136299,15.9977,0
5,15,0,10.0,1.07776e-08,-2.96717e-07,2.25523e-05,0.217888,0.0136199,15.9977,0
6,15,0,10.0,7.25561e-08,-3.43797e-07,2.38402e-05,0.217822,0.0136158,15.9977,0
7,15,0,10.0,1.31211e-07,-3.86113e-07,2.5026e-05,0.217795,0.0136141,15.9977,0
8,15,0,10.0,1.88083e-07,-4.09186e-07,2.60602e-05,0.217829,0.0136162,15.9977,0
9,15,0,10.0,2.42179e-07,-4.43805e-07,2.69103e-05,0.218009,0.0136275,15.9977,0
10,15,0,10.0,3.07733e-07,-4.6983e-07,2.75178e-05,0.217902,0.0136208,15.9977,0
11,15,0,10.0,3.29503e-07,-4.70714e-07,2.77981e-05,0.217841,0.013617,15.9977,0
12,15,0,10.0,3.33593e-07,-4.61541e-07,2.77956e-05,0.217807,0.0136149,15.9977,0
13,15,0,10.0,3.60112e-07,-4.72579e-07,2.761e-05,0.218231,0.0136414,15.9977,0
14,15,0,10.0,4.72542e-07,-4.72953e-07,2.6613e-05,0.217879,0.0136194,15.9977,0
15,15,0,10.0,4.79239e-07,-4.61422e-07,2.57498e-05,0.217825,0.013616,15.9977,0
16,15,0,10.0,4.86445e-07,-4.45934e-07,2.46753e-05,0.217843,0.0136171,15.9977,0
17,15,0,10.0,4.90398e-07,-4.38094e-07,2.3391e-05,0.21811,0.0136338,15.9977,0
18,15,0,10.0,5.21475e-07,-3.62733e-07,2.1852e-05,0.217943,0.0136234,15.9977,0
19,15,0,10.0,5.24603e-07,-3.60957e-07,2.01394e-05,0.217858,0.0136181,15.9977,0
20,15,0,10.0,5.4004e-07,-3.51161e-07,1.81946e-05,0.217814,0.0136153,15.9977,0
21,15,0,10.0,5.59064e-07,-3.41822e-07,1.59676e-05,0.217794,0.0136141,15.9977,0
22,15,0,10.0,5.83273e-07,-3.37768e-07,1.33974e-05,0.217785,0.0136135,15.9977,0
23,15,0,10.0,6.42833e-07,-3.35403e-07,1.0404e-05,0.21778,0.0136132,15.9977,0
0,16,0,10.0,2.09993e-07,-7.98303e-08,2.03879e-05,0.227064,0.0141935,15.9977,0
1,16,0,10.0,-4.16532e-07,8.33588e-09,1.97554e-05,0.221605,0.0138523,15.9977,0
2,16,0,10.0,-1.83609e-07,-8.30882e-08,2.03005e-05,0.219356,0.0137117,15.9977,0
3,16,0,10.0,-9.82534e-09,-1.58098e-07,2.13328e-05,0.218428,0.0136537,15.9977,0
4,16,0,10.0,1.22634e-07,-2.1869e-07,2.26095e-05,0.218044,0.0136297,15.9977,0
5,16,0,10.0,2.24039e-07,-2.74493e-07,2.39669e-05,0.217884,0.0136197,15.9977,0
6,16,0,10.0,3.02146e-07,-3.23905e-07,2.5294e-05,0.217819,0.0136156,15.9977,0
7,16,0,10.0,3.63905e-07,-3.6441e-07,2.6519e-05,0.217792,0.0136139,15.9977,0
8,16,0,10.0,4.11721e-07,-3.90685e-07,2.75903e-05,0.217826,0.0136161,15.9977,0
9,16,0,10.0,4.51658e-07,-4.29148e-07,2.84754e-05,0.21789,0.0136201,15.9977,0
10,16,0,10.0,4.83972e-07,-4.45855e-07,2.90988e-05,0.217834,0.0136166,15.9977,0
11,16,0,10.0,4.93953e-07,-4.49759e-07,2.93976e-05,0.217804,0.0136147,15.9977,0
12,16,0,10.0,4.96376e-07,-4.41227e-07,2.94065e-05,0.217788,0.0136137,15.9977,0
13,16,0,10.0,5.02296e-07,-4.53207e-07,2.9219e-05,0.218164,0.0136372,15.9977,0
14,16,0,10.0,5.64946e-07,-4.62427e-07,2.81806e-05,0.217868,0.0136187,15.9977,0
15,16,0,10.0,5.63222e-07,-4.47248e-07,2.72706e-05,0.21782,0.0136157,15.9977,0
16,16,0,10.0,5.55713e-07,-4.36742e-07,2.61378e-05,0.21784,0.013617,15.9977,0
17,16,0,10.0,5.56663e-07,-4.30783e-07,2.47934e-05,0.218065,0.013631,15.9977,0
18,16,0,10.0,6.26447e-07,-3.68214e-07,2.32001e-05,0.217906,0.0136211,15.9977,0
19,16,0,10.0,6.25074e-07,-3.64212e-07,2.14054e-05,0.217834,0.0136165,15.9977,0
20,16,0,10.0,6.32906e-07,-3.57298e-07,1.93613e-05,0.2178,0.0136144,15.9977,0
21,16,0,10.0,6.54637e-07,-3.50998e-07,1.70108e-05,0.217785,0.0136135,15.9977,0
22,16,0,10.0,6.82409e-07,-3.46033e-07,1.42882e-05,0.217778,0.0136131,15.9977,0
23,16,0,10.0,7.40197e-07,-3.45039e-07,1.11131e-05,0.217775,0.0136129,15.9977,0
0,17,0,10.0,2.0405e-07,-2.24315e-08,2.17681e-05,0.227066,0.0141936,15.9977,0
1,17,0,10.0,-3.90061e-07,7.26997e-08,2.11507e-05,0.22161,0.0138526,15.9977,0
2,17,0,10.0,-1.5716e-07,1.90418e-08,2.17211e-05,0.219362,0.0137121,15.9977,0
3,17,0,10.0,1.78889e-08,-3.58167e-08,2.28184e-05,0.218435,0.0136541,15.9977,0
4,17,0,10.0,1.51341e-07,-7.53695e-08,2.41698e-05,0.218052,0.0136302,15.9977,0
5,17,0,10.0,2.4859e-07,-1.17645e-07,2.56108e-05,0.217893,0.0136202,15.9977,0
6,17,0,10.0,3.26163e-07,-1.62351e-07,2.70147e-05,0.217827,0.0136162,15.9977,0
7,17,0,10.0,3.86581e-07,-2.01242e-07,2.83093e-05,0.2178,0.0136145,15.9977,0
8,17,0,10.0,4.35441e-07,-2.19394e-07,2.9438e-05,0.217833,0.0136165,15.9977,0
9,17,0,10.0,4.72044e-07,-2.72651e-07,3.03836e-05,0.218129,0.013635,15.9977,0
10,17,0,10.0,5.31925e-07,-3.13432e-07,3.10721e-05,0.217971,0.0136252,15.9977,0
11,17,0,10.0,5.27292e-07,-3.21237e-07,3.13892e-05,0.217879,0.0136194,15.9977,0
12,17,0,10.0,5.24016e-07,-3.20269e-07,3.13837e-05,0.217828,0.0136162,15.9977,0
13,17,0,10.0,5.25426e-07,-3.4502e-07,3.11758e-05,0.218298,0.0136456,15.9977,0
14,17,0,10.0,6.04244e-07,-3.6972e-07,3.00591e-05,0.217891,0.0136201,15.9977,0
15,17,0,10.0,5.83956e-07,-3.68015e-07,2.90648e-05,0.21783,0.0136163,15.9977,0
16,17,0,10.0,5.79115e-07,-3.63398e-07,2.78447e-05,0.217845,0.0136172,15.9977,0
17,17,0,10.0,5.8073e-07,-3.66396e-07,2.64183e-05,0.218155,0.0136366,15.9977,0
18,17,0,10.0,6.21067e-07,-3.12162e-07,2.47514e-05,0.217982,0.0136258,15.9977,0
19,17,0,10.0,6.21932e-07,-3.1745e-07,2.28716e-05,0.217884,0.0136197,15.9977,0
20,17,0,10.0,6.25306e-07,-3.10751e-07,2.07197e-05,0.217831,0.0136164,15.9977,0
21,17,0,10.0,6.42426e-07,-3.08691e-07,1.82418e-05,0.217805,0.0136148,15.9977,0
22,17,0,10.0,6.75152e-07,-3.1403e-07,1.53572e-05,0.217793,0.013614,15.9977,0
23,17,0,10.0,7.2393e-07,-3.18326e-07,1.19757e-05,0.217786,0.0136136,15.9977,0
0,18,0,10.0,1.35569e-07,-2.49984e-08,2.29902e-05,0.227065,0.0141936,15.9977,0
1,18,0,10.0,-4.13499e-07,1.08893e-07,2.24158e-05,0.221608,0.0138525,15.9977,0
2,18,0,10.0,-2.39032e-07,5.93559e-08,2.30098e-05,0.21936,0.0137119,15.9977,0
3,18,0,10.0,-1.38764e-07,2.66445e-08,2.41538e-05,0.218432,0.013654,15.9977,0
4,18,0,10.0,-5.4901e-08,-1.73542e-08,2.55591e-05,0.218049,0.01363,15.9977,0
5,18,0,10.0,1.5413e-08,-5.5901e-08,2.70567e-05,0.217889,0.01362,15.9977,0
6,18,0,10.0,8.52765e-08,-9.18667e-08,2.85238e-05,0.217824,0.0136159,15.9977,0
7,18,0,10.0,1.2599e-07,-1.17194e-07,2.98796e-05,0.217797,0.0136142,15.9977,0
8,18,0,10.0,1.65334e-07,-1.56342e-07,3.10511e-05,0.21783,0.0136163,15.9977,0
9,18,0,10.0,2.15902e-07,-1.85675e-07,3.20407e-05,0.21801,0.0136276,15.9977,0
10,18,0,10.0,2.21583e-07,-2.2704e-07,3.27602e-05,0.217904,0.0136209,15.9977,0
11,18,0,10.0,2.12987e-07,-2.47991e-07,3.30655e-05,0.217842,0.0136171,15.9977,0
12,18,0,10.0,2.1718e-07,-2.63767e-07,3.30285e-05,0.217809,0.013615,15.9977,0
13,18,0,10.0,2.62414e-07,-2.79058e-07,3.28006e-05,0.218232,0.0136414,15.9977,0
14,18,0,10.0,3.52908e-07,-3.20167e-07,3.16245e-05,0.21788,0.0136194,15.9977,0
15,18,0,10.0,3.65677e-07,-3.25113e-07,3.05631e-05,0.217825,0.013616,15.9977,0
16,18,0,10.0,3.74427e-07,-3.14521e-07,2.9286e-05,0.217843,0.0136171,15.9977,0
17,18,0,10.0,3.96123e-07,-3.16365e-07,2.78009e-05,0.21811,0.0136338,15.9977,0
18,18,0,10.0,4.55764e-07,-2.66995e-07,2.60882e-05,0.217944,0.0136235,15.9977,0
19,18,0,10.0,4.62371e-07,-2.6898e-07,2.4152e-05,0.217859,0.0136181,15.9977,0
20,18,0,10.0,4.79849e-07,-2.70828e-07,2.19157e-05,0.217816,0.0136154,15.9977,0
21,18,0,10.0,4.84604e-07,-2.73731e-07,1.93273e-05,0.217796,0.0136142,15.9977,0
22,18,0,10.0,5.10591e-07,-2.85552e-07,1.63027e-05,0.217786,0.0136136,15.9977,0
23,18,0,10.0,5.81622e-07,-2.97456e-07,1.27441e-05,0.217782,0.0136133,15.9977,0
0,19,0,10.0,8.07229e-08,-3.971e-08,2.41678e-05,0.227065,0.0141936,15.9977,0
1,19,0,10.0,-3.33179e-07,5.44571e-08,2.34483e-05,0.221608,0.0138525,15.9977,0
2,19,0,10.0,-2.04761e-07,-1.20372e-08,2.40393e-05,0.21936,0.0137119,15.9977,0
3,19,0,10.0,-1.80475e-07,-7.51866e-08,2.51659e-05,0.218432,0.013654,15.9977,0
4,19,0,10.0,-8.71568e-08,-1.28206e-07,2.65705e-05,0.218049,0.01363,15.9977,0
5,19,0,10.0,-4.78945e-08,-1.73875e-07,2.80724e-05,0.217889,0.01362,15.9977,0
6,19,0,10.0,1.4471e-08,-2.19024e-07,2.95596e-05,0.217824,0.0136159,15.9977,0
7,19,0,10.0,3.19961e-08,-2.6037e-07,3.09132e-05,0.217797,0.0136142,15.9977,0
8,19,0,10.0,8.39482e-08,-2.84389e-07,3.21037e-05,0.21783,0.0136163,15.9977,0
9,19,0,10.0,7.52176e-08,-3.28907e-07,3.3082e-05,0.218009,0.0136275,15.9977,0
10,19,0,10.0,9.33656e-08,-3.69538e-07,3.3764e-05,0.217903,0.0136209,15.9977,0
11,19,0,10.0,1.1116e-07,-3.81252e-07,3.40376e-05,0.217842,0.013617,15.9977,0
12,19,0,10.0,1.54139e-07,-3.83691e-07,3.39843e-05,0.217808,0.0136149,15.9977,0
13,19,0,10.0,1.75269e-07,-3.99745e-07,3.37295e-05,0.218231,0.0136414,15.9977,0
14,19,0,10.0,2.47045e-07,-4.08199e-07,3.24977e-05,0.217879,0.0136194,15.9977,0
15,19,0,10.0,2.66351e-07,-3.87799e-07,3.14274e-05,0.217825,0.013616,15.9977,0
16,19,0,10.0,2.66915e-07,-3.81439e-07,3.01307e-05,0.217843,0.0136171,15.9977,0
17,19,0,10.0,2.97929e-07,-3.67094e-07,2.86414e-05,0.21811,0.0136338,15.9977,0
18,19,0,10.0,3.49074e-07,-3.03476e-07,2.69238e-05,0.217944,0.0136234,15.9977,0
19,19,0,10.0,3.54357e-07,-2.9694e-07,2.49574e-05,0.217859,0.0136181,15.9977,0
20,19,0,10.0,3.57582e-07,-2.96116e-07,2.26719e-05,0.217816,0.0136154,15.9977,0
21,19,0,10.0,3.68912e-07,-3.00073e-07,2e-05,0.217796,0.0136142,15.9977,0
22,19,0,10.0,3.96514e-07,-3.03565e-07,1.68824e-05,0.217786,0.0136136,15.9977,0
23,19,0,10.0,4.37419e-07,-3.08313e-07,1.32117e-05,0.217781,0.0136133,15.9977,0
0,20,0,10.0,2.01514e-08,-5.16488e-08,2.487e-05,0.227065,0.0141936,15.9977,0
1,20,0,10.0,-2.40288e-07,5.26707e-08,2.41353e-05,0.221608,0.0138525,15.9977,0
2,20,0,10.0,-2.26138e-07,-1.6349e-08,2.46795e-05,0.21936,0.0137119,15.9977,0
3,20,0,10.0,-1.60268e-07,-7.01236e-08,2.57367e-05,0.218432,0.013654,15.9977,0
4,20,0,10.0,-1.41191e-07,-1.13431e-07,2.70738e-05,0.218049,0.01363,15.9977,0
5,20,0,10.0,-9.54904e-08,-1.57974e-07,2.85117e-05,0.217889,0.01362,15.9977,0
6,20,0,10.0,-7.69936e-08,-1.91653e-07,2.99385e-05,0.217824,0.0136159,15.9977,0
7,20,0,10.0,-3.78743e-08,-2.19219e-07,3.12425e-05,0.217797,0.0136142,15.9977,0
8,20,0,10.0,-4.05944e-08,-2.42709e-07,3.23683e-05,0.21783,0.0136163,15.9977,0
9,20,0,10.0,-3.97601e-08,-2.76073e-07,3.3273e-05,0.218009,0.0136275,15.9977,0
10,20,0,10.0,-2.73282e-08,-3.14005e-07,3.39049e-05,0.217903,0.0136209,15.9977,0
11,20,0,10.0,3.23194e-09,-3.33268e-07,3.41544e-05,0.217842,0.013617,15.9977,0
12,20,0,10.0,6.35491e-08,-3.42623e-07,3.40932e-05,0.217808,0.0136149,15.9977,0
13,20,0,10.0,1.00151e-07,-3.62383e-07,3.38372e-05,0.218231,0.0136414,15.9977,0
14,20,0,10.0,1.66023e-07,-3.85611e-07,3.26115e-05,0.217879,0.0136194,15.9977,0
15,20,0,10.0,1.73684e-07,-3.84616e-07,3.15612e-05,0.217825,0.013616,15.9977,0
16,20,0,10.0,2.01795e-07,-3.81321e-07,3.0286e-05,0.217843,0.0136171,15.9977,0
17,20,0,10.0,2.13078e-07,-3.70315e-07,2.88192e-05,0.21811,0.0136338,15.9977,0
18,20,0,10.0,2.03213e-07,-3.13377e-07,2.71184e-05,0.217944,0.0136234,15.9977,0
19,20,0,10.0,2.13004e-07,-3.17514e-07,2.51406e-05,0.217859,0.0136181,15.9977,0
20,20,0,10.0,2.22226e-07,-3.13816e-07,2.28404e-05,0.217816,0.0136154,15.9977,0
21,20,0,10.0,2.54001e-07,-3.1522e-07,2.01529e-05,0.217796,0.0136142,15.9977,0
22,20,0,10.0,2.83556e-07,-3.13406e-07,1.70084e-05,0.217786,0.0136136,15.9977,0
23,20,0,10.0,2.93001e-07,-3.20047e-07,1.32989e-05,0.217781,0.0136133,15.9977,0
0,21,0,10.0,-8.36723e-09,-3.07672e-08,2.51197e-05,0.227065,0.0141936,15.9977,0
1,21,0,10.0,-1.9655e-07,5.21029e-08,2.45284e-05,0.221608,0.0138525,15.9977,0
2,21,0,10.0,-1.84501e-07,-8.6881e-09,2.50213e-05,0.21936,0.0137119,15.9977,0
3,21,0,10.0,-1.95729e-07,-6.0436e-08,2.60012e-05,0.218432,0.013654,15.9977,0
4,21,0,10.0,-1.8133e-07,-1.07291e-07,2.72344e-05,0.218049,0.01363,15.9977,0
5,21,0,10.0,-1.57215e-07,-1.45851e-07,2.85728e-05,0.217889,0.01362,15.9977,0
6,21,0,10.0,-1.45109e-07,-1.81422e-07,2.9894e-05,0.217824,0.0136159,15.9977,0
7,21,0,10.0,-1.33517e-07,-2.03758e-07,3.11014e-05,0.217797,0.0136142,15.9977,0
8,21,0,10.0,-1.13712e-07,-2.27741e-07,3.21249e-05,0.21783,0.0136163,15.9977,0
9,21,0,10.0,-9.86743e-08,-2.6011e-07,3.29391e-05,0.218009,0.0136275,15.9977,0
10,21,0,10.0,-1.25445e-07,-2.93226e-07,3.34991e-05,0.217903,0.0136209,15.9977,0
11,21,0,10.0,-9.03479e-08,-3.08885e-07,3.37204e-05,0.217842,0.013617,15.9977,0
12,21,0,10.0,-1.42227e-08,-3.11603e-07,3.36569e-05,0.217808,0.0136149,15.9977,0
13,21,0,10.0,7.42186e-09,-3.25813e-07,3.33966e-05,0.218231,0.0136414,15.9977,0
14,21,0,10.0,6.27508e-08,-3.44388e-07,3.21787e-05,0.217879,0.0136194,15.9977,0
15,21,0,10.0,9.43992e-08,-3.43298e-07,3.1148e-05,0.217825,0.013616,15.9977,0
16,21,0,10.0,1.24517e-07,-3.36047e-07,2.99032e-05,0.217843,0.0136171,15.9977,0
17,21,0,10.0,1.20674e-07,-3.30151e-07,2.84486e-05,0.21811,0.0136338,15.9977,0
18,21,0,10.0,8.37847e-08,-2.84844e-07,2.67455e-05,0.217944,0.0136234,15.9977,0
19,21,0,10.0,1.10979e-07,-2.81744e-07,2.47809e-05,0.217859,0.0136181,15.9977,0
20,21,0,10.0,1.21107e-07,-2.84257e-07,2.24968e-05,0.217816,0.0136154,15.9977,0
21,21,0,10.0,1.58996e-07,-2.87275e-07,1.98321e-05,0.217796,0.0136142,15.9977,0
22,21,0,10.0,1.70545e-07,-2.95574e-07,1.67194e-05,0.217786,0.0136136,15.9977,0
23,21,0,10.0,1.64152e-07,-2.973e-07,1.30373e-05,0.217781,0.0136133,15.9977,0
0,22,0,10.0,-2.06375e-08,-3.17888e-08,2.53061e-05,0.227065,0.0141936,15.9977,0
1,22,0,10.0,-1.89311e-07,5.13631e-08,2.47676e-05,0.221608,0.0138525,15.9977,0
2,22,0,10.0,-2.04518e-07,-3.03697e-09,2.52277e-05,0.21936,0.0137119,15.9977,0
3,22,0,10.0,-2.04806e-07,-5.55927e-08,2.61303e-05,0.218432,0.013654,15.9977,0
4,22,0,10.0,-1.98162e-07,-1.0321e-07,2.72716e-05,0.218049,0.01363,15.9977,0
5,22,0,10.0,-1.84138e-07,-1.44205e-07,2.85087e-05,0.217889,0.01362,15.9977,0
6,22,0,10.0,-1.81553e-07,-1.80955e-07,2.97196e-05,0.217824,0.0136159,15.9977,0
7,22,0,10.0,-1.77377e-07,-2.12713e-07,3.08204e-05,0.217797,0.0136142,15.9977,0
8,22,0,10.0,-1.66665e-07,-2.37611e-07,3.1748e-05,0.21783,0.0136163,15.9977,0
9,22,0,10.0,-1.56418e-07,-2.73446e-07,3.24795e-05,0.218009,0.0136275,15.9977,0
10,22,0,10.0,-1.63863e-07,-2.96713e-07,3.29592e-05,0.217903,0.0136209,15.9977,0
11,22,0,10.0,-1.3312e-07,-3.02833e-07,3.31412e-05,0.217842,0.013617,15.9977,0
12,22,0,10.0,-8.5395e-08,-2.99739e-07,3.30671e-05,0.217808,0.0136149,15.9977,0
13,22,0,10.0,-4.66086e-08,-3.07323e-07,3.2791e-05,0.218231,0.0136414,15.9977,0
14,22,0,10.0,-1.27683e-08,-3.18462e-07,3.1555e-05,0.217879,0.0136194,15.9977,0
15,22,0,10.0,1.71626e-08,-3.13282e-07,3.05357e-05,0.217825,0.013616,15.9977,0
16,22,0,10.0,3.52968e-08,-3.07714e-07,2.92931e-05,0.217843,0.0136171,15.9977,0
17,22,0,10.0,3.87643e-08,-2.99176e-07,2.78286e-05,0.21811,0.0136338,15.9977,0
18,22,0,10.0,7.80379e-10,-2.48706e-07,2.61086e-05,0.217944,0.0136234,15.9977,0
19,22,0,10.0,1.59968e-08,-2.49799e-07,2.41526e-05,0.217859,0.0136181,15.9977,0
20,22,0,10.0,1.65044e-08,-2.5403e-07,2.1883e-05,0.217816,0.0136154,15.9977,0
21,22,0,10.0,5.82402e-08,-2.59105e-07,1.92568e-05,0.217796,0.0136142,15.9977,0
22,22,0,10.0,7.00986e-08,-2.59138e-07,1.61941e-05,0.217786,0.0136136,15.9977,0
23,22,0,10.0,5.16058e-08,-2.68936e-07,1.25811e-05,0.217781,0.0136133,15.9977,0
0,23,0,10.0,-3.95226e-08,-3.0212e-08,2.54619e-05,0.227065,0.0141936,15.9977,0
1,23,0,10.0,-1.92717e-07,6.38318e-08,2.49411e-05,0.221608,0.0138525,15.9977,0
2,23,0,10.0,-2.21096e-07,5.95399e-09,2.5383e-05,0.21936,0.0137119,15.9977,0
3,23,0,10.0,-2.31913e-07,-4.5769e-08,2.62456e-05,0.218432,0.013654,15.9977,0
4,23,0,10.0,-2.15598e-07,-9.10959e-08,2.73312e-05,0.218049,0.01363,15.9977,0
5,23,0,10.0,-2.23612e-07,-1.2571e-07,2.84926e-05,0.217889,0.01362,15.9977,0
6,23,0,10.0,-2.21693e-07,-1.63156e-07,2.9623e-05,0.217824,0.0136159,15.9977,0
7,23,0,10.0,-2.32529e-07,-1.95861e-07,3.06337e-05,0.217797,0.0136142,15.9977,0
8,23,0,10.0,-2.20092e-07,-2.28561e-07,3.14847e-05,0.21783,0.0136163,15.9977,0
9,23,0,10.0,-2.21189e-07,-2.566e-07,3.2138e-05,0.218009,0.0136275,15.9977,0
10,23,0,10.0,-2.15953e-07,-2.78052e-07,3.25567e-05,0.217903,0.0136209,15.9977,0
11,23,0,10.0,-1.85242e-07,-2.85364e-07,3.27032e-05,0.217842,0.013617,15.9977,0
12,23,0,10.0,-1.48844e-07,-2.82617e-07,3.26007e-05,0.217808,0.0136149,15.9977,0
13,23,0,10.0,-1.28322e-07,-2.90909e-07,3.23011e-05,0.218231,0.0136414,15.9977,0
14,23,0,10.0,-9.64021e-08,-2.99847e-07,3.10207e-05,0.217879,0.0136194,15.9977,0
15,23,0,10.0,-7.018e-08,-2.94967e-07,2.99891e-05,0.217825,0.013616,15.9977,0
16,23,0,10.0,-5.3006e-08,-2.90243e-07,2.8726e-05,0.217843,0.0136171,15.9977,0
17,23,0,10.0,-5.32122e-08,-2.87844e-07,2.72364e-05,0.21811,0.0136338,15.9977,0
18,23,0,10.0,-7.89098e-08,-2.41137e-07,2.54923e-05,0.217944,0.0136234,15.9977,0
19,23,0,10.0,-6.77273e-08,-2.42812e-07,2.35191e-05,0.217859,0.0136181,15.9977,0
20,23,0,10.0,-5.46942e-08,-2.44057e-07,2.12568e-05,0.217816,0.0136154,15.9977,0
21,23,0,10.0,-2.8525e-08,-2.41702e-07,1.86599e-05,0.217796,0.0136142,15.9977,0
22,23,0,10.0,-2.85632e-08,-2.47499e-07,1.56419e-05,0.217786,0.0136136,15.9977,0
23,23,0,10.0,-4.38557e-08,-2.49884e-07,1.20963e-05,0.217781,0.0136133,15.9977,0
0,0,1,10.0,4.67044e-08,-1.48699e-07,6.46545e-06,0.23816,0.128601,1.85193,0
1,0,1,10.0,9.67161e-08,1.96634e-07,6.11907e-06,0.237188,0.125699,1.88694,0
2,0,1,10.0,1.37663e-07,2.61166e-08,6.55511e-06,0.236693,0.124331,1.90374,0
3,0,1,10.0,1.72219e-07,-9.93153e-08,7.43076e-06,0.236444,0.123676,1.9118,0
4,0,1,10.0,2.07321e-07,-1.98717e-07,8.6343e-06,0.23632,0.123362,1.91566,0
5,0,1,10.0,2.14545e-07,-3.12899e-07,1.01027e-05,0.236258,0.12321,1.91752,0
6,0,1,10.0,2.22142e-07,-4.00813e-07,1.17116e-05,0.236228,0.123137,1.91841,0
7,0,1,10.0,2.11416e-07,-5.01068e-07,1.33274e-05,0.236213,0.123102,1.91884,0
8,0,1,10.0,2.22652e-07,-5.34322e-07,1.48037e-05,0.236215,0.123105,1.91881,0
9,0,1,10.0,2.13557e-07,-6.39458e-07,1.61166e-05,0.236543,0.123325,1.91805,0
10,0,1,10.0,2.14865e-07,-6.92035e-07,1.7143e-05,0.236405,0.123223,1.91852,0
11,0,1,10.0,2.24388e-07,-6.102e-07,1.77471e-05,0.236315,0.123156,1.91882,0
12,0,1,10.0,2.26949e-07,-5.40762e-07,1.80746e-05,0.236261,0.123117,1.919,0
13,0,1,10.0,2.20831e-07,-4.20211e-07,1.83118e-05,0.236571,0.123431,1.91662,0
14,0,1,10.0,1.90991e-07,-4.90438e-07,1.83443e-05,0.236419,0.123274,1.91784,0
15,0,1,10.0,1.80543e-07,-4.23819e-07,1.80897e-05,0.236321,0.123181,1.9185,0
16,0,1,10.0,1.68158e-07,-3.55878e-07,1.76073e-05,0.236273,0.123146,1.91864,0
17,0,1,10.0,1.55539e-07,-3.32009e-07,1.69488e-05,0.236616,0.123578,1.91471,0
18,0,1,10.0,1.36598e-07,-2.79484e-07,1.61225e-05,0.236441,0.123344,1.91693,0
19,0,1,10.0,1.28274e-07,-2.40619e-07,1.50433e-05,0.236332,0.123214,1.91806,0
20,0,1,10.0,1.16494e-07,-2.21735e-07,1.37511e-05,0.23627,0.123144,1.91864,0
21,0,1,10.0,1.03738e-07,-2.241e-07,1.22383e-05,0.236236,0.123108,1.91893,0
22,0,1,10.0,9.39832e-08,-2.46789e-07,1.04533e-05,0.236218,0.123089,1.91908,0
23,0,1,10.0,7.62232e-08,-3.04358e-07,8.30771e-06,0.236208,0.123079,1.91915,0
0,1,1,10.0,1.01197e-07,-1.21961e-07,6.46488e-06,0.238172,0.128625,1.85168,0
1,1,1,10.0,9.04176e-08,4.98446e-07,6.17783e-06,0.23721,0.125744,1.88646,0
2,1,1,10.0,2.04548e-07,3.57255e-07,6.57018e-06,0.236724,0.12439,1.90308,0
3,1,1,10.0,3.09517e-07,2.69801e-07,7.36612e-06,0.236481,0.123745,1.91103,0
4,1,1,10.0,3.98757e-07,2.10842e-07,8.46402e-06,0.236361,0.123437,1.91483,0
5,1,1,10.0,4.46915e-07,1.55113e-07,9.78874e-06,0.236301,0.123288,1.91666,0
6,1,1,10.0,4.57147e-07,1.03448e-07,1.1241e-05,0.236272,0.123217,1.91752,0
7,1,1,10.0,4.54323e-07,7.43312e-08,1.26892e-05,0.236258,0.123183,1.91794,0
8,1,1,10.0,4.95439e-07,6.38595e-08,1.40486e-05,0.236259,0.123186,1.91791,0
9,1,1,10.0,5.20863e-07,-3.26471e-09,1.5265e-05,0.23658,0.123402,1.91715,0
10,1,1,10.0,4.8799e-07,-5.43602e-08,1.6233e-05,0.236445,0.123301,1.91762,0
11,1,1,10.0,5.1485e-07,9.62767e-09,1.6853e-05,0.236356,0.123236,1.91792,0
12,1,1,10.0,5.23215e-07,5.73252e-08,1.7225e-05,0.236304,0.123197,1.91809,0
13,1,1,10.0,5.11973e-07,1.2664e-07,1.75426e-05,0.236607,0.123506,1.91576,0
14,1,1,10.0,4.38942e-07,1.965e-09,1.75904e-05,0.236458,0.123351,1.91696,0
15,1,1,10.0,4.22188e-07,4.41332e-08,1.73702e-05,0.236363,0.12326,1.9176,0
16,1,1,10.0,3.98163e-07,6.81966e-08,1.69346e-05,0.236315,0.123226,1.91774,0
17,1,1,10.0,3.65159e-07,5.9727e-08,1.63275e-05,0.236651,0.123649,1.91389,0
18,1,1,10.0,3.07537e-07,4.96341e-08,1.55659e-05,0.236479,0.123419,1.91607,0
19,1,1,10.0,2.93521e-07,5.12462e-08,1.45493e-05,0.236373,0.123292,1.91718,0
20,1,1,10.0,2.73788e-07,3.03631e-08,1.33166e-05,0.236312,0.123224,1.91775,0
21,1,1,10.0,2.47003e-07,-1.3272e-08,1.18597e-05,0.236279,0.123189,1.91803,0
22,1,1,10.0,2.26803e-07,-8.62278e-08,1.01325e-05,0.236262,0.12317,1.91817,0
23,1,1,10.0,1.87405e-07,-1.91749e-07,8.04117e-06,0.236253,0.123161,1.91824,0
0,2,1,10.0,1.39338e-07,-1.2877e-07,6.93365e-06,0.238172,0.128625,1.85168,0
1,2,1,10.0,-3.07885e-08,4.93184e-07,6.58558e-06,0.237211,0.125744,1.88646,0
2,2,1,10.0,1.30222e-07,3.4446e-07,6.95799e-06,0.236725,0.12439,1.90308,0
3,2,1,10.0,2.62809e-07,2.54475e-07,7.7121e-06,0.236482,0.123746,1.91103,0
4,2,1,10.0,3.67844e-07,1.88427e-07,8.73558e-06,0.236361,0.123437,1.91483,0
5,2,1,10.0,3.96205e-07,1.26444e-07,9.93667e-06,0.236301,0.123289,1.91665,0
6,2,1,10.0,3.52992e-07,7.31353e-08,1.12263e-05,0.236272,0.123218,1.91752,0
7,2,1,10.0,3.32658e-07,4.25853e-08,1.2517e-05,0.236258,0.123184,1.91793,0
8,2,1,10.0,3.4122e-07,3.95503e-08,1.37585e-05,0.23626,0.123187,1.9179,0
9,2,1,10.0,3.12235e-07,-2.72052e-08,1.48764e-05,0.236581,0.123402,1.91715,0
10,2,1,10.0,3.29023e-07,-8.38445e-08,1.57812e-05,0.236445,0.123302,1.91761,0
11,2,1,10.0,3.74827e-07,-2.11499e-08,1.63968e-05,0.236357,0.123237,1.91791,0
12,2,1,10.0,4.04817e-07,1.877e-08,1.67884e-05,0.236305,0.123198,1.91809,0
13,2,1,10.0,4.06696e-07,8.63583e-08,1.7129e-05,0.236607,0.123506,1.91575,0
14,2,1,10.0,3.44441e-07,-2.29842e-08,1.71657e-05,0.236458,0.123351,1.91695,0
15,2,1,10.0,3.38398e-07,1.71203e-08,1.6952e-05,0.236363,0.12326,1.91759,0
16,2,1,10.0,3.24846e-07,4.13321e-08,1.65285e-05,0.236316,0.123227,1.91773,0
17,2,1,10.0,3.05837e-07,3.37169e-08,1.59385e-05,0.236651,0.12365,1.91389,0
18,2,1,10.0,2.50392e-07,2.52637e-08,1.52011e-05,0.23648,0.12342,1.91606,0
19,2,1,10.0,2.62215e-07,2.70841e-08,1.42204e-05,0.236373,0.123293,1.91717,0
20,2,1,10.0,2.58274e-07,1.01242e-08,1.30245e-05,0.236312,0.123224,1.91774,0
21,2,1,10.0,2.47935e-07,-3.12128e-08,1.16046e-05,0.23628,0.123189,1.91802,0
22,2,1,10.0,2.30364e-07,-1.05928e-07,9.91628e-06,0.236262,0.123171,1.91817,0
23,2,1,10.0,1.98998e-07,-1.99485e-07,7.86224e-06,0.236254,0.123162,1.91824,0
0,3,1,10.0,1.49676e-07,-1.53349e-07,7.66059e-06,0.238172,0.128625,1.85168,0
1,3,1,10.0,-1.75351e-07,4.72689e-07,7.24747e-06,0.237211,0.125744,1.88646,0
2,3,1,10.0,1.55412e-08,3.10487e-07,7.63163e-06,0.236725,0.12439,1.90308,0
3,3,1,10.0,2.07547e-07,2.26542e-07,8.39379e-06,0.236482,0.123746,1.91103,0
4,3,1,10.0,3.1438e-07,1.55922e-07,9.38379e-06,0.236361,0.123437,1.91483,0
5,3,1,10.0,3.54723e-07,9.26713e-08,1.04859e-05,0.236301,0.123289,1.91665,0
6,3,1,10.0,3.25734e-07,5.07513e-08,1.16288e-05,0.236272,0.123218,1.91752,0
7,3,1,10.0,3.41807e-07,3.81063e-08,1.27885e-05,0.236258,0.123184,1.91793,0
8,3,1,10.0,2.7756e-07,7.08454e-09,1.38948e-05,0.23626,0.123187,1.9179,0
9,3,1,10.0,2.76251e-07,-5.1814e-08,1.49128e-05,0.236581,0.123402,1.91715,0
10,3,1,10.0,3.18961e-07,-9.71861e-08,1.57606e-05,0.236445,0.123302,1.91761,0
11,3,1,10.0,3.53665e-07,-5.04757e-08,1.63535e-05,0.236357,0.123237,1.91791,0
12,3,1,10.0,3.68986e-07,-2.50348e-08,1.67309e-05,0.236305,0.123198,1.91809,0
13,3,1,10.0,3.83358e-07,5.48047e-08,1.70382e-05,0.236607,0.123506,1.91575,0
14,3,1,10.0,3.32294e-07,-4.40237e-08,1.70455e-05,0.236458,0.123351,1.91695,0
15,3,1,10.0,3.21584e-07,-1.38173e-08,1.68102e-05,0.236363,0.12326,1.91759,0
16,3,1,10.0,3.2683e-07,1.98752e-08,1.63788e-05,0.236316,0.123227,1.91773,0
17,3,1,10.0,3.15514e-07,1.04524e-08,1.5776e-05,0.236651,0.12365,1.91389,0
18,3,1,10.0,2.54041e-07,1.05766e-08,1.50357e-05,0.23648,0.12342,1.91606,0
19,3,1,10.0,2.78708e-07,3.48688e-09,1.40666e-05,0.236373,0.123293,1.91717,0
20,3,1,10.0,2.79732e-07,-9.19895e-09,1.28839e-05,0.236312,0.123224,1.91774,0
21,3,1,10.0,2.83419e-07,-5.0929e-08,1.14819e-05,0.23628,0.123189,1.91802,0
22,3,1,10.0,2.62219e-07,-1.07656e-07,9.80861e-06,0.236262,0.123171,1.91816,0
23,3,1,10.0,2.35473e-07,-2.11089e-07,7.77127e-06,0.236254,0.123162,1.91824,0
0,4,1,10.0,1.59933e-07,-3.98691e-08,8.48335e-06,0.238172,0.128625,1.85168,0
1,4,1,10.0,-2.44057e-07,4.50727e-07,8.05182e-06,0.237211,0.125744,1.88646,0
2,4,1,10.0,-6.78007e-08,3.07819e-07,8.46434e-06,0.236725,0.12439,1.90308,0
3,4,1,10.0,1.36325e-07,1.92265e-07,9.2765e-06,0.236482,0.123746,1.91103,0
4,4,1,10.0,2.5535e-07,1.17016e-07,1.02815e-05,0.236361,0.123437,1.91483,0
5,4,1,10.0,3.11632e-07,9.92753e-08,1.13344e-05,0.236301,0.123289,1.91665,0
6,4,1,10.0,3.68704e-07,5.81431e-08,1.24072e-05,0.236272,0.123218,1.91752,0
7,4,1,10.0,3.06897e-07,5.9275e-09,1.34605e-05,0.236258,0.123184,1.91793,0
8,4,1,10.0,3.30883e-07,9.19599e-09,1.44452e-05,0.23626,0.123187,1.9179,0
9,4,1,10.0,2.84322e-07,-4.30115e-08,1.53595e-05,0.236581,0.123402,1.91715,0
10,4,1,10.0,2.92332e-07,-1.05131e-07,1.61232e-05,0.236445,0.123302,1.91761,0
11,4,1,10.0,3.19312e-07,-7.98403e-08,1.66554e-05,0.236357,0.123237,1.91791,0
12,4,1,10.0,3.3221e-07,9.58702e-09,1.69826e-05,0.236305,0.123198,1.91809,0
13,4,1,10.0,3.55391e-07,4.06687e-08,1.72124e-05,0.236607,0.123506,1.91575,0
14,4,1,10.0,3.11835e-07,-4.04583e-08,1.71647e-05,0.236458,0.123351,1.91695,0
15,4,1,10.0,3.15656e-07,2.97877e-08,1.68889e-05,0.236363,0.12326,1.91759,0
16,4,1,10.0,3.05046e-07,-2.34666e-10,1.64263e-05,0.236316,0.123227,1.91773,0
17,4,1,10.0,3.32661e-07,3.0781e-08,1.5802e-05,0.236651,0.12365,1.91389,0
18,4,1,10.0,2.61037e-07,7.31065e-09,1.50366e-05,0.23648,0.12342,1.91606,0
19,4,1,10.0,2.74584e-07,1.95884e-08,1.40558e-05,0.236373,0.123293,1.91717,0
20,4,1,10.0,3.06317e-07,-4.70363e-09,1.28695e-05,0.236312,0.123224,1.91774,0
21,4,1,10.0,3.03264e-07,-5.37333e-08,1.14651e-05,0.23628,0.123189,1.91802,0
22,4,1,10.0,2.87244e-07,-1.15192e-07,9.78621e-06,0.236262,0.123171,1.91817,0
23,4,1,10.0,2.61614e-07,-1.99489e-07,7.7446e-06,0.236254,0.123162,1.91824,0
0,5,1,10.0,1.44534e-07,-1.86692e-07,9.46732e-06,0.238172,0.128625,1.85168,0
1,5,1,10.0,-3.14675e-07,4.59409e-07,8.92697e-06,0.237211,0.125744,1.88646,0
2,5,1,10.0,-9.63396e-08,2.84794e-07,9.36927e-06,0.236725,0.12439,1.90308,0
3,5,1,10.0,2.82009e-08,1.68652e-07,1.02259e-05,0.236482,0.123746,1.91103,0
4,5,1,10.0,1.26735e-07,8.80379e-08,1.12759e-05,0.236361,0.123437,1.91483,0
5,5,1,10.0,3.35487e-07,4.74974e-08,1.23731e-05,0.236301,0.123289,1.91665,0
6,5,1,10.0,3.60191e-07,1.19775e-09,1.34336e-05,0.236272,0.123218,1.91752,0
7,5,1,10.0,3.26339e-07,9.97711e-09,1.44008e-05,0.236258,0.123184,1.91793,0
8,5,1,10.0,3.5003e-07,-2.57989e-08,1.52888e-05,0.23626,0.123187,1.9179,0
9,5,1,10.0,2.6401e-07,-1.10108e-08,1.60751e-05,0.236581,0.123402,1.91715,0
10,5,1,10.0,2.94156e-07,-7.3989e-08,1.6732e-05,0.236445,0.123302,1.91761,0
11,5,1,10.0,3.15413e-07,-2.6164e-08,1.71798e-05,0.236357,0.123237,1.91791,0
12,5,1,10.0,3.46413e-07,-2.71074e-08,1.74413e-05,0.236305,0.123198,1.91809,0
13,5,1,10.0,3.34018e-07,1.9037e-08,1.75411e-05,0.236607,0.123506,1.91575,0
14,5,1,10.0,3.17941e-07,-2.79069e-08,1.74244e-05,0.236458,0.123351,1.91695,0
15,5,1,10.0,3.17807e-07,-3.49058e-08,1.70996e-05,0.236363,0.12326,1.91759,0
16,5,1,10.0,3.30287e-07,2.89017e-08,1.65912e-05,0.236316,0.123227,1.91773,0
17,5,1,10.0,3.40479e-07,-1.94025e-08,1.59285e-05,0.236651,0.12365,1.91389,0
18,5,1,10.0,2.58512e-07,-6.08005e-09,1.51146e-05,0.23648,0.12342,1.91606,0
19,5,1,10.0,2.83963e-07,-2.12655e-08,1.41033e-05,0.236373,0.123293,1.91717,0
20,5,1,10.0,3.15398e-07,-4.38251e-08,1.29025e-05,0.236312,0.123224,1.91774,0
21,5,1,10.0,3.12752e-07,-6.55261e-08,1.14788e-05,0.23628,0.123189,1.91802,0
22,5,1,10.0,3.01795e-07,-1.286e-07,9.78176e-06,0.236262,0.123171,1.91817,0
23,5,1,10.0,2.82219e-07,-2.12499e-07,7.72553e-06,0.236254,0.123162,1.91824,0
0,6,1,10.0,9.98819e-08,-1.74964e-07,1.03643e-05,0.238172,0.128625,1.85168,0
1,6,1,10.0,-2.97697e-07,4.90206e-07,9.76438e-06,0.237211,0.125744,1.88646,0
2,6,1,10.0,-1.92132e-07,2.5862e-07,1.02311e-05,0.236725,0.12439,1.90308,0
3,6,1,10.0,-2.47124e-08,1.63906e-07,1.11259e-05,0.236482,0.123746,1.91103,0
4,6,1,10.0,1.06758e-07,8.96005e-08,1.2242e-05,0.236361,0.123437,1.91483,0
5,6,1,10.0,2.01421e-07,-1.62725e-08,1.34036e-05,0.236301,0.123289,1.91665,0
6,6,1,10.0,2.45957e-07,-1.72901e-08,1.44769e-05,0.236272,0.123218,1.91752,0
7,6,1,10.0,3.09089e-07,3.85411e-09,1.54121e-05,0.236258,0.123184,1.91793,0
8,6,1,10.0,2.71624e-07,-3.01272e-09,1.62335e-05,0.23626,0.123187,1.9179,0
9,6,1,10.0,2.92161e-07,-4.41395e-08,1.69224e-05,0.236581,0.123402,1.91715,0
10,6,1,10.0,3.24207e-07,-8.81398e-08,1.74913e-05,0.236445,0.123302,1.91761,0
11,6,1,10.0,3.46786e-07,-6.63523e-08,1.78583e-05,0.236357,0.123237,1.91791,0
12,6,1,10.0,3.42462e-07,-2.84228e-08,1.80374e-05,0.236305,0.123198,1.91809,0
13,6,1,10.0,3.16524e-07,2.46772e-08,1.79621e-05,0.236607,0.123506,1.91575,0
14,6,1,10.0,3.36712e-07,-4.60078e-08,1.77726e-05,0.236458,0.123351,1.91695,0
15,6,1,10.0,3.40719e-07,-2.42137e-08,1.7387e-05,0.236363,0.12326,1.91759,0
16,6,1,10.0,3.39173e-07,-8.15727e-10,1.6826e-05,0.236316,0.123227,1.91773,0
17,6,1,10.0,3.53016e-07,-1.90366e-08,1.61054e-05,0.236651,0.12365,1.91389,0
18,6,1,10.0,2.71095e-07,-1.22714e-08,1.5225e-05,0.23648,0.12342,1.91606,0
19,6,1,10.0,3.02835e-07,-1.9629e-08,1.41732e-05,0.236373,0.123293,1.91717,0
20,6,1,10.0,3.17405e-07,-3.6561e-08,1.29417e-05,0.236312,0.123224,1.91774,0
21,6,1,10.0,3.2579e-07,-7.49157e-08,1.14903e-05,0.23628,0.123189,1.91802,0
22,6,1,10.0,3.14695e-07,-1.20038e-07,9.76735e-06,0.236262,0.123171,1.91817,0
23,6,1,10.0,3.0367e-07,-2.09959e-07,7.6921e-06,0.236254,0.123162,1.91824,0
0,7,1,10.0,6.8482e-08,-1.68015e-07,1.10782e-05,0.238172,0.128625,1.85168,0
1,7,1,10.0,-3.43495e-07,4.79628e-07,1.04943e-05,0.237211,0.125744,1.88646,0
2,7,1,10.0,-2.65363e-07,3.02767e-07,1.09616e-05,0.236725,0.12439,1.90308,0
3,7,1,10.0,-7.58814e-08,1.73302e-07,1.19114e-05,0.236482,0.123746,1.91103,0
4,7,1,10.0,1.46523e-08,3.21909e-08,1.30889e-05,0.236361,0.123437,1.91483,0
5,7,1,10.0,1.01675e-07,4.30026e-08,1.42776e-05,0.236301,0.123289,1.91665,0
6,7,1,10.0,1.70593e-07,-1.42851e-08,1.53963e-05,0.236272,0.123218,1.91752,0
7,7,1,10.0,2.76096e-07,-3.53252e-08,1.63776e-05,0.236258,0.123184,1.91793,0
8,7,1,10.0,3.10483e-07,-2.43768e-08,1.71894e-05,0.23626,0.123187,1.9179,0
9,7,1,10.0,3.16559e-07,-3.79138e-08,1.78454e-05,0.236581,0.123402,1.91715,0
10,7,1,10.0,3.37638e-07,-7.98762e-08,1.83471e-05,0.236445,0.123302,1.91762,0
11,7,1,10.0,3.39322e-07,-4.93875e-08,1.86412e-05,0.236357,0.123236,1.91791,0
12,7,1,10.0,3.40774e-07,-2.23822e-08,1.87402e-05,0.236304,0.123198,1.91809,0
13,7,1,10.0,3.46433e-07,3.47964e-08,1.84954e-05,0.236607,0.123506,1.91575,0
14,7,1,10.0,3.79184e-07,-3.49947e-08,1.82263e-05,0.236458,0.123351,1.91695,0
15,7,1,10.0,3.69277e-07,-1.04221e-08,1.77677e-05,0.236363,0.12326,1.91759,0
16,7,1,10.0,3.71257e-07,-1.30714e-09,1.71392e-05,0.236316,0.123227,1.91773,0
17,7,1,10.0,3.72596e-07,-1.50116e-08,1.63567e-05,0.236651,0.12365,1.91389,0
18,7,1,10.0,3.02906e-07,2.49779e-09,1.54062e-05,0.23648,0.12342,1.91606,0
19,7,1,10.0,3.25175e-07,-1.40189e-08,1.43102e-05,0.236373,0.123293,1.91717,0
20,7,1,10.0,3.40642e-07,-3.29323e-08,1.30381e-05,0.236312,0.123224,1.91774,0
21,7,1,10.0,3.46161e-07,-6.93871e-08,1.155e-05,0.23628,0.123189,1.91802,0
22,7,1,10.0,3.42066e-07,-1.20815e-07,9.78966e-06,0.236262,0.123171,1.91816,0
23,7,1,10.0,3.3331e-07,-1.99764e-07,7.68269e-06,0.236254,0.123162,1.91824,0
0,8,1,10.0,5.77614e-08,-1.78377e-07,1.1656e-05,0.238172,0.128625,1.85168,0
1,8,1,10.0,-3.8279e-07,5.14872e-07,1.11273e-05,0.237211,0.125744,1.88646,0
2,8,1,10.0,-2.05657e-07,3.21449e-07,1.16303e-05,0.236725,0.12439,1.90308,0
3,8,1,10.0,-1.14078e-07,1.65239e-07,1.26186e-05,0.236482,0.123746,1.91103,0
4,8,1,10.0,-9.25725e-08,4.52647e-08,1.38246e-05,0.236361,0.123437,1.91483,0
5,8,1,10.0,9.83195e-08,1.07773e-08,1.50783e-05,0.236301,0.123289,1.91665,0
6,8,1,10.0,1.63594e-07,-4.46248e-08,1.6254e-05,0.236272,0.123218,1.91752,0
7,8,1,10.0,2.14867e-07,-4.9352e-08,1.7301e-05,0.236258,0.123184,1.91793,0
8,8,1,10.0,2.75861e-07,-4.80563e-08,1.8167e-05,0.23626,0.123186,1.9179,0
9,8,1,10.0,3.32189e-07,-5.19582e-08,1.88503e-05,0.23657,0.123383,1.91737,0
10,8,1,10.0,4.13201e-07,-8.21178e-08,1.93427e-05,0.236434,0.123282,1.91783,0
11,8,1,10.0,4.27185e-07,-4.63782e-08,1.96021e-05,0.236346,0.123221,1.91807,0
12,8,1,10.0,4.2048e-07,-8.19001e-09,1.96468e-05,0.236294,0.123186,1.91819,0
13,8,1,10.0,4.13026e-07,6.14151e-08,1.92417e-05,0.236584,0.123456,1.91635,0
14,8,1,10.0,5.01448e-07,-1.78884e-08,1.88888e-05,0.236444,0.123319,1.91734,0
15,8,1,10.0,4.86383e-07,4.15265e-09,1.83382e-05,0.236354,0.123241,1.91783,0
16,8,1,10.0,4.74939e-07,1.22322e-08,1.76329e-05,0.236311,0.123216,1.91786,0
17,8,1,10.0,4.56458e-07,-9.05526e-10,1.67812e-05,0.236651,0.12365,1.91389,0
18,8,1,10.0,4.34963e-07,9.7693e-09,1.57805e-05,0.236479,0.12342,1.91606,0
19,8,1,10.0,4.32824e-07,-4.41203e-09,1.46354e-05,0.236373,0.123293,1.91717,0
20,8,1,10.0,4.3251e-07,-3.04462e-08,1.33123e-05,0.236312,0.123224,1.91774,0
21,8,1,10.0,4.28156e-07,-6.5499e-08,1.1769e-05,0.23628,0.123189,1.91802,0
22,8,1,10.0,4.19881e-07,-1.18464e-07,9.95029e-06,0.236262,0.123171,1.91817,0
23,8,1,10.0,4.09636e-07,-1.97074e-07,7.78405e-06,0.236254,0.123162,1.91824,0
0,9,1,10.0,6.81144e-08,-1.73067e-07,1.22683e-05,0.238172,0.128625,1.85168,0
1,9,1,10.0,-3.53156e-07,5.38833e-07,1.1781e-05,0.237211,0.125744,1.88646,0
2,9,1,10.0,-2.61489e-07,2.84703e-07,1.23221e-05,0.236725,0.12439,1.90308,0
3,9,1,10.0,-1.60329e-07,1.55541e-07,1.33348e-05,0.236482,0.123746,1.91103,0
4,9,1,10.0,-2.49494e-08,9.41939e-08,1.45792e-05,0.236361,0.123437,1.91483,0
5,9,1,10.0,4.28255e-08,-3.62345e-08,1.5894e-05,0.236301,0.123289,1.91665,0
6,9,1,10.0,1.60661e-07,-3.51218e-09,1.71354e-05,0.236272,0.123218,1.91752,0
7,9,1,10.0,2.22833e-07,-3.82892e-08,1.82398e-05,0.236258,0.123184,1.91793,0
8,9,1,10.0,2.7024e-07,-3.39462e-08,1.91713e-05,0.23626,0.123187,1.9179,0
9,9,1,10.0,3.21134e-07,-8.4029e-08,1.99232e-05,0.236591,0.123422,1.91692,0
10,9,1,10.0,4.53143e-07,-1.4485e-07,2.0478e-05,0.236457,0.123322,1.9174,0
11,9,1,10.0,4.63909e-07,-9.91976e-08,2.07496e-05,0.236368,0.123253,1.91775,0
12,9,1,10.0,4.58271e-07,-6.0198e-08,2.07651e-05,0.236315,0.12321,1.91798,0
13,9,1,10.0,4.92245e-07,-2.39087e-08,2.0574e-05,0.236285,0.123185,1.91813,0
14,9,1,10.0,4.68815e-07,4.24518e-08,1.97112e-05,0.236258,0.123163,1.91825,0
15,9,1,10.0,4.73687e-07,5.1725e-08,1.90641e-05,0.236252,0.123158,1.91828,0
16,9,1,10.0,4.65774e-07,6.15352e-08,1.82787e-05,0.236257,0.123174,1.91808,0
17,9,1,10.0,4.68512e-07,3.5887e-08,1.73742e-05,0.236583,0.123409,1.91707,0
18,9,1,10.0,5.0885e-07,-7.553e-09,1.63505e-05,0.236447,0.123305,1.91757,0
19,9,1,10.0,5.03871e-07,-2.71778e-08,1.51586e-05,0.236357,0.123238,1.91789,0
20,9,1,10.0,4.98208e-07,-5.40886e-08,1.37754e-05,0.236305,0.123199,1.91808,0
21,9,1,10.0,4.94966e-07,-9.2772e-08,1.21618e-05,0.236276,0.123177,1.91818,0
22,9,1,10.0,4.87865e-07,-1.4154e-07,1.02661e-05,0.236261,0.123165,1.91824,0
23,9,1,10.0,4.81616e-07,-2.15485e-07,8.01644e-06,0.236253,0.123159,1.91827,0
0,10,1,10.0,8.27292e-08,-1.44899e-07,1.2949e-05,0.238172,0.128625,1.85168,0
1,10,1,10.0,-3.45277e-07,4.9208e-07,1.25188e-05,0.237211,0.125744,1.88646,0
2,10,1,10.0,-2.36856e-07,3.33689e-07,1.30766e-05,0.236725,0.12439,1.90308,0
3,10,1,10.0,-1.2611e-07,1.4833e-07,1.41183e-05,0.236482,0.123746,1.91103,0
4,10,1,10.0,-6.94268e-08,1.65181e-08,1.5406e-05,0.236361,0.123437,1.91483,0
5,10,1,10.0,5.44308e-08,2.32476e-08,1.6752e-05,0.236301,0.123289,1.91665,0
6,10,1,10.0,1.15407e-07,-3.23981e-08,1.80444e-05,0.236272,0.123218,1.91752,0
7,10,1,10.0,2.11873e-07,-7.94936e-08,1.92125e-05,0.236258,0.123184,1.91793,0
8,10,1,10.0,2.89999e-07,-7.29945e-08,2.02031e-05,0.23626,0.123187,1.9179,0
9,10,1,10.0,3.42355e-07,-1.02655e-07,2.10043e-05,0.236581,0.123402,1.91715,0
10,10,1,10.0,3.78695e-07,-1.36007e-07,2.1588e-05,0.236445,0.123302,1.91761,0
11,10,1,10.0,3.73232e-07,-9.1283e-08,2.18511e-05,0.236357,0.123237,1.91791,0
12,10,1,10.0,3.69586e-07,-4.26389e-08,2.18353e-05,0.236305,0.123198,1.91809,0
13,10,1,10.0,3.83716e-07,-7.31789e-09,2.15984e-05,0.236276,0.123176,1.91819,0
14,10,1,10.0,4.24826e-07,4.68154e-08,2.05771e-05,0.236253,0.123159,1.91827,0
15,10,1,10.0,4.29074e-07,7.09607e-08,1.98542e-05,0.236249,0.123156,1.91829,0
16,10,1,10.0,4.42133e-07,6.55015e-08,1.901e-05,0.236255,0.123173,1.91808,0
17,10,1,10.0,4.65933e-07,4.42155e-08,1.80615e-05,0.23658,0.123402,1.91714,0
18,10,1,10.0,5.16796e-07,-5.65343e-09,1.70034e-05,0.236445,0.123302,1.91761,0
19,10,1,10.0,5.17736e-07,-2.47004e-08,1.57596e-05,0.236357,0.123237,1.91791,0
20,10,1,10.0,5.17353e-07,-5.19108e-08,1.43089e-05,0.236304,0.123198,1.91809,0
21,10,1,10.0,5.2005e-07,-9.07408e-08,1.2621e-05,0.236276,0.123176,1.91819,0
22,10,1,10.0,5.20131e-07,-1.38021e-07,1.06411e-05,0.236261,0.123165,1.91824,0
23,10,1,10.0,5.29308e-07,-2.15443e-07,8.302e-06,0.236253,0.123159,1.91827,0
0,11,1,10.0,9.32758e-08,-1.58399e-07,1.37616e-05,0.238172,0.128625,1.85168,0
1,11,1,10.0,-3.47012e-07,5.32669e-07,1.33337e-05,0.237211,0.125744,1.88646,0
2,11,1,10.0,-2.44248e-07,2.60103e-07,1.38944e-05,0.236725,0.12439,1.90308,0
3,11,1,10.0,-1.55179e-07,1.38509e-07,1.49534e-05,0.236482,0.123746,1.91103,0
4,11,1,10.0,-1.05518e-07,8.04625e-08,1.62351e-05,0.236361,0.123437,1.91483,0
5,11,1,10.0,-1.91467e-08,-4.66823e-08,1.76034e-05,0.236301,0.123289,1.91665,0
6,11,1,10.0,9.30173e-08,-2.31363e-08,1.89324e-05,0.236272,0.123218,1.91752,0
7,11,1,10.0,1.72745e-07,-6.04099e-08,2.01472e-05,0.236258,0.123184,1.91793,0
8,11,1,10.0,2.37525e-07,-7.98127e-08,2.11734e-05,0.23626,0.123187,1.9179,0
9,11,1,10.0,2.71789e-07,-1.08158e-07,2.19862e-05,0.236581,0.123402,1.91715,0
10,11,1,10.0,3.11428e-07,-1.37839e-07,2.25504e-05,0.236445,0.123302,1.91761,0
11,11,1,10.0,3.2193e-07,-8.10634e-08,2.27897e-05,0.236357,0.123237,1.91791,0
12,11,1,10.0,3.34094e-07,-3.99333e-08,2.2753e-05,0.236305,0.123198,1.91809,0
13,11,1,10.0,3.49364e-07,8.37019e-10,2.24924e-05,0.236276,0.123176,1.91819,0
14,11,1,10.0,3.72029e-07,5.34959e-08,2.14129e-05,0.236253,0.123159,1.91828,0
15,11,1,10.0,3.85653e-07,6.81657e-08,2.06486e-05,0.236249,0.123156,1.91829,0
16,11,1,10.0,4.10848e-07,6.89496e-08,1.97619e-05,0.236255,0.123173,1.91808,0
17,11,1,10.0,4.40597e-07,4.29104e-08,1.87631e-05,0.23658,0.123402,1.91714,0
18,11,1,10.0,5.07338e-07,-1.21975e-08,1.76491e-05,0.236445,0.123302,1.91761,0
19,11,1,10.0,5.14708e-07,-2.59089e-08,1.63403e-05,0.236357,0.123237,1.91791,0
20,11,1,10.0,5.267e-07,-5.78613e-08,1.48213e-05,0.236304,0.123198,1.91809,0
21,11,1,10.0,5.34582e-07,-9.19996e-08,1.30577e-05,0.236276,0.123176,1.91819,0
22,11,1,10.0,5.50895e-07,-1.45306e-07,1.10006e-05,0.236261,0.123165,1.91824,0
23,11,1,10.0,5.64212e-07,-2.18719e-07,8.57583e-06,0.236253,0.123159,1.91827,0
0,12,1,10.0,8.77296e-08,-1.08429e-07,1.46282e-05,0.238172,0.128625,1.85168,0
1,12,1,10.0,-3.56601e-07,4.88935e-07,1.41956e-05,0.237211,0.125744,1.88646,0
2,12,1,10.0,-2.35816e-07,3.05847e-07,1.47391e-05,0.236725,0.12439,1.90308,0
3,12,1,10.0,-2.32872e-07,1.68203e-07,1.57535e-05,0.236482,0.123746,1.91103,0
4,12,1,10.0,-1.20167e-07,3.56001e-09,1.70477e-05,0.236369,0.123455,1.91461,0
5,12,1,10.0,1.31192e-08,1.12548e-08,1.84343e-05,0.236309,0.123306,1.91645,0
6,12,1,10.0,9.69203e-08,-6.05727e-08,1.97949e-05,0.236278,0.12323,1.91737,0
7,12,1,10.0,1.68035e-07,-1.1126e-07,2.10309e-05,0.236262,0.123192,1.91783,0
8,12,1,10.0,2.44725e-07,-1.16301e-07,2.20583e-05,0.236262,0.123191,1.91784,0
9,12,1,10.0,2.72165e-07,-1.26312e-07,2.2865e-05,0.236581,0.123403,1.91715,0
10,12,1,10.0,3.08551e-07,-1.54053e-07,2.34252e-05,0.236446,0.123302,1.91761,0
11,12,1,10.0,3.27563e-07,-1.04557e-07,2.36603e-05,0.236357,0.123237,1.91791,0
12,12,1,10.0,3.43059e-07,-6.32976e-08,2.36193e-05,0.236305,0.123199,1.91808,0
13,12,1,10.0,3.22945e-07,-4.95867e-09,2.33404e-05,0.236276,0.123176,1.91819,0
14,12,1,10.0,3.16786e-07,4.60345e-08,2.22529e-05,0.236261,0.123177,1.91807,0
15,12,1,10.0,3.31842e-07,6.72844e-08,2.14661e-05,0.236254,0.123169,1.91814,0
16,12,1,10.0,3.67439e-07,5.68032e-08,2.05322e-05,0.236259,0.123181,1.91799,0
17,12,1,10.0,4.11748e-07,3.99615e-08,1.94677e-05,0.23658,0.123403,1.91714,0
18,12,1,10.0,5.03558e-07,7.35166e-09,1.8269e-05,0.236445,0.123302,1.91761,0
19,12,1,10.0,5.30706e-07,-2.24487e-08,1.68845e-05,0.236357,0.123237,1.91791,0
20,12,1,10.0,5.49826e-07,-5.33997e-08,1.52927e-05,0.236305,0.123198,1.91809,0
21,12,1,10.0,5.6841e-07,-9.08137e-08,1.3455e-05,0.236276,0.123177,1.91819,0
22,12,1,10.0,5.84277e-07,-1.47846e-07,1.13217e-05,0.236261,0.123165,1.91824,0
23,12,1,10.0,6.03867e-07,-2.20346e-07,8.8173e-06,0.236253,0.123159,1.91827,0
0,13,1,10.0,7.94316e-08,-1.25517e-07,1.65043e-05,0.238173,0.128626,1.85168,0
1,13,1,10.0,-4.2751e-07,4.52105e-07,1.60512e-05,0.237214,0.125746,1.88645,0
2,13,1,10.0,-2.90551e-07,2.68395e-07,1.655e-05,0.23673,0.124394,1.90307,0
3,13,1,10.0,-1.56783e-07,1.20874e-07,1.75125e-05,0.236488,0.12375,1.91101,0
4,13,1,10.0,-8.82799e-08,4.49918e-08,1.78783e-05,0.236657,0.123641,1.91406,0
5,13,1,10.0,2.85839e-08,-1.77264e-07,1.92736e-05,0.236481,0.123408,1.91625,0
6,13,1,10.0,7.93036e-08,-7.72078e-08,2.06137e-05,0.236376,0.123286,1.9173,0
7,13,1,10.0,1.42442e-07,-1.3993e-07,2.18287e-05,0.236317,0.123222,1.91781,0
8,13,1,10.0,2.08215e-07,-1.43565e-07,2.28444e-05,0.236295,0.123208,1.91784,0
9,13,1,10.0,2.62138e-07,-1.81873e-07,2.36389e-05,0.236637,0.123568,1.91503,0
10,13,1,10.0,3.8254e-07,-3.43401e-07,2.42299e-05,0.236479,0.123391,1.9165,0
11,13,1,10.0,3.98591e-07,-2.76735e-07,2.44718e-05,0.236379,0.123286,1.91732,0
12,13,1,10.0,3.83759e-07,-2.1428e-07,2.44225e-05,0.23632,0.123226,1.91778,0
13,13,1,10.0,3.63416e-07,-1.00156e-07,2.36996e-05,0.236615,0.12352,1.91559,0
14,13,1,10.0,4.14784e-07,-1.92675e-07,2.31529e-05,0.236463,0.123355,1.91692,0
15,13,1,10.0,4.24752e-07,-1.43421e-07,2.23459e-05,0.236368,0.123262,1.9176,0
16,13,1,10.0,4.37296e-07,-9.27945e-08,2.1359e-05,0.236322,0.123229,1.91774,0
17,13,1,10.0,4.67486e-07,-9.4637e-08,2.0206e-05,0.236675,0.123699,1.91331,0
18,13,1,10.0,4.75866e-07,2.14815e-08,1.88727e-05,0.236498,0.123453,1.91568,0
19,13,1,10.0,4.93805e-07,-1.11091e-09,1.73985e-05,0.236387,0.123315,1.91694,0
20,13,1,10.0,5.18621e-07,-3.36467e-08,1.57287e-05,0.236324,0.123239,1.9176,0
21,13,1,10.0,5.42813e-07,-7.41534e-08,1.38131e-05,0.23629,0.1232,1.91794,0
22,13,1,10.0,5.63663e-07,-1.13587e-07,1.16019e-05,0.236272,0.12318,1.91811,0
23,13,1,10.0,5.92111e-07,-1.9743e-07,9.0184e-06,0.236263,0.123169,1.9182,0
0,14,1,10.0,7.86252e-08,-1.68368e-07,1.74208e-05,0.238172,0.128625,1.85168,0
1,14,1,10.0,-4.89264e-07,4.90703e-07,1.699e-05,0.237211,0.125744,1.88646,0
2,14,1,10.0,-3.22451e-07,2.71035e-07,1.74866e-05,0.236725,0.12439,1.90308,0
3,14,1,10.0,-2.13087e-07,1.20038e-07,1.84154e-05,0.236482,0.123746,1.91103,0
4,14,1,10.0,-1.08521e-07,2.6655e-08,1.95612e-05,0.236361,0.123437,1.91483,0
5,14,1,10.0,5.44888e-09,-3.29978e-08,2.08005e-05,0.236301,0.123289,1.91665,0
6,14,1,10.0,6.27891e-08,-6.11951e-08,2.20282e-05,0.236272,0.123218,1.91752,0
7,14,1,10.0,1.01858e-07,-7.3047e-08,2.31563e-05,0.236258,0.123184,1.91793,0
8,14,1,10.0,1.95304e-07,-6.66502e-08,2.41216e-05,0.23626,0.123187,1.9179,0
9,14,1,10.0,2.65818e-07,-9.23103e-08,2.49013e-05,0.236581,0.123402,1.91715,0
10,14,1,10.0,3.50793e-07,-1.2154e-07,2.54544e-05,0.236445,0.123302,1.91761,0
11,14,1,10.0,3.87892e-07,-7.6668e-08,2.57074e-05,0.236357,0.123237,1.91791,0
12,14,1,10.0,3.90892e-07,1.00029e-08,2.569e-05,0.236303,0.123197,1.91809,0
13,14,1,10.0,3.98042e-07,1.89614e-08,2.54823e-05,0.236646,0.123639,1.91401,0
14,14,1,10.0,4.99947e-07,3.19983e-10,2.45134e-05,0.236372,0.12329,1.9172,0
15,14,1,10.0,5.02936e-07,2.16172e-08,2.36992e-05,0.236312,0.123224,1.91775,0
16,14,1,10.0,5.09483e-07,2.53865e-08,2.26884e-05,0.236288,0.123207,1.91781,0
17,14,1,10.0,5.00574e-07,4.09077e-09,2.14932e-05,0.236613,0.123517,1.91564,0
18,14,1,10.0,5.10787e-07,7.83734e-09,2.00985e-05,0.236461,0.123356,1.91689,0
19,14,1,10.0,5.17115e-07,-1.55119e-08,1.85072e-05,0.236364,0.123263,1.91757,0
20,14,1,10.0,5.44453e-07,-4.47472e-08,1.66961e-05,0.236308,0.12321,1.91793,0
21,14,1,10.0,5.78405e-07,-8.67907e-08,1.4629e-05,0.236278,0.123182,1.91811,0
22,14,1,10.0,5.91127e-07,-1.35107e-07,1.22438e-05,0.236261,0.123168,1.91821,0
23,14,1,10.0,6.27224e-07,-2.19235e-07,9.46589e-06,0.236253,0.12316,1.91826,0
0,15,1,10.0,1.16113e-07,-1.65938e-07,1.84129e-05,0.238172,0.128625,1.85168,0
1,15,1,10.0,-5.15333e-07,5.23976e-07,1.80336e-05,0.237211,0.125744,1.88646,0
2,15,1,10.0,-3.44203e-07,3.07524e-07,1.85235e-05,0.236725,0.12439,1.90308,0
3,15,1,10.0,-1.99228e-07,1.68699e-07,1.944e-05,0.236481,0.123746,1.91103,0
4,15,1,10.0,-8.25563e-08,7.7903e-08,2.05902e-05,0.236361,0.123437,1.91483,0
5,15,1,10.0,-1.239e-08,2.73552e-08,2.18255e-05,0.236301,0.123288,1.91666,0
6,15,1,10.0,3.9453e-08,-8.51945e-09,2.30398e-05,0.236272,0.123217,1.91752,0
7,15,1,10.0,9.92152e-08,-2.04275e-08,2.41615e-05,0.236258,0.123183,1.91793,0
8,15,1,10.0,1.5894e-07,-2.47338e-08,2.51462e-05,0.23626,0.123186,1.91791,0
9,15,1,10.0,2.13958e-07,-5.63394e-08,2.59429e-05,0.23658,0.123402,1.91715,0
10,15,1,10.0,3.04858e-07,-9.88132e-08,2.65134e-05,0.236445,0.123302,1.91762,0
11,15,1,10.0,3.25841e-07,-5.13783e-08,2.67845e-05,0.236356,0.123236,1.91791,0
12,15,1,10.0,3.19666e-07,3.85926e-08,2.67897e-05,0.236303,0.123197,1.91809,0
13,15,1,10.0,3.48472e-07,3.93888e-08,2.65952e-05,0.236646,0.123639,1.91401,0
14,15,1,10.0,4.80794e-07,1.58469e-08,2.56239e-05,0.236372,0.12329,1.9172,0
15,15,1,10.0,4.8723e-07,2.99207e-08,2.47913e-05,0.236312,0.123224,1.91775,0
16,15,1,10.0,4.88667e-07,3.1158e-08,2.37564e-05,0.236288,0.123207,1.91781,0
17,15,1,10.0,4.78293e-07,1.00977e-08,2.25184e-05,0.236612,0.123516,1.91564,0
18,15,1,10.0,4.84021e-07,1.00444e-08,2.10769e-05,0.236461,0.123356,1.9169,0
19,15,1,10.0,4.98884e-07,-5.85565e-09,1.94146e-05,0.236364,0.123262,1.91757,0
20,15,1,10.0,5.29175e-07,-3.94509e-08,1.75212e-05,0.236308,0.12321,1.91793,0
21,15,1,10.0,5.49848e-07,-8.04426e-08,1.53517e-05,0.236277,0.123182,1.91812,0
22,15,1,10.0,5.83324e-07,-1.37425e-07,1.2841e-05,0.236261,0.123167,1.91821,0
23,15,1,10.0,6.31847e-07,-2.21096e-07,9.91972e-06,0.236253,0.12316,1.91826,0
0,16,1,10.0,1.8986e-07,-1.60553e-07,1.9766e-05,0.23817,0.128624,1.85168,0
1,16,1,10.0,-5.19839e-07,5.26428e-07,1.93339e-05,0.237207,0.125742,1.88646,0
2,16,1,10.0,-2.99089e-07,3.15842e-07,1.98323e-05,0.236719,0.124387,1.90309,0
3,16,1,10.0,-1.28017e-07,1.81618e-07,2.07874e-05,0.236475,0.123742,1.91104,0
4,16,1,10.0,-1.58177e-08,9.52289e-08,2.19827e-05,0.236353,0.123432,1.91484,0
5,16,1,10.0,9.14884e-08,4.1383e-08,2.32598e-05,0.236293,0.123283,1.91666,0
6,16,1,10.0,1.61148e-07,1.32041e-08,2.45114e-05,0.236264,0.123212,1.91753,0
7,16,1,10.0,2.21538e-07,3.58605e-09,2.56732e-05,0.236249,0.123178,1.91794,0
8,16,1,10.0,2.67317e-07,-8.67302e-09,2.66903e-05,0.236251,0.123181,1.91792,0
9,16,1,10.0,3.37049e-07,-3.23217e-08,2.75192e-05,0.236555,0.123348,1.91779,0
10,16,1,10.0,3.87382e-07,-6.37776e-08,2.81042e-05,0.236426,0.123265,1.91803,0
11,16,1,10.0,4.13085e-07,-1.23607e-08,2.83927e-05,0.236342,0.123213,1.91816,0
12,16,1,10.0,4.05263e-07,5.42408e-08,2.84066e-05,0.236291,0.123181,1.91824,0
13,16,1,10.0,4.19963e-07,6.92531e-08,2.82124e-05,0.236632,0.123609,1.91436,0
14,16,1,10.0,5.37794e-07,3.96556e-08,2.71919e-05,0.236369,0.123284,1.91728,0
15,16,1,10.0,5.27253e-07,5.47371e-08,2.63164e-05,0.236311,0.123221,1.91779,0
16,16,1,10.0,5.01798e-07,5.98252e-08,2.52197e-05,0.236287,0.123205,1.91783,0
17,16,1,10.0,4.99955e-07,3.4229e-08,2.39164e-05,0.236602,0.123497,1.91586,0
18,16,1,10.0,5.51394e-07,2.33164e-08,2.24149e-05,0.236449,0.123336,1.91711,0
19,16,1,10.0,5.69231e-07,1.03607e-09,2.0669e-05,0.236353,0.123247,1.91772,0
20,16,1,10.0,5.89506e-07,-3.49555e-08,1.86757e-05,0.236298,0.123198,1.91804,0
21,16,1,10.0,6.1204e-07,-7.91408e-08,1.63801e-05,0.236268,0.123173,1.91818,0
22,16,1,10.0,6.43174e-07,-1.39525e-07,1.37193e-05,0.236252,0.12316,1.91825,0
23,16,1,10.0,6.93059e-07,-2.25734e-07,1.06152e-05,0.236244,0.123153,1.91829,0
0,17,1,10.0,1.92897e-07,-2.06137e-07,2.1366e-05,0.238173,0.128626,1.85168,0
1,17,1,10.0,-5.10149e-07,4.7476e-07,2.07887e-05,0.237214,0.125746,1.88645,0
2,17,1,10.0,-2.8742e-07,2.40179e-07,2.13173e-05,0.23673,0.124394,1.90307,0
3,17,1,10.0,-1.16575e-07,1.22807e-07,2.2353e-05,0.236488,0.12375,1.91102,0
4,17,1,10.0,1.67405e-08,2.58115e-08,2.36348e-05,0.236368,0.123442,1.91482,0
5,17,1,10.0,1.01693e-07,-5.39004e-08,2.49997e-05,0.236309,0.123293,1.91664,0
6,17,1,10.0,1.816e-07,-8.61113e-08,2.63296e-05,0.236281,0.123223,1.91751,0
7,17,1,10.0,2.43348e-07,-8.57728e-08,2.75608e-05,0.236267,0.123189,1.91792,0
8,17,1,10.0,3.05685e-07,-1.05533e-07,2.86399e-05,0.236268,0.123191,1.9179,0
9,17,1,10.0,3.25967e-07,-1.3852e-07,2.95158e-05,0.236607,0.123458,1.9165,0
10,17,1,10.0,4.9288e-07,-1.86966e-07,3.01543e-05,0.236465,0.123339,1.9172,0
11,17,1,10.0,4.77455e-07,-1.45985e-07,3.0453e-05,0.236371,0.12326,1.91766,0
12,17,1,10.0,4.31426e-07,-4.8326e-08,3.04467e-05,0.236315,0.123213,1.91794,0
13,17,1,10.0,4.32188e-07,-2.76732e-08,3.02234e-05,0.23666,0.123669,1.91365,0
14,17,1,10.0,5.82784e-07,-4.99604e-08,2.91206e-05,0.236375,0.123297,1.91712,0
15,17,1,10.0,5.30049e-07,-7.64187e-09,2.81532e-05,0.236314,0.123227,1.91771,0
16,17,1,10.0,5.13576e-07,1.33107e-08,2.69639e-05,0.236289,0.123208,1.9178,0
17,17,1,10.0,5.17168e-07,-9.84889e-09,2.55722e-05,0.236623,0.123536,1.91542,0
18,17,1,10.0,5.17247e-07,-1.55994e-08,2.39846e-05,0.236472,0.123376,1.91668,0
19,17,1,10.0,5.66095e-07,-1.46358e-08,2.21527e-05,0.236375,0.123278,1.91741,0
20,17,1,10.0,5.80696e-07,-5.20155e-08,2.00511e-05,0.236318,0.123222,1.91783,0
21,17,1,10.0,6.04768e-07,-9.56822e-08,1.76224e-05,0.236287,0.123191,1.91805,0
22,17,1,10.0,6.30051e-07,-1.4325e-07,1.47915e-05,0.236271,0.123175,1.91817,0
23,17,1,10.0,6.74996e-07,-2.31728e-07,1.14785e-05,0.236262,0.123167,1.91823,0
0,18,1,10.0,1.03609e-07,-9.69645e-08,2.26956e-05,0.238172,0.128625,1.85168,0
1,18,1,10.0,-4.81309e-07,4.38922e-07,2.20873e-05,0.237211,0.125744,1.88646,0
2,18,1,10.0,-2.72178e-07,2.77514e-07,2.26496e-05,0.236725,0.12439,1.90308,0
3,18,1,10.0,-1.90856e-07,1.08381e-07,2.37336e-05,0.236482,0.123746,1.91103,0
4,18,1,10.0,-8.9878e-08,3.39292e-08,2.50735e-05,0.236361,0.123437,1.91483,0
5,18,1,10.0,-1.04209e-08,-1.78212e-08,2.64982e-05,0.236301,0.123289,1.91665,0
6,18,1,10.0,6.99877e-08,-6.02862e-08,2.7893e-05,0.236272,0.123218,1.91752,0
7,18,1,10.0,1.15773e-07,-1.21899e-07,2.91831e-05,0.236258,0.123184,1.91793,0
8,18,1,10.0,1.26257e-07,-5.10043e-08,3.03e-05,0.23626,0.123187,1.9179,0
9,18,1,10.0,2.13032e-07,-1.38065e-07,3.12237e-05,0.236581,0.123403,1.91714,0
10,18,1,10.0,2.38196e-07,-1.95967e-07,3.1895e-05,0.236446,0.123302,1.91761,0
11,18,1,10.0,2.33873e-07,-1.3576e-07,3.21734e-05,0.236357,0.123237,1.91791,0
12,18,1,10.0,2.30395e-07,6.20842e-09,3.21269e-05,0.236303,0.123197,1.91809,0
13,18,1,10.0,2.60222e-07,-2.93711e-08,3.18794e-05,0.236646,0.123639,1.914,0
14,18,1,10.0,3.78362e-07,-5.29883e-08,3.07116e-05,0.236372,0.12329,1.9172,0
15,18,1,10.0,3.68136e-07,2.80653e-08,2.96769e-05,0.236312,0.123224,1.91775,0
16,18,1,10.0,3.63912e-07,-2.22507e-09,2.84271e-05,0.236288,0.123207,1.91781,0
17,18,1,10.0,3.90174e-07,2.26349e-08,2.69876e-05,0.236613,0.123517,1.91563,0
18,18,1,10.0,4.36029e-07,-6.18491e-09,2.53549e-05,0.236461,0.123356,1.91689,0
19,18,1,10.0,4.6195e-07,-3.08632e-08,2.3466e-05,0.236364,0.123263,1.91757,0
20,18,1,10.0,4.66639e-07,-4.63076e-08,2.12748e-05,0.236308,0.12321,1.91793,0
21,18,1,10.0,4.76544e-07,-1.13073e-07,1.87286e-05,0.236278,0.123182,1.91811,0
22,18,1,10.0,5.15637e-07,-1.60915e-07,1.57513e-05,0.236262,0.123168,1.91821,0
23,18,1,10.0,5.65503e-07,-2.40274e-07,1.22565e-05,0.236253,0.12316,1.91826,0
0,19,1,10.0,8.85183e-08,-1.96814e-07,2.37047e-05,0.238172,0.128625,1.85168,0
1,19,1,10.0,-3.63082e-07,4.72099e-07,2.30861e-05,0.237211,0.125744,1.88646,0
2,19,1,10.0,-2.28417e-07,2.87e-07,2.36429e-05,0.236725,0.12439,1.90308,0
3,19,1,10.0,-1.96669e-07,1.47625e-07,2.46995e-05,0.236482,0.123746,1.91103,0
4,19,1,10.0,-1.17379e-07,7.58037e-08,2.60305e-05,0.236361,0.123437,1.91483,0
5,19,1,10.0,-6.36717e-08,1.37389e-08,2.74536e-05,0.236301,0.123289,1.91665,0
6,19,1,10.0,7.56737e-09,-4.90319e-08,2.88601e-05,0.236272,0.123218,1.91752,0
7,19,1,10.0,1.78033e-08,-1.11084e-08,3.01527e-05,0.236258,0.123184,1.91793,0
8,19,1,10.0,9.03252e-08,-8.21912e-08,3.12748e-05,0.23626,0.123187,1.9179,0
9,19,1,10.0,9.45059e-08,-8.20116e-08,3.21975e-05,0.236581,0.123402,1.91715,0
10,19,1,10.0,9.51688e-08,-1.1891e-07,3.28315e-05,0.236445,0.123302,1.91761,0
11,19,1,10.0,1.15267e-07,-6.76115e-08,3.30817e-05,0.236357,0.123237,1.91791,0
12,19,1,10.0,1.49934e-07,-9.30526e-09,3.30182e-05,0.236303,0.123197,1.91809,0
13,19,1,10.0,1.78048e-07,4.03009e-08,3.27568e-05,0.236646,0.123639,1.91401,0
14,19,1,10.0,2.57889e-07,3.57916e-08,3.15549e-05,0.236372,0.12329,1.9172,0
15,19,1,10.0,2.69291e-07,2.23178e-08,3.05109e-05,0.236312,0.123224,1.91775,0
16,19,1,10.0,2.77824e-07,6.11863e-08,2.92509e-05,0.236288,0.123207,1.91781,0
17,19,1,10.0,3.00719e-07,2.65863e-08,2.78066e-05,0.236613,0.123516,1.91564,0
18,19,1,10.0,3.42751e-07,1.67508e-08,2.6179e-05,0.236461,0.123356,1.91689,0
19,19,1,10.0,3.6176e-07,-2.86039e-08,2.42611e-05,0.236364,0.123263,1.91757,0
20,19,1,10.0,3.66503e-07,-6.65219e-08,2.20161e-05,0.236308,0.12321,1.91793,0
21,19,1,10.0,3.77108e-07,-9.00022e-08,1.93905e-05,0.236278,0.123182,1.91811,0
22,19,1,10.0,4.22383e-07,-1.61628e-07,1.63242e-05,0.236261,0.123168,1.91821,0
23,19,1,10.0,4.49146e-07,-2.48028e-07,1.27167e-05,0.236253,0.12316,1.91826,0
0,20,1,10.0,1.1733e-08,-1.73465e-07,2.44165e-05,0.238172,0.128625,1.85168,0
1,20,1,10.0,-2.76951e-07,4.77557e-07,2.37798e-05,0.237211,0.125744,1.88646,0
2,20,1,10.0,-2.76148e-07,2.82789e-07,2.42844e-05,0.236725,0.12439,1.90308,0
3,20,1,10.0,-1.97377e-07,1.72464e-07,2.52823e-05,0.236482,0.123746,1.91103,0
4,20,1,10.0,-1.8466e-07,7.97747e-08,2.65455e-05,0.236361,0.123437,1.91483,0
5,20,1,10.0,-1.28635e-07,2.92542e-08,2.79107e-05,0.236301,0.123289,1.91665,0
6,20,1,10.0,-1.00999e-07,-1.96719e-08,2.92697e-05,0.236272,0.123218,1.91752,0
7,20,1,10.0,-6.39077e-08,-5.23403e-08,3.05174e-05,0.236258,0.123184,1.91793,0
8,20,1,10.0,-6.47141e-08,-5.81138e-08,3.15908e-05,0.23626,0.123187,1.9179,0
9,20,1,10.0,-7.24557e-08,-9.87795e-08,3.2442e-05,0.236581,0.123402,1.91715,0
10,20,1,10.0,-5.59662e-08,-1.338e-07,3.3026e-05,0.236445,0.123302,1.91761,0
11,20,1,10.0,-3.08555e-08,-7.29654e-08,3.32494e-05,0.236357,0.123237,1.91791,0
12,20,1,10.0,2.92767e-08,1.87048e-08,3.31795e-05,0.236303,0.123197,1.91809,0
13,20,1,10.0,6.46469e-08,2.77105e-08,3.29117e-05,0.236646,0.123639,1.91401,0
14,20,1,10.0,1.26488e-07,1.51848e-08,3.1704e-05,0.236372,0.12329,1.9172,0
15,20,1,10.0,1.39632e-07,3.49334e-08,3.06736e-05,0.236312,0.123224,1.91775,0
16,20,1,10.0,1.77912e-07,5.76259e-08,2.94299e-05,0.236288,0.123207,1.91781,0
17,20,1,10.0,1.97427e-07,3.62341e-08,2.80045e-05,0.236613,0.123516,1.91564,0
18,20,1,10.0,2.02916e-07,-2.60307e-09,2.63819e-05,0.236461,0.123356,1.91689,0
19,20,1,10.0,2.15774e-07,1.62665e-08,2.44526e-05,0.236364,0.123263,1.91757,0
20,20,1,10.0,2.25348e-07,-3.58928e-08,2.21903e-05,0.236308,0.12321,1.91793,0
21,20,1,10.0,2.62308e-07,-9.85643e-08,1.9544e-05,0.236278,0.123182,1.91811,0
22,20,1,10.0,2.93673e-07,-1.64032e-07,1.64513e-05,0.236261,0.123168,1.91821,0
23,20,1,10.0,3.05324e-07,-2.49708e-07,1.28035e-05,0.236253,0.12316,1.91826,0
0,21,1,10.0,-1.98115e-08,-1.61229e-07,2.47608e-05,0.238172,0.128625,1.85168,0
1,21,1,10.0,-2.32012e-07,4.60915e-07,2.41932e-05,0.237211,0.125744,1.88646,0
2,21,1,10.0,-2.12601e-07,2.84301e-07,2.46479e-05,0.236725,0.12439,1.90308,0
3,21,1,10.0,-2.12279e-07,1.72764e-07,2.55703e-05,0.236482,0.123746,1.91103,0
4,21,1,10.0,-1.8853e-07,9.37549e-08,2.6736e-05,0.236361,0.123437,1.91483,0
5,21,1,10.0,-1.60208e-07,3.499e-08,2.8009e-05,0.236301,0.123289,1.91665,0
6,21,1,10.0,-1.54392e-07,-7.87719e-09,2.92701e-05,0.236272,0.123218,1.91752,0
7,21,1,10.0,-1.54268e-07,-3.27883e-08,3.04279e-05,0.236258,0.123184,1.91793,0
8,21,1,10.0,-1.33647e-07,-4.18016e-08,3.14053e-05,0.23626,0.123187,1.9179,0
9,21,1,10.0,-1.14682e-07,-6.90638e-08,3.21691e-05,0.236581,0.123402,1.91715,0
10,21,1,10.0,-1.66078e-07,-9.78228e-08,3.26877e-05,0.236445,0.123302,1.91761,0
11,21,1,10.0,-1.22841e-07,-5.26699e-08,3.28864e-05,0.236357,0.123237,1.91791,0
12,21,1,10.0,-4.28962e-08,3.16479e-08,3.28199e-05,0.236303,0.123197,1.91809,0
13,21,1,10.0,-1.73607e-08,3.07226e-08,3.25497e-05,0.236646,0.123639,1.91401,0
14,21,1,10.0,1.56797e-08,1.56797e-08,3.13447e-05,0.236372,0.12329,1.9172,0
15,21,1,10.0,5.31717e-08,5.02875e-08,3.03345e-05,0.236312,0.123224,1.91775,0
16,21,1,10.0,9.04696e-08,4.22716e-08,2.91157e-05,0.236288,0.123207,1.91781,0
17,21,1,10.0,9.38127e-08,2.98173e-08,2.77006e-05,0.236613,0.123516,1.91564,0
18,21,1,10.0,8.24927e-08,1.93772e-08,2.60705e-05,0.236461,0.123356,1.91689,0
19,21,1,10.0,1.10265e-07,-1.03273e-08,2.41466e-05,0.236364,0.123263,1.91757,0
20,21,1,10.0,1.25313e-07,-5.35745e-08,2.18925e-05,0.236308,0.12321,1.91793,0
21,21,1,10.0,1.45932e-07,-9.6035e-08,1.92655e-05,0.236278,0.123182,1.91811,0
22,21,1,10.0,1.79113e-07,-1.66416e-07,1.61952e-05,0.236261,0.123168,1.91821,0
23,21,1,10.0,1.74849e-07,-2.52533e-07,1.25737e-05,0.236253,0.12316,1.91826,0
0,22,1,10.0,-3.70363e-08,-1.51412e-07,2.4954e-05,0.238172,0.128625,1.85168,0
1,22,1,10.0,-1.97624e-07,4.43672e-07,2.44501e-05,0.237211,0.125744,1.88646,0
2,22,1,10.0,-2.0536e-07,2.77638e-07,2.48772e-05,0.236725,0.12439,1.90308,0
3,22,1,10.0,-2.04712e-07,1.69884e-07,2.57245e-05,0.236482,0.123746,1.91103,0
4,22,1,10.0,-1.96146e-07,9.31533e-08,2.68039e-05,0.236361,0.123437,1.91483,0
5,22,1,10.0,-1.75966e-07,4.51188e-08,2.79802e-05,0.236301,0.123289,1.91665,0
6,22,1,10.0,-1.80752e-07,1.12081e-08,2.91332e-05,0.236272,0.123218,1.91752,0
7,22,1,10.0,-1.95933e-07,-7.78625e-09,3.01826e-05,0.236258,0.123184,1.91793,0
8,22,1,10.0,-1.78248e-07,-6.37069e-09,3.10671e-05,0.23626,0.123187,1.9179,0
9,22,1,10.0,-1.76296e-07,-2.57499e-08,3.1752e-05,0.236581,0.123402,1.91715,0
10,22,1,10.0,-2.00338e-07,-6.14694e-08,3.2199e-05,0.236445,0.123302,1.91761,0
11,22,1,10.0,-1.56648e-07,-2.11604e-08,3.23688e-05,0.236357,0.123237,1.91791,0
12,22,1,10.0,-9.69191e-08,3.86826e-08,3.2296e-05,0.236303,0.123197,1.91809,0
13,22,1,10.0,-6.64221e-08,3.93751e-08,3.2014e-05,0.236646,0.123639,1.91401,0
14,22,1,10.0,-3.93626e-08,2.33704e-08,3.07929e-05,0.236372,0.12329,1.9172,0
15,22,1,10.0,2.33322e-10,4.21737e-08,2.97938e-05,0.236312,0.123224,1.91775,0
16,22,1,10.0,2.27157e-08,4.99517e-08,2.85763e-05,0.236288,0.123207,1.91781,0
17,22,1,10.0,2.23936e-08,2.89649e-08,2.71488e-05,0.236613,0.123516,1.91564,0
18,22,1,10.0,9.07537e-09,1.61153e-08,2.55015e-05,0.236461,0.123356,1.91689,0
19,22,1,10.0,1.38621e-08,-2.4344e-08,2.35789e-05,0.236364,0.123263,1.91757,0
20,22,1,10.0,2.91829e-08,-4.368e-08,2.13377e-05,0.236308,0.12321,1.91793,0
21,22,1,10.0,5.63991e-08,-9.92871e-08,1.87405e-05,0.236278,0.123182,1.91811,0
22,22,1,10.0,7.67023e-08,-1.7428e-07,1.57215e-05,0.236261,0.123168,1.91821,0
23,22,1,10.0,6.06077e-08,-2.47537e-07,1.21621e-05,0.236253,0.12316,1.91826,0
0,23,1,10.0,-4.56197e-08,-1.44616e-07,2.51126e-05,0.238172,0.128625,1.85168,0
1,23,1,10.0,-1.97151e-07,4.36116e-07,2.46416e-05,0.237211,0.125744,1.88646,0
2,23,1,10.0,-2.25048e-07,2.75002e-07,2.50493e-05,0.236725,0.12439,1.90308,0
3,23,1,10.0,-2.32841e-07,1.70707e-07,2.58583e-05,0.236482,0.123746,1.91103,0
4,23,1,10.0,-2.07785e-07,1.14944e-07,2.68888e-05,0.236361,0.123437,1.91483,0
5,23,1,10.0,-2.16725e-07,6.47159e-08,2.79983e-05,0.236301,0.123289,1.91665,0
6,23,1,10.0,-2.19524e-07,1.82404e-08,2.90724e-05,0.236272,0.123218,1.91752,0
7,23,1,10.0,-2.27353e-07,2.23616e-08,3.00358e-05,0.236258,0.123184,1.91793,0
8,23,1,10.0,-2.26366e-07,1.53511e-08,3.08419e-05,0.23626,0.123187,1.9179,0
9,23,1,10.0,-2.40633e-07,9.81802e-10,3.14555e-05,0.236581,0.123402,1.91715,0
10,23,1,10.0,-2.39796e-07,-2.46103e-08,3.18474e-05,0.236445,0.123302,1.91761,0
11,23,1,10.0,-2.05187e-07,1.33636e-09,3.19843e-05,0.236357,0.123237,1.91791,0
12,23,1,10.0,-1.56662e-07,5.6561e-08,3.18841e-05,0.236303,0.123197,1.91809,0
13,23,1,10.0,-1.27424e-07,5.28562e-08,3.15788e-05,0.236646,0.123639,1.91401,0
14,23,1,10.0,-1.03115e-07,2.74576e-08,3.03152e-05,0.236372,0.12329,1.9172,0
15,23,1,10.0,-6.85793e-08,4.521e-08,2.9302e-05,0.236312,0.123224,1.91775,0
16,23,1,10.0,-4.47445e-08,5.19108e-08,2.80629e-05,0.236288,0.123207,1.91781,0
17,23,1,10.0,-6.29988e-08,3.79571e-08,2.6603e-05,0.236613,0.123516,1.91564,0
18,23,1,10.0,-6.86422e-08,1.58741e-08,2.49234e-05,0.236461,0.123356,1.91689,0
19,23,1,10.0,-8.00768e-08,-2.13976e-09,2.29823e-05,0.236364,0.123263,1.91757,0
20,23,1,10.0,-4.52697e-08,-3.8753e-08,2.07482e-05,0.236308,0.12321,1.91793,0
21,23,1,10.0,-1.8124e-08,-1.01277e-07,1.8182e-05,0.236278,0.123182,1.91811,0
22,23,1,10.0,-1.78706e-08,-1.64362e-07,1.52047e-05,0.236261,0.123168,1.91821,0
23,23,1,10.0,-3.28193e-08,-2.43173e-07,1.17119e-05,0.236253,0.12316,1.91826,0
0,0,2,10.0,4.08936e-08,-3.47674e-07,4.7426e-06,0.238334,0.134672,1.76974,0
1,0,2,10.0,7.79688e-08,3.37437e-07,4.47812e-06,0.23752,0.134584,1.76484,0
2,0,2,10.0,1.1294e-07,-3.83875e-08,4.82962e-06,0.237132,0.13454,1.76253,0
3,0,2,10.0,1.45642e-07,-3.26235e-07,5.5212e-06,0.236947,0.134518,1.76145,0
4,0,2,10.0,1.64987e-07,-5.61119e-07,6.46992e-06,0.236858,0.134507,1.76094,0
5,0,2,10.0,1.79959e-07,-8.20288e-07,7.60436e-06,0.236816,0.134501,1.7607,0
6,0,2,10.0,1.81343e-07,-1.05078e-06,8.86081e-06,0.236796,0.134498,1.76059,0
7,0,2,10.0,1.72463e-07,-1.28025e-06,1.00958e-05,0.236786,0.134497,1.76053,0
8,0,2,10.0,1.75797e-07,-1.40939e-06,1.1248e-05,0.23679,0.134499,1.76054,0
9,0,2,10.0,1.72107e-07,-1.60408e-06,1.2256e-05,0.236854,0.134518,1.76076,0
10,0,2,10.0,1.81013e-07,-1.73884e-06,1.30507e-05,0.236825,0.13451,1.76065,0
11,0,2,10.0,1.84764e-07,-1.59867e-06,1.35812e-05,0.236805,0.134504,1.76058,0
12,0,2,10.0,1.87458e-07,-1.47424e-06,1.39128e-05,0.236793,0.1345,1.76054,0
13,0,2,10.0,1.80199e-07,-1.28391e-06,1.4219e-05,0.236882,0.134521,1.76093,0
14,0,2,10.0,1.64217e-07,-1.42159e-06,1.42668e-05,0.236838,0.134511,1.76073,0
15,0,2,10.0,1.56419e-07,-1.30911e-06,1.41232e-05,0.236811,0.134505,1.76062,0
16,0,2,10.0,1.4571e-07,-1.18093e-06,1.3821e-05,0.236804,0.134503,1.76059,0
17,0,2,10.0,1.34625e-07,-1.09155e-06,1.33745e-05,0.236925,0.134527,1.76117,0
18,0,2,10.0,1.18658e-07,-1.06338e-06,1.28058e-05,0.236858,0.134514,1.76085,0
19,0,2,10.0,1.1031e-07,-9.57733e-07,1.20081e-05,0.236821,0.134506,1.76067,0
20,0,2,10.0,1.0138e-07,-8.93158e-07,1.10168e-05,0.2368,0.134501,1.76058,0
21,0,2,10.0,9.18929e-08,-8.71519e-07,9.82672e-06,0.23679,0.134499,1.76054,0
22,0,2,10.0,8.16662e-08,-8.97225e-07,8.40098e-06,0.236784,0.134497,1.76051,0
23,0,2,10.0,7.33932e-08,-9.7865e-07,6.66661e-06,0.236781,0.134496,1.7605,0
0,1,2,10.0,8.20456e-08,-2.62914e-07,4.75584e-06,0.238344,0.134674,1.76978,0
1,1,2,10.0,5.79199e-08,9.48186e-07,4.55123e-06,0.237539,0.13459,1.76491,0
2,1,2,10.0,1.55572e-07,6.35972e-07,4.87398e-06,0.237157,0.134548,1.76263,0
3,1,2,10.0,2.45918e-07,4.26614e-07,5.51469e-06,0.236976,0.134527,1.76155,0
4,1,2,10.0,3.21125e-07,2.72273e-07,6.38975e-06,0.236891,0.134516,1.76105,0
5,1,2,10.0,3.62435e-07,1.24386e-07,7.43525e-06,0.23685,0.134511,1.76082,0
6,1,2,10.0,3.65442e-07,-3.50592e-08,8.57085e-06,0.23683,0.134509,1.76071,0
7,1,2,10.0,3.68174e-07,-1.46006e-07,9.70453e-06,0.236821,0.134507,1.76066,0
8,1,2,10.0,3.94057e-07,-2.18112e-07,1.07716e-05,0.236825,0.134509,1.76066,0
9,1,2,10.0,3.88426e-07,-3.6066e-07,1.17163e-05,0.236887,0.134528,1.76088,0
10,1,2,10.0,4.04594e-07,-4.93312e-07,1.24853e-05,0.236859,0.13452,1.76078,0
11,1,2,10.0,4.2641e-07,-3.85522e-07,1.30221e-05,0.23684,0.134514,1.76071,0
12,1,2,10.0,4.35295e-07,-3.09895e-07,1.33758e-05,0.236828,0.134511,1.76066,0
13,1,2,10.0,4.229e-07,-2.169e-07,1.37238e-05,0.236914,0.13453,1.76105,0
14,1,2,10.0,3.9341e-07,-4.73209e-07,1.37824e-05,0.236871,0.134521,1.76085,0
15,1,2,10.0,3.7712e-07,-4.12099e-07,1.36603e-05,0.236845,0.134515,1.76074,0
16,1,2,10.0,3.54556e-07,-3.59382e-07,1.33789e-05,0.236838,0.134513,1.76071,0
17,1,2,10.0,3.28806e-07,-3.42603e-07,1.2961e-05,0.236956,0.134536,1.76128,0
18,1,2,10.0,2.67852e-07,-4.73298e-07,1.24284e-05,0.236891,0.134523,1.76096,0
19,1,2,10.0,2.57233e-07,-4.4157e-07,1.1669e-05,0.236854,0.134516,1.76079,0
20,1,2,10.0,2.42047e-07,-4.57993e-07,1.07164e-05,0.236835,0.134511,1.7607,0
21,1,2,10.0,2.24001e-07,-5.22548e-07,9.56523e-06,0.236824,0.134509,1.76066,0
22,1,2,10.0,2.0005e-07,-6.4535e-07,8.1785e-06,0.236819,0.134508,1.76063,0
23,1,2,10.0,1.7303e-07,-8.37264e-07,6.48453e-06,0.236816,0.134507,1.76062,0
0,2,2,10.0,1.09591e-07,-2.91403e-07,5.15082e-06,0.238344,0.134674,1.76978,0
1,2,2,10.0,-6.50611e-08,9.30637e-07,4.91476e-06,0.237539,0.13459,1.76491,0
2,2,2,10.0,7.49119e-08,5.9872e-07,5.22866e-06,0.237158,0.134548,1.76263,0
3,2,2,10.0,1.98415e-07,3.72355e-07,5.84785e-06,0.236977,0.134527,1.76156,0
4,2,2,10.0,2.89258e-07,2.03518e-07,6.67464e-06,0.236891,0.134517,1.76105,0
5,2,2,10.0,3.09161e-07,4.86885e-08,7.634e-06,0.23685,0.134511,1.76082,0
6,2,2,10.0,3.05511e-07,-8.27938e-08,8.65595e-06,0.236831,0.134509,1.76071,0
7,2,2,10.0,3.01196e-07,-1.86003e-07,9.68834e-06,0.236822,0.134508,1.76066,0
8,2,2,10.0,3.03527e-07,-2.66242e-07,1.06634e-05,0.236825,0.134509,1.76066,0
9,2,2,10.0,2.91832e-07,-3.94362e-07,1.15367e-05,0.236888,0.134528,1.76088,0
10,2,2,10.0,3.19286e-07,-5.30867e-07,1.22681e-05,0.236859,0.13452,1.76078,0
11,2,2,10.0,3.47218e-07,-4.37507e-07,1.2799e-05,0.23684,0.134514,1.76071,0
12,2,2,10.0,3.59472e-07,-3.73603e-07,1.31586e-05,0.236828,0.134511,1.76066,0
13,2,2,10.0,3.68985e-07,-2.7597e-07,1.35188e-05,0.236915,0.134531,1.76105,0
14,2,2,10.0,3.50154e-07,-5.14753e-07,1.35709e-05,0.236872,0.134521,1.76085,0
15,2,2,10.0,3.34277e-07,-4.54621e-07,1.34478e-05,0.236846,0.134515,1.76074,0
16,2,2,10.0,3.21612e-07,-3.96754e-07,1.31656e-05,0.236839,0.134513,1.76071,0
17,2,2,10.0,3.03969e-07,-3.82092e-07,1.2747e-05,0.236956,0.134536,1.76128,0
18,2,2,10.0,2.34353e-07,-5.0151e-07,1.22174e-05,0.236891,0.134524,1.76096,0
19,2,2,10.0,2.42855e-07,-4.77231e-07,1.14755e-05,0.236855,0.134516,1.76079,0
20,2,2,10.0,2.39359e-07,-4.85426e-07,1.05433e-05,0.236835,0.134512,1.7607,0
21,2,2,10.0,2.32963e-07,-5.52009e-07,9.41566e-06,0.236825,0.134509,1.76066,0
22,2,2,10.0,2.22758e-07,-6.67649e-07,8.05297e-06,0.236819,0.134508,1.76064,0
23,2,2,10.0,1.9851e-07,-8.52835e-07,6.3821e-06,0.236816,0.134507,1.76062,0
0,3,2,10.0,1.41541e-07,-3.09336e-07,5.79074e-06,0.238344,0.134674,1.76978,0
1,3,2,10.0,-1.75822e-07,9.12638e-07,5.50877e-06,0.237539,0.13459,1.76491,0
2,3,2,10.0,-4.05759e-09,5.639e-07,5.83683e-06,0.237158,0.134548,1.76263,0
3,3,2,10.0,1.35949e-07,3.02052e-07,6.46965e-06,0.236977,0.134527,1.76156,0
4,3,2,10.0,2.5061e-07,1.23092e-07,7.28371e-06,0.236891,0.134517,1.76105,0
5,3,2,10.0,2.9876e-07,-1.86582e-08,8.18204e-06,0.23685,0.134511,1.76082,0
6,3,2,10.0,3.2926e-07,-1.20207e-07,9.11843e-06,0.236831,0.134509,1.76071,0
7,3,2,10.0,2.41137e-07,-2.35455e-07,1.00454e-05,0.236822,0.134508,1.76066,0
8,3,2,10.0,3.13315e-07,-2.96384e-07,1.09407e-05,0.236825,0.134509,1.76066,0
9,3,2,10.0,2.95551e-07,-4.12765e-07,1.17393e-05,0.236888,0.134528,1.76088,0
10,3,2,10.0,2.93272e-07,-5.4708e-07,1.24203e-05,0.236859,0.13452,1.76078,0
11,3,2,10.0,3.29846e-07,-4.85147e-07,1.2928e-05,0.23684,0.134514,1.76071,0
12,3,2,10.0,3.55239e-07,-4.08916e-07,1.32721e-05,0.236828,0.134511,1.76066,0
13,3,2,10.0,3.60684e-07,-3.18178e-07,1.36015e-05,0.236915,0.134531,1.76105,0
14,3,2,10.0,3.61344e-07,-5.37838e-07,1.36308e-05,0.236872,0.134521,1.76085,0
15,3,2,10.0,3.43874e-07,-4.69108e-07,1.34828e-05,0.236846,0.134515,1.76074,0
16,3,2,10.0,3.33775e-07,-4.34782e-07,1.31778e-05,0.236839,0.134513,1.76071,0
17,3,2,10.0,3.38546e-07,-4.00053e-07,1.274e-05,0.236956,0.134536,1.76128,0
18,3,2,10.0,2.74913e-07,-5.1367e-07,1.21918e-05,0.236891,0.134524,1.76096,0
19,3,2,10.0,2.80936e-07,-4.77315e-07,1.14453e-05,0.236855,0.134516,1.76079,0
20,3,2,10.0,2.94743e-07,-4.90301e-07,1.05155e-05,0.236835,0.134512,1.7607,0
21,3,2,10.0,2.83062e-07,-5.53845e-07,9.39148e-06,0.236825,0.134509,1.76066,0
22,3,2,10.0,2.71497e-07,-6.7016e-07,8.03349e-06,0.236819,0.134508,1.76064,0
23,3,2,10.0,2.51186e-07,-8.41334e-07,6.36447e-06,0.236816,0.134507,1.76062,0
0,4,2,10.0,1.28622e-07,-3.58307e-07,6.68299e-06,0.238344,0.134674,1.76978,0
1,4,2,10.0,-2.37574e-07,9.31767e-07,6.25512e-06,0.237539,0.13459,1.76491,0
2,4,2,10.0,-7.743e-08,5.34337e-07,6.60015e-06,0.237158,0.134548,1.76263,0
3,4,2,10.0,7.18995e-08,2.59994e-07,7.27931e-06,0.236977,0.134527,1.76156,0
4,4,2,10.0,1.90544e-07,7.38212e-08,8.114e-06,0.236891,0.134517,1.76105,0
5,4,2,10.0,2.75555e-07,-7.10416e-08,9.00776e-06,0.23685,0.134511,1.76082,0
6,4,2,10.0,2.58549e-07,-1.79457e-07,9.89331e-06,0.236831,0.134509,1.76071,0
7,4,2,10.0,3.1094e-07,-2.50608e-07,1.07439e-05,0.236822,0.134508,1.76066,0
8,4,2,10.0,2.72262e-07,-3.21515e-07,1.15738e-05,0.236825,0.134509,1.76066,0
9,4,2,10.0,2.79347e-07,-4.25697e-07,1.23047e-05,0.236888,0.134528,1.76088,0
10,4,2,10.0,3.17353e-07,-5.35198e-07,1.29139e-05,0.236859,0.13452,1.76078,0
11,4,2,10.0,3.29728e-07,-4.81473e-07,1.33696e-05,0.23684,0.134514,1.76071,0
12,4,2,10.0,3.44973e-07,-4.42397e-07,1.36753e-05,0.236828,0.134511,1.76066,0
13,4,2,10.0,3.37995e-07,-3.49319e-07,1.3916e-05,0.236915,0.134531,1.76105,0
14,4,2,10.0,3.4516e-07,-5.37091e-07,1.39053e-05,0.236872,0.134521,1.76085,0
15,4,2,10.0,3.32553e-07,-4.96838e-07,1.37151e-05,0.236846,0.134515,1.76074,0
16,4,2,10.0,3.43175e-07,-4.25881e-07,1.33706e-05,0.236839,0.134513,1.76071,0
17,4,2,10.0,3.41012e-07,-4.31582e-07,1.29002e-05,0.236956,0.134536,1.76128,0
18,4,2,10.0,2.69593e-07,-5.04026e-07,1.2319e-05,0.236891,0.134524,1.76096,0
19,4,2,10.0,2.99533e-07,-4.91111e-07,1.15497e-05,0.236855,0.134516,1.76079,0
20,4,2,10.0,3.05496e-07,-5.04946e-07,1.06052e-05,0.236835,0.134512,1.7607,0
21,4,2,10.0,3.09937e-07,-5.58404e-07,9.46555e-06,0.236825,0.134509,1.76066,0
22,4,2,10.0,2.96638e-07,-6.67894e-07,8.09064e-06,0.236819,0.134508,1.76064,0
23,4,2,10.0,2.7787e-07,-8.36257e-07,6.40609e-06,0.236816,0.134507,1.76062,0
0,5,2,10.0,9.88621e-08,-3.22055e-07,7.42373e-06,0.238344,0.134674,1.76978,0
1,5,2,10.0,-2.74419e-07,9.52117e-07,7.03671e-06,0.237539,0.13459,1.76491,0
2,5,2,10.0,-1.56306e-07,5.19904e-07,7.41357e-06,0.237158,0.134548,1.76263,0
3,5,2,10.0,-1.46095e-08,2.28272e-07,8.14232e-06,0.236977,0.134527,1.76156,0
4,5,2,10.0,1.42219e-07,2.10056e-08,9.0371e-06,0.236891,0.134517,1.76105,0
5,5,2,10.0,1.86953e-07,-1.37787e-07,9.95443e-06,0.23685,0.134511,1.76082,0
6,5,2,10.0,2.49632e-07,-2.31693e-07,1.08339e-05,0.236831,0.134509,1.76071,0
7,5,2,10.0,3.17906e-07,-3.12114e-07,1.16608e-05,0.236822,0.134508,1.76066,0
8,5,2,10.0,2.20185e-07,-3.09119e-07,1.24038e-05,0.236825,0.134509,1.76066,0
9,5,2,10.0,2.48332e-07,-4.25421e-07,1.30648e-05,0.236888,0.134528,1.76088,0
10,5,2,10.0,3.13762e-07,-5.35439e-07,1.36078e-05,0.236859,0.13452,1.76078,0
11,5,2,10.0,3.1676e-07,-5.04472e-07,1.39914e-05,0.23684,0.134514,1.76071,0
12,5,2,10.0,3.01257e-07,-4.374e-07,1.42249e-05,0.236828,0.134511,1.76066,0
13,5,2,10.0,3.07315e-07,-3.52926e-07,1.43384e-05,0.236915,0.134531,1.76105,0
14,5,2,10.0,3.24763e-07,-5.34571e-07,1.42697e-05,0.236872,0.134521,1.76085,0
15,5,2,10.0,3.32048e-07,-4.76543e-07,1.40237e-05,0.236846,0.134515,1.76074,0
16,5,2,10.0,3.39093e-07,-4.55586e-07,1.36368e-05,0.236839,0.134513,1.76071,0
17,5,2,10.0,3.43705e-07,-4.25271e-07,1.31188e-05,0.236956,0.134536,1.76128,0
18,5,2,10.0,2.72603e-07,-4.86858e-07,1.24842e-05,0.236891,0.134524,1.76096,0
19,5,2,10.0,3.0506e-07,-4.72811e-07,1.16828e-05,0.236855,0.134516,1.76079,0
20,5,2,10.0,3.11847e-07,-4.89419e-07,1.0711e-05,0.236835,0.134512,1.7607,0
21,5,2,10.0,3.21073e-07,-5.54499e-07,9.54956e-06,0.236825,0.134509,1.76066,0
22,5,2,10.0,3.15469e-07,-6.53827e-07,8.14958e-06,0.236819,0.134508,1.76064,0
23,5,2,10.0,2.99242e-07,-8.13817e-07,6.44007e-06,0.236816,0.134507,1.76062,0
0,6,2,10.0,9.96595e-08,-3.80733e-07,8.1724e-06,0.238344,0.134674,1.76978,0
1,6,2,10.0,-3.32148e-07,9.61646e-07,7.79096e-06,0.237539,0.13459,1.76491,0
2,6,2,10.0,-1.5567e-07,5.33802e-07,8.18694e-06,0.237158,0.134548,1.76263,0
3,6,2,10.0,-5.42823e-08,1.98512e-07,8.95708e-06,0.236977,0.134527,1.76156,0
4,6,2,10.0,2.03915e-08,-5.99328e-08,9.91196e-06,0.236891,0.134517,1.76105,0
5,6,2,10.0,1.38968e-07,-1.97029e-07,1.08714e-05,0.23685,0.134511,1.76082,0
6,6,2,10.0,2.34609e-07,-2.91681e-07,1.17857e-05,0.236831,0.134509,1.76071,0
7,6,2,10.0,2.22316e-07,-3.44626e-07,1.26003e-05,0.236822,0.134508,1.76066,0
8,6,2,10.0,2.80694e-07,-3.85923e-07,1.32862e-05,0.236825,0.134509,1.76066,0
9,6,2,10.0,2.22086e-07,-4.31292e-07,1.38748e-05,0.236888,0.134528,1.76088,0
10,6,2,10.0,2.75358e-07,-5.36116e-07,1.43571e-05,0.236859,0.13452,1.76078,0
11,6,2,10.0,2.99122e-07,-5.07379e-07,1.46741e-05,0.23684,0.134514,1.76071,0
12,6,2,10.0,3.1391e-07,-4.55711e-07,1.48363e-05,0.236828,0.134511,1.76066,0
13,6,2,10.0,3.25839e-07,-3.60632e-07,1.48096e-05,0.236915,0.134531,1.76105,0
14,6,2,10.0,3.33864e-07,-5.32639e-07,1.46685e-05,0.236872,0.134521,1.76085,0
15,6,2,10.0,3.42129e-07,-4.86865e-07,1.43675e-05,0.236846,0.134515,1.76074,0
16,6,2,10.0,3.48843e-07,-4.58537e-07,1.39272e-05,0.236839,0.134513,1.76071,0
17,6,2,10.0,3.59143e-07,-4.41426e-07,1.33563e-05,0.236956,0.134536,1.76128,0
18,6,2,10.0,3.13878e-07,-4.65749e-07,1.26611e-05,0.236891,0.134524,1.76096,0
19,6,2,10.0,3.34851e-07,-4.61771e-07,1.18188e-05,0.236855,0.134516,1.76079,0
20,6,2,10.0,3.5396e-07,-4.89307e-07,1.08144e-05,0.236835,0.134512,1.7607,0
21,6,2,10.0,3.50712e-07,-5.41767e-07,9.62001e-06,0.236825,0.134509,1.76066,0
22,6,2,10.0,3.45641e-07,-6.46535e-07,8.18918e-06,0.236819,0.134508,1.76064,0
23,6,2,10.0,3.36761e-07,-7.95081e-07,6.45195e-06,0.236816,0.134507,1.76062,0
0,7,2,10.0,6.61409e-08,-4.11148e-07,8.86551e-06,0.238344,0.134674,1.76978,0
1,7,2,10.0,-3.55629e-07,9.87507e-07,8.46935e-06,0.237539,0.13459,1.76491,0
2,7,2,10.0,-1.9324e-07,5.19392e-07,8.88804e-06,0.237158,0.134548,1.76263,0
3,7,2,10.0,-1.05967e-07,1.80357e-07,9.68429e-06,0.236977,0.134527,1.76156,0
4,7,2,10.0,-7.36011e-08,-5.9619e-08,1.06614e-05,0.236891,0.134517,1.76105,0
5,7,2,10.0,8.31756e-08,-2.40789e-07,1.16808e-05,0.23685,0.134511,1.76082,0
6,7,2,10.0,1.20738e-07,-3.46853e-07,1.26353e-05,0.236831,0.134509,1.76071,0
7,7,2,10.0,1.9461e-07,-3.86907e-07,1.34632e-05,0.236822,0.134508,1.76066,0
8,7,2,10.0,2.56281e-07,-4.13922e-07,1.41669e-05,0.236825,0.134509,1.76066,0
9,7,2,10.0,2.75277e-07,-4.51023e-07,1.47213e-05,0.236888,0.134528,1.76088,0
10,7,2,10.0,3.03029e-07,-5.50426e-07,1.51529e-05,0.236859,0.13452,1.76078,0
11,7,2,10.0,3.07115e-07,-5.19292e-07,1.54161e-05,0.23684,0.134514,1.76071,0
12,7,2,10.0,3.11741e-07,-4.71272e-07,1.55187e-05,0.236828,0.134511,1.76066,0
13,7,2,10.0,3.2499e-07,-3.73513e-07,1.53559e-05,0.236915,0.134531,1.76105,0
14,7,2,10.0,3.69695e-07,-5.31529e-07,1.5145e-05,0.236872,0.134521,1.76085,0
15,7,2,10.0,3.65406e-07,-4.89811e-07,1.47801e-05,0.236846,0.134515,1.76074,0
16,7,2,10.0,3.69995e-07,-4.45053e-07,1.42788e-05,0.236839,0.134513,1.76071,0
17,7,2,10.0,3.74067e-07,-4.45649e-07,1.36523e-05,0.236956,0.134536,1.76128,0
18,7,2,10.0,3.55816e-07,-4.4773e-07,1.28969e-05,0.236891,0.134524,1.76096,0
19,7,2,10.0,3.69349e-07,-4.58389e-07,1.20078e-05,0.236855,0.134516,1.76079,0
20,7,2,10.0,3.76434e-07,-4.84723e-07,1.09628e-05,0.236835,0.134512,1.7607,0
21,7,2,10.0,3.82527e-07,-5.4122e-07,9.72619e-06,0.236825,0.134509,1.76066,0
22,7,2,10.0,3.78831e-07,-6.33092e-07,8.25451e-06,0.236819,0.134508,1.76064,0
23,7,2,10.0,3.71121e-07,-7.82549e-07,6.47981e-06,0.236816,0.134507,1.76062,0
0,8,2,10.0,6.12398e-08,-3.7607e-07,9.4684e-06,0.238344,0.134674,1.76978,0
1,8,2,10.0,-3.25842e-07,9.94577e-07,9.12109e-06,0.237539,0.13459,1.76491,0
2,8,2,10.0,-2.28188e-07,5.22021e-07,9.55428e-06,0.237158,0.134548,1.76263,0
3,8,2,10.0,-1.44159e-07,1.95721e-07,1.03694e-05,0.236977,0.134527,1.76156,0
4,8,2,10.0,-2.19338e-08,-6.42554e-08,1.13731e-05,0.236891,0.134517,1.76105,0
5,8,2,10.0,4.36929e-08,-2.61912e-07,1.24297e-05,0.23685,0.134511,1.76082,0
6,8,2,10.0,1.14526e-07,-3.58577e-07,1.34278e-05,0.236831,0.134509,1.76071,0
7,8,2,10.0,2.05485e-07,-4.24562e-07,1.4317e-05,0.236822,0.134508,1.76066,0
8,8,2,10.0,2.2793e-07,-4.46519e-07,1.50588e-05,0.236825,0.134509,1.76066,0
9,8,2,10.0,2.75751e-07,-4.85338e-07,1.56368e-05,0.236879,0.134525,1.76085,0
10,8,2,10.0,3.42326e-07,-5.75208e-07,1.60604e-05,0.236851,0.134517,1.76075,0
11,8,2,10.0,3.6553e-07,-5.29294e-07,1.62982e-05,0.236833,0.134512,1.76069,0
12,8,2,10.0,3.66767e-07,-4.68928e-07,1.63589e-05,0.236823,0.134509,1.76065,0
13,8,2,10.0,3.95356e-07,-3.48095e-07,1.6068e-05,0.236893,0.134524,1.76097,0
14,8,2,10.0,4.46614e-07,-5.19698e-07,1.57867e-05,0.236858,0.134517,1.7608,0
15,8,2,10.0,4.42849e-07,-4.65416e-07,1.53443e-05,0.236838,0.134512,1.76071,0
16,8,2,10.0,4.42614e-07,-4.39053e-07,1.47759e-05,0.236834,0.134512,1.76069,0
17,8,2,10.0,4.3649e-07,-4.26628e-07,1.409e-05,0.236956,0.134536,1.76128,0
18,8,2,10.0,4.69571e-07,-4.71192e-07,1.32915e-05,0.236891,0.134524,1.76096,0
19,8,2,10.0,4.67209e-07,-4.8343e-07,1.23539e-05,0.236855,0.134516,1.76079,0
20,8,2,10.0,4.63464e-07,-5.09974e-07,1.12556e-05,0.236835,0.134512,1.7607,0
21,8,2,10.0,4.61561e-07,-5.68314e-07,9.96426e-06,0.236825,0.134509,1.76066,0
22,8,2,10.0,4.5331e-07,-6.51292e-07,8.43344e-06,0.236819,0.134508,1.76064,0
23,8,2,10.0,4.48893e-07,-7.90837e-07,6.6001e-06,0.236816,0.134507,1.76062,0
0,9,2,10.0,7.06252e-08,-3.72873e-07,1.0113e-05,0.238344,0.134674,1.76978,0
1,9,2,10.0,-3.75749e-07,9.90536e-07,9.80736e-06,0.237539,0.13459,1.76491,0
2,9,2,10.0,-2.16796e-07,5.6343e-07,1.02581e-05,0.237158,0.134548,1.76263,0
3,9,2,10.0,-1.3358e-07,1.97772e-07,1.10924e-05,0.236977,0.134527,1.76156,0
4,9,2,10.0,-9.52406e-08,-8.46423e-08,1.21353e-05,0.236891,0.134517,1.76105,0
5,9,2,10.0,5.82246e-08,-2.37076e-07,1.32276e-05,0.23685,0.134511,1.76082,0
6,9,2,10.0,1.26751e-07,-3.7579e-07,1.42797e-05,0.236831,0.134509,1.76071,0
7,9,2,10.0,1.84279e-07,-4.51885e-07,1.52154e-05,0.236822,0.134508,1.76066,0
8,9,2,10.0,2.40106e-07,-4.72388e-07,1.60029e-05,0.236826,0.134509,1.76066,0
9,9,2,10.0,3.00949e-07,-5.14315e-07,1.66251e-05,0.236896,0.134531,1.76091,0
10,9,2,10.0,3.76288e-07,-6.24e-07,1.70829e-05,0.236867,0.134522,1.7608,0
11,9,2,10.0,3.94267e-07,-5.90207e-07,1.73294e-05,0.236846,0.134516,1.76073,0
12,9,2,10.0,3.9528e-07,-5.23114e-07,1.73654e-05,0.236833,0.134512,1.76068,0
13,9,2,10.0,4.30057e-07,-4.68283e-07,1.72291e-05,0.236824,0.13451,1.76065,0
14,9,2,10.0,4.2717e-07,-3.53395e-07,1.65541e-05,0.236817,0.134507,1.76062,0
15,9,2,10.0,4.38643e-07,-3.32423e-07,1.60305e-05,0.236815,0.134507,1.76062,0
16,9,2,10.0,4.4214e-07,-3.00652e-07,1.53976e-05,0.236822,0.134509,1.76064,0
17,9,2,10.0,4.50196e-07,-3.23072e-07,1.46594e-05,0.236891,0.134529,1.76089,0
18,9,2,10.0,4.93252e-07,-4.48746e-07,1.38274e-05,0.236861,0.13452,1.76078,0
19,9,2,10.0,4.91022e-07,-4.69841e-07,1.2842e-05,0.236841,0.134514,1.76071,0
20,9,2,10.0,4.90848e-07,-5.14168e-07,1.1686e-05,0.236828,0.134511,1.76066,0
21,9,2,10.0,4.90189e-07,-5.7087e-07,1.03281e-05,0.236822,0.134509,1.76064,0
22,9,2,10.0,4.90867e-07,-6.63912e-07,8.72561e-06,0.236818,0.134508,1.76063,0
23,9,2,10.0,4.93005e-07,-8.01307e-07,6.81517e-06,0.236816,0.134507,1.76062,0
0,10,2,10.0,7.73265e-08,-3.4117e-07,1.08627e-05,0.238344,0.134674,1.76978,0
1,10,2,10.0,-3.61532e-07,1.01582e-06,1.05585e-05,0.237539,0.13459,1.76491,0
2,10,2,10.0,-2.49647e-07,5.11299e-07,1.10255e-05,0.237158,0.134548,1.76263,0
3,10,2,10.0,-1.7163e-07,1.98103e-07,1.18824e-05,0.236977,0.134527,1.76156,0
4,10,2,10.0,-9.07958e-08,-4.70718e-08,1.29372e-05,0.236891,0.134517,1.76105,0
5,10,2,10.0,7.14565e-09,-2.69157e-07,1.4072e-05,0.23685,0.134511,1.76082,0
6,10,2,10.0,1.00772e-07,-3.73666e-07,1.51628e-05,0.236831,0.134509,1.76071,0
7,10,2,10.0,1.84218e-07,-4.55387e-07,1.61388e-05,0.236822,0.134508,1.76066,0
8,10,2,10.0,2.50255e-07,-5.00971e-07,1.6968e-05,0.236825,0.134509,1.76066,0
9,10,2,10.0,2.96234e-07,-5.51485e-07,1.76256e-05,0.236888,0.134528,1.76088,0
10,10,2,10.0,3.37932e-07,-6.52802e-07,1.81039e-05,0.236859,0.13452,1.76078,0
11,10,2,10.0,3.39292e-07,-5.98593e-07,1.83408e-05,0.23684,0.134514,1.76071,0
12,10,2,10.0,3.45067e-07,-5.1659e-07,1.83525e-05,0.236828,0.134511,1.76066,0
13,10,2,10.0,3.56676e-07,-4.42166e-07,1.81775e-05,0.236821,0.134509,1.76064,0
14,10,2,10.0,4.00291e-07,-3.38741e-07,1.73646e-05,0.236816,0.134507,1.76062,0
15,10,2,10.0,4.15259e-07,-3.05524e-07,1.67823e-05,0.236814,0.134507,1.76062,0
16,10,2,10.0,4.28663e-07,-2.83588e-07,1.60948e-05,0.236822,0.134509,1.76064,0
17,10,2,10.0,4.49286e-07,-3.08216e-07,1.53131e-05,0.236888,0.134528,1.76088,0
18,10,2,10.0,4.94159e-07,-4.33771e-07,1.44379e-05,0.236859,0.13452,1.76078,0
19,10,2,10.0,4.97852e-07,-4.66613e-07,1.33997e-05,0.23684,0.134514,1.76071,0
20,10,2,10.0,4.99747e-07,-5.01835e-07,1.21799e-05,0.236828,0.134511,1.76066,0
21,10,2,10.0,5.07512e-07,-5.73951e-07,1.07506e-05,0.236821,0.134509,1.76064,0
22,10,2,10.0,5.13335e-07,-6.55036e-07,9.06902e-06,0.236818,0.134508,1.76063,0
23,10,2,10.0,5.23317e-07,-7.99849e-07,7.07359e-06,0.236816,0.134507,1.76062,0
0,11,2,10.0,9.00392e-08,-3.1057e-07,1.17156e-05,0.238344,0.134674,1.76978,0
1,11,2,10.0,-3.46531e-07,9.9301e-07,1.13935e-05,0.237539,0.13459,1.76491,0
2,11,2,10.0,-2.52294e-07,5.5075e-07,1.18406e-05,0.237158,0.134548,1.76263,0
3,11,2,10.0,-1.87448e-07,1.62442e-07,1.26883e-05,0.236977,0.134527,1.76156,0
4,11,2,10.0,-1.24064e-07,-9.41442e-08,1.37432e-05,0.236891,0.134517,1.76105,0
5,11,2,10.0,-2.18904e-08,-2.46787e-07,1.48849e-05,0.23685,0.134511,1.76082,0
6,11,2,10.0,5.83312e-08,-3.90495e-07,1.60047e-05,0.236831,0.134509,1.76071,0
7,11,2,10.0,1.40485e-07,-4.96851e-07,1.7017e-05,0.236822,0.134508,1.76066,0
8,11,2,10.0,1.78833e-07,-5.40237e-07,1.78665e-05,0.236825,0.134509,1.76066,0
9,11,2,10.0,2.46301e-07,-5.78775e-07,1.85347e-05,0.236888,0.134528,1.76088,0
10,11,2,10.0,3.08885e-07,-6.60351e-07,1.90065e-05,0.236859,0.13452,1.76078,0
11,11,2,10.0,3.17181e-07,-5.92216e-07,1.92278e-05,0.23684,0.134514,1.76071,0
12,11,2,10.0,3.29326e-07,-5.08702e-07,1.92215e-05,0.236828,0.134511,1.76066,0
13,11,2,10.0,3.46152e-07,-4.41471e-07,1.9025e-05,0.236821,0.134509,1.76064,0
14,11,2,10.0,3.73029e-07,-3.25689e-07,1.81577e-05,0.236816,0.134507,1.76062,0
15,11,2,10.0,3.8963e-07,-2.88292e-07,1.75385e-05,0.236814,0.134507,1.76062,0
16,11,2,10.0,4.02058e-07,-2.85121e-07,1.6814e-05,0.236822,0.134509,1.76064,0
17,11,2,10.0,4.31364e-07,-2.95688e-07,1.59877e-05,0.236888,0.134528,1.76088,0
18,11,2,10.0,4.98191e-07,-4.32386e-07,1.50613e-05,0.236859,0.13452,1.76078,0
19,11,2,10.0,5.0126e-07,-4.63279e-07,1.39614e-05,0.23684,0.134514,1.76071,0
20,11,2,10.0,5.12095e-07,-5.12592e-07,1.26725e-05,0.236828,0.134511,1.76066,0
21,11,2,10.0,5.23204e-07,-5.70335e-07,1.11693e-05,0.236821,0.134509,1.76064,0
22,11,2,10.0,5.35476e-07,-6.6917e-07,9.40804e-06,0.236818,0.134508,1.76063,0
23,11,2,10.0,5.50635e-07,-8.04277e-07,7.32765e-06,0.236816,0.134507,1.76062,0
0,12,2,10.0,7.42977e-08,-3.7504e-07,1.25633e-05,0.238344,0.134674,1.76978,0
1,12,2,10.0,-3.81794e-07,9.84864e-07,1.22548e-05,0.237539,0.13459,1.76491,0
2,12,2,10.0,-2.86722e-07,4.98869e-07,1.26746e-05,0.237158,0.134548,1.76263,0
3,12,2,10.0,-2.15143e-07,1.82944e-07,1.34808e-05,0.236977,0.134527,1.76156,0
4,12,2,10.0,-1.1211e-07,-6.15894e-08,1.4512e-05,0.236899,0.134519,1.76108,0
5,12,2,10.0,-5.48913e-08,-2.80024e-07,1.56596e-05,0.236857,0.134514,1.76084,0
6,12,2,10.0,7.45962e-08,-3.96703e-07,1.68003e-05,0.236836,0.13451,1.76073,0
7,12,2,10.0,1.49306e-07,-5.10883e-07,1.78265e-05,0.236825,0.134509,1.76067,0
8,12,2,10.0,2.10093e-07,-5.19572e-07,1.86855e-05,0.236828,0.13451,1.76067,0
9,12,2,10.0,2.71005e-07,-5.85385e-07,1.93601e-05,0.236888,0.134528,1.76088,0
10,12,2,10.0,3.21533e-07,-7.08509e-07,1.98406e-05,0.236859,0.13452,1.76078,0
11,12,2,10.0,3.50995e-07,-6.27079e-07,2.00642e-05,0.23684,0.134514,1.76071,0
12,12,2,10.0,3.65333e-07,-5.59916e-07,2.00511e-05,0.236828,0.134511,1.76067,0
13,12,2,10.0,3.53148e-07,-4.7155e-07,1.98427e-05,0.236821,0.134509,1.76064,0
14,12,2,10.0,3.47236e-07,-3.32365e-07,1.89575e-05,0.236823,0.134509,1.76065,0
15,12,2,10.0,3.54407e-07,-3.11446e-07,1.83172e-05,0.23682,0.134508,1.76063,0
16,12,2,10.0,3.77206e-07,-2.65808e-07,1.75557e-05,0.236826,0.13451,1.76065,0
17,12,2,10.0,4.21193e-07,-3.01461e-07,1.66775e-05,0.236888,0.134528,1.76088,0
18,12,2,10.0,4.86962e-07,-3.84154e-07,1.56842e-05,0.236859,0.13452,1.76078,0
19,12,2,10.0,5.11701e-07,-4.23317e-07,1.45137e-05,0.23684,0.134514,1.76071,0
20,12,2,10.0,5.28721e-07,-4.76617e-07,1.31499e-05,0.236828,0.134511,1.76066,0
21,12,2,10.0,5.43133e-07,-5.48093e-07,1.15685e-05,0.236822,0.134509,1.76064,0
22,12,2,10.0,5.63356e-07,-6.34578e-07,9.72796e-06,0.236818,0.134508,1.76063,0
23,12,2,10.0,5.83113e-07,-7.86355e-07,7.56493e-06,0.236816,0.134507,1.76062,0
0,13,2,10.0,9.34239e-08,-3.51347e-07,1.44516e-05,0.238344,0.134675,1.76978,0
1,13,2,10.0,-4.30569e-07,9.68886e-07,1.40787e-05,0.23754,0.13459,1.76491,0
2,13,2,10.0,-2.67899e-07,5.04419e-07,1.44594e-05,0.237159,0.134548,1.76263,0
3,13,2,10.0,-1.42462e-07,1.30524e-07,1.51937e-05,0.236978,0.134528,1.76156,0
4,13,2,10.0,-8.46519e-08,-1.18257e-07,1.52976e-05,0.236949,0.134534,1.76126,0
5,13,2,10.0,-1.46488e-08,-3.33576e-07,1.64146e-05,0.236884,0.134522,1.76094,0
6,13,2,10.0,5.60913e-08,-5.00851e-07,1.75598e-05,0.236851,0.134515,1.76078,0
7,13,2,10.0,1.28769e-07,-6.2543e-07,1.85867e-05,0.236833,0.134511,1.7607,0
8,13,2,10.0,2.1951e-07,-6.49038e-07,1.94471e-05,0.236832,0.134512,1.76068,0
9,13,2,10.0,2.72523e-07,-6.60335e-07,2.01246e-05,0.236941,0.134538,1.76114,0
10,13,2,10.0,3.48152e-07,-9.3611e-07,2.06198e-05,0.236888,0.134526,1.76091,0
11,13,2,10.0,3.86432e-07,-8.6062e-07,2.0854e-05,0.236856,0.134518,1.76078,0
12,13,2,10.0,3.70226e-07,-7.49653e-07,2.08407e-05,0.236837,0.134513,1.7607,0
13,13,2,10.0,3.77833e-07,-5.6576e-07,2.02745e-05,0.236921,0.134532,1.76107,0
14,13,2,10.0,4.59524e-07,-9.46118e-07,1.98376e-05,0.236873,0.134521,1.76086,0
15,13,2,10.0,4.50064e-07,-8.0121e-07,1.91777e-05,0.236846,0.134515,1.76074,0
16,13,2,10.0,4.66546e-07,-7.19342e-07,1.83695e-05,0.236839,0.134514,1.76071,0
17,13,2,10.0,4.79403e-07,-6.43909e-07,1.7424e-05,0.236977,0.134542,1.76136,0
18,13,2,10.0,4.93902e-07,-3.69832e-07,1.63252e-05,0.236905,0.134528,1.76101,0
19,13,2,10.0,5.14953e-07,-4.13963e-07,1.50756e-05,0.236864,0.134519,1.76082,0
20,13,2,10.0,5.31542e-07,-4.66314e-07,1.36295e-05,0.236841,0.134514,1.76072,0
21,13,2,10.0,5.49033e-07,-5.2024e-07,1.1964e-05,0.236829,0.134511,1.76067,0
22,13,2,10.0,5.75143e-07,-6.25013e-07,1.00413e-05,0.236822,0.134509,1.76064,0
23,13,2,10.0,5.89487e-07,-7.57079e-07,7.79173e-06,0.236819,0.134508,1.76063,0
0,14,2,10.0,7.83636e-08,-3.54347e-07,1.53269e-05,0.238344,0.134674,1.76978,0
1,14,2,10.0,-4.72243e-07,9.70569e-07,1.5022e-05,0.237539,0.13459,1.76491,0
2,14,2,10.0,-3.43303e-07,4.75509e-07,1.54053e-05,0.237158,0.134548,1.76263,0
3,14,2,10.0,-2.08751e-07,1.59634e-07,1.61302e-05,0.236977,0.134527,1.76156,0
4,14,2,10.0,-4.98287e-08,-7.74534e-08,1.70476e-05,0.236891,0.134517,1.76105,0
5,14,2,10.0,1.06883e-08,-2.46768e-07,1.80776e-05,0.23685,0.134511,1.76082,0
6,14,2,10.0,5.83462e-08,-3.72519e-07,1.91083e-05,0.236831,0.134509,1.76071,0
7,14,2,10.0,1.44315e-07,-4.58449e-07,2.00712e-05,0.236822,0.134508,1.76066,0
8,14,2,10.0,1.94596e-07,-4.84138e-07,2.09175e-05,0.236825,0.134509,1.76066,0
9,14,2,10.0,2.5173e-07,-5.27605e-07,2.15993e-05,0.236888,0.134528,1.76088,0
10,14,2,10.0,3.22827e-07,-5.97155e-07,2.20909e-05,0.236859,0.13452,1.76078,0
11,14,2,10.0,3.41161e-07,-5.47501e-07,2.23351e-05,0.23684,0.134514,1.76071,0
12,14,2,10.0,3.53876e-07,-4.28792e-07,2.23582e-05,0.236828,0.134511,1.76066,0
13,14,2,10.0,3.65054e-07,-3.81451e-07,2.21982e-05,0.236952,0.134535,1.76127,0
14,14,2,10.0,4.57375e-07,-4.57732e-07,2.13898e-05,0.236854,0.134516,1.76079,0
15,14,2,10.0,4.72786e-07,-4.15909e-07,2.06964e-05,0.236835,0.134511,1.7607,0
16,14,2,10.0,4.66561e-07,-3.81355e-07,1.98336e-05,0.236832,0.134511,1.76069,0
17,14,2,10.0,4.71591e-07,-3.96518e-07,1.88107e-05,0.236919,0.134532,1.76106,0
18,14,2,10.0,5.03722e-07,-4.10752e-07,1.76266e-05,0.236874,0.134522,1.76086,0
19,14,2,10.0,5.16572e-07,-4.4505e-07,1.62416e-05,0.236847,0.134515,1.76075,0
20,14,2,10.0,5.4395e-07,-4.90894e-07,1.46505e-05,0.236831,0.134511,1.76068,0
21,14,2,10.0,5.71339e-07,-5.59738e-07,1.28272e-05,0.236823,0.134509,1.76065,0
22,14,2,10.0,5.94365e-07,-6.50992e-07,1.07221e-05,0.236818,0.134508,1.76063,0
23,14,2,10.0,6.2478e-07,-7.98422e-07,8.269e-06,0.236816,0.134507,1.76062,0
0,15,2,10.0,1.14091e-07,-3.65542e-07,1.63314e-05,0.238344,0.134674,1.76978,0
1,15,2,10.0,-5.26677e-07,9.62785e-07,1.60868e-05,0.237539,0.13459,1.76491,0
2,15,2,10.0,-3.4876e-07,4.84967e-07,1.64746e-05,0.237157,0.134548,1.76263,0
3,15,2,10.0,-1.89391e-07,1.59379e-07,1.72129e-05,0.236976,0.134527,1.76155,0
4,15,2,10.0,-7.32792e-08,-8.11013e-08,1.81539e-05,0.236891,0.134516,1.76105,0
5,15,2,10.0,7.55708e-09,-2.45625e-07,1.91808e-05,0.23685,0.134511,1.76082,0
6,15,2,10.0,6.09046e-08,-3.60947e-07,2.02079e-05,0.23683,0.134509,1.76071,0
7,15,2,10.0,1.20209e-07,-4.38403e-07,2.11733e-05,0.236821,0.134507,1.76066,0
8,15,2,10.0,1.68256e-07,-4.88163e-07,2.20203e-05,0.236825,0.134509,1.76066,0
9,15,2,10.0,2.16241e-07,-5.3777e-07,2.27024e-05,0.236888,0.134528,1.76088,0
10,15,2,10.0,2.86753e-07,-6.19623e-07,2.31962e-05,0.236859,0.13452,1.76078,0
11,15,2,10.0,3.01594e-07,-5.55414e-07,2.34545e-05,0.23684,0.134514,1.76071,0
12,15,2,10.0,2.97626e-07,-4.49759e-07,2.3496e-05,0.236828,0.13451,1.76066,0
13,15,2,10.0,3.18582e-07,-3.77823e-07,2.3343e-05,0.236952,0.134535,1.76127,0
14,15,2,10.0,4.43805e-07,-4.65781e-07,2.25186e-05,0.236854,0.134516,1.76079,0
15,15,2,10.0,4.51578e-07,-4.17409e-07,2.17998e-05,0.236835,0.134511,1.7607,0
16,15,2,10.0,4.58875e-07,-3.97886e-07,2.09006e-05,0.236832,0.134511,1.76069,0
17,15,2,10.0,4.58961e-07,-3.99696e-07,1.98243e-05,0.236919,0.134532,1.76106,0
18,15,2,10.0,4.89479e-07,-4.33473e-07,1.85762e-05,0.236874,0.134522,1.76086,0
19,15,2,10.0,5.05548e-07,-4.58433e-07,1.71194e-05,0.236847,0.134515,1.76075,0
20,15,2,10.0,5.29763e-07,-5.07604e-07,1.54459e-05,0.236831,0.134511,1.76068,0
21,15,2,10.0,5.54325e-07,-5.76222e-07,1.35222e-05,0.236823,0.134509,1.76065,0
22,15,2,10.0,5.83316e-07,-6.65722e-07,1.12944e-05,0.236818,0.134508,1.76063,0
23,15,2,10.0,6.30387e-07,-8.19564e-07,8.70018e-06,0.236816,0.134507,1.76062,0
0,16,2,10.0,1.7273e-07,-3.68649e-07,1.76549e-05,0.238343,0.134674,1.76978,0
1,16,2,10.0,-5.4177e-07,9.62425e-07,1.73765e-05,0.237538,0.13459,1.76491,0
2,16,2,10.0,-3.18596e-07,5.00156e-07,1.77868e-05,0.237156,0.134547,1.76262,0
3,16,2,10.0,-1.57966e-07,1.79037e-07,1.85671e-05,0.236975,0.134526,1.76155,0
4,16,2,10.0,-1.93476e-08,-4.99834e-08,1.95531e-05,0.236889,0.134516,1.76105,0
5,16,2,10.0,6.01358e-08,-2.1035e-07,2.06196e-05,0.236848,0.134511,1.76081,0
6,16,2,10.0,1.29137e-07,-3.2025e-07,2.16852e-05,0.236829,0.134508,1.7607,0
7,16,2,10.0,2.02686e-07,-4.01542e-07,2.26852e-05,0.23682,0.134507,1.76065,0
8,16,2,10.0,2.41859e-07,-4.42083e-07,2.3552e-05,0.236824,0.134509,1.76066,0
9,16,2,10.0,2.8919e-07,-5.04873e-07,2.42496e-05,0.236864,0.134521,1.7608,0
10,16,2,10.0,3.47053e-07,-5.70564e-07,2.47552e-05,0.236844,0.134515,1.76072,0
11,16,2,10.0,3.51102e-07,-5.08744e-07,2.50199e-05,0.23683,0.134511,1.76067,0
12,16,2,10.0,3.38478e-07,-3.81121e-07,2.50573e-05,0.236822,0.134509,1.76064,0
13,16,2,10.0,3.626e-07,-3.41265e-07,2.48981e-05,0.236939,0.134531,1.76122,0
14,16,2,10.0,4.51753e-07,-4.04218e-07,2.40215e-05,0.236851,0.134515,1.76078,0
15,16,2,10.0,4.5107e-07,-3.7524e-07,2.32592e-05,0.236833,0.134511,1.7607,0
16,16,2,10.0,4.45332e-07,-3.46725e-07,2.23058e-05,0.236832,0.134511,1.76068,0
17,16,2,10.0,4.59379e-07,-3.58341e-07,2.11648e-05,0.236911,0.134529,1.76103,0
18,16,2,10.0,5.31411e-07,-4.42002e-07,1.98491e-05,0.236865,0.134519,1.76083,0
19,16,2,10.0,5.58403e-07,-4.7116e-07,1.83121e-05,0.23684,0.134513,1.76072,0
20,16,2,10.0,5.79054e-07,-5.25667e-07,1.65391e-05,0.236827,0.13451,1.76067,0
21,16,2,10.0,6.00009e-07,-5.98248e-07,1.44932e-05,0.236819,0.134508,1.76064,0
22,16,2,10.0,6.28665e-07,-6.93215e-07,1.21181e-05,0.236815,0.134507,1.76062,0
23,16,2,10.0,6.76985e-07,-8.51324e-07,9.34735e-06,0.236813,0.134506,1.76062,0
0,17,2,10.0,2.0188e-07,-3.4763e-07,1.91724e-05,0.238344,0.134674,1.76978,0
1,17,2,10.0,-5.22055e-07,9.36123e-07,1.88006e-05,0.23754,0.13459,1.76491,0
2,17,2,10.0,-3.00303e-07,5.04876e-07,1.92455e-05,0.237159,0.134548,1.76263,0
3,17,2,10.0,-1.46278e-07,1.63496e-07,2.00872e-05,0.236978,0.134527,1.76156,0
4,17,2,10.0,-9.71136e-09,-7.87783e-08,2.11522e-05,0.236892,0.134517,1.76106,0
5,17,2,10.0,1.12966e-07,-2.38841e-07,2.22925e-05,0.236851,0.134512,1.76082,0
6,17,2,10.0,1.71917e-07,-3.57057e-07,2.34196e-05,0.236832,0.134509,1.76071,0
7,17,2,10.0,1.93005e-07,-4.42962e-07,2.44682e-05,0.236823,0.134508,1.76066,0
8,17,2,10.0,2.60493e-07,-5.04408e-07,2.53831e-05,0.236827,0.13451,1.76067,0
9,17,2,10.0,3.16349e-07,-5.63586e-07,2.61147e-05,0.236912,0.134535,1.76097,0
10,17,2,10.0,3.49534e-07,-6.93925e-07,2.66466e-05,0.236875,0.134524,1.76083,0
11,17,2,10.0,3.67764e-07,-6.22051e-07,2.69154e-05,0.23685,0.134517,1.76074,0
12,17,2,10.0,3.66051e-07,-5.11381e-07,2.6939e-05,0.236834,0.134512,1.76068,0
13,17,2,10.0,3.74141e-07,-4.44007e-07,2.67527e-05,0.236965,0.134539,1.76131,0
14,17,2,10.0,4.69137e-07,-5.46588e-07,2.57982e-05,0.236857,0.134517,1.7608,0
15,17,2,10.0,4.6758e-07,-4.72243e-07,2.4968e-05,0.236836,0.134512,1.76071,0
16,17,2,10.0,4.44988e-07,-4.3372e-07,2.39356e-05,0.236833,0.134512,1.76069,0
17,17,2,10.0,4.53013e-07,-4.12066e-07,2.272e-05,0.236927,0.134534,1.76109,0
18,17,2,10.0,5.46117e-07,-4.33781e-07,2.13284e-05,0.236882,0.134524,1.76089,0
19,17,2,10.0,5.58501e-07,-4.66384e-07,1.9708e-05,0.236853,0.134517,1.76077,0
20,17,2,10.0,5.79065e-07,-5.16584e-07,1.78293e-05,0.236836,0.134513,1.7607,0
21,17,2,10.0,5.78846e-07,-5.88662e-07,1.56457e-05,0.236826,0.13451,1.76066,0
22,17,2,10.0,6.10879e-07,-6.84686e-07,1.31075e-05,0.236821,0.134509,1.76064,0
23,17,2,10.0,6.60938e-07,-8.41566e-07,1.01398e-05,0.236818,0.134508,1.76063,0
0,18,2,10.0,1.29246e-07,-4.04606e-07,2.06522e-05,0.238344,0.134674,1.76978,0
1,18,2,10.0,-4.76271e-07,9.59839e-07,2.01264e-05,0.237539,0.13459,1.76491,0
2,18,2,10.0,-3.34716e-07,4.74296e-07,2.0588e-05,0.237158,0.134548,1.76263,0
3,18,2,10.0,-1.62551e-07,1.80999e-07,2.14755e-05,0.236977,0.134527,1.76156,0
4,18,2,10.0,-8.08905e-08,-4.67922e-08,2.25934e-05,0.236891,0.134517,1.76105,0
5,18,2,10.0,-3.8381e-10,-2.22955e-07,2.37849e-05,0.23685,0.134511,1.76082,0
6,18,2,10.0,3.80758e-08,-3.49351e-07,2.495e-05,0.236831,0.134509,1.76071,0
7,18,2,10.0,9.61973e-08,-4.27276e-07,2.60255e-05,0.236822,0.134508,1.76066,0
8,18,2,10.0,1.10234e-07,-5.01199e-07,2.69769e-05,0.236825,0.134509,1.76066,0
9,18,2,10.0,1.62787e-07,-5.76338e-07,2.77398e-05,0.236888,0.134528,1.76088,0
10,18,2,10.0,2.32676e-07,-6.69312e-07,2.82828e-05,0.236859,0.13452,1.76078,0
11,18,2,10.0,2.13498e-07,-5.92933e-07,2.85392e-05,0.23684,0.134514,1.76071,0
12,18,2,10.0,2.01014e-07,-4.76697e-07,2.8536e-05,0.236828,0.134511,1.76066,0
13,18,2,10.0,2.37754e-07,-4.06011e-07,2.83267e-05,0.236952,0.134535,1.76127,0
14,18,2,10.0,3.52127e-07,-4.88728e-07,2.73145e-05,0.236854,0.134516,1.76079,0
15,18,2,10.0,3.46331e-07,-4.43022e-07,2.64351e-05,0.236835,0.134511,1.7607,0
16,18,2,10.0,3.55826e-07,-3.68222e-07,2.53483e-05,0.236832,0.134511,1.76069,0
17,18,2,10.0,3.80654e-07,-3.92334e-07,2.40911e-05,0.236919,0.134532,1.76106,0
18,18,2,10.0,4.3979e-07,-4.72516e-07,2.26597e-05,0.236874,0.134522,1.76086,0
19,18,2,10.0,4.3874e-07,-5.07545e-07,2.0965e-05,0.236847,0.134515,1.76075,0
20,18,2,10.0,4.39752e-07,-5.67362e-07,1.89923e-05,0.236831,0.134511,1.76068,0
21,18,2,10.0,4.74278e-07,-6.29945e-07,1.66877e-05,0.236823,0.134509,1.76065,0
22,18,2,10.0,5.01826e-07,-7.3414e-07,1.40027e-05,0.236818,0.134508,1.76063,0
23,18,2,10.0,5.43482e-07,-8.95484e-07,1.08594e-05,0.236816,0.134507,1.76062,0
0,19,2,10.0,5.75526e-08,-3.36861e-07,2.16288e-05,0.238344,0.134674,1.76978,0
1,19,2,10.0,-3.85573e-07,9.40438e-07,2.11646e-05,0.237539,0.13459,1.76491,0
2,19,2,10.0,-2.94563e-07,4.78854e-07,2.16232e-05,0.237158,0.134548,1.76263,0
3,19,2,10.0,-1.65464e-07,1.88218e-07,2.25137e-05,0.236977,0.134527,1.76156,0
4,19,2,10.0,-1.21119e-07,-4.73334e-08,2.36219e-05,0.236891,0.134517,1.76105,0
5,19,2,10.0,-4.53164e-08,-2.04103e-07,2.48056e-05,0.23685,0.134511,1.76082,0
6,19,2,10.0,-7.6084e-10,-3.22269e-07,2.59693e-05,0.236831,0.134509,1.76071,0
7,19,2,10.0,6.75142e-08,-4.44718e-07,2.70565e-05,0.236822,0.134508,1.76066,0
8,19,2,10.0,6.49769e-08,-4.66185e-07,2.79896e-05,0.236825,0.134509,1.76066,0
9,19,2,10.0,9.34289e-08,-5.78535e-07,2.87509e-05,0.236888,0.134528,1.76088,0
10,19,2,10.0,1.43048e-07,-6.72227e-07,2.92877e-05,0.236859,0.13452,1.76078,0
11,19,2,10.0,1.33354e-07,-5.85484e-07,2.95134e-05,0.23684,0.134514,1.76071,0
12,19,2,10.0,1.47213e-07,-4.52439e-07,2.94818e-05,0.236828,0.134511,1.76066,0
13,19,2,10.0,1.90385e-07,-4.17179e-07,2.92695e-05,0.236952,0.134535,1.76127,0
14,19,2,10.0,2.71916e-07,-4.87047e-07,2.824e-05,0.236854,0.134516,1.76079,0
15,19,2,10.0,2.69739e-07,-3.90148e-07,2.73371e-05,0.236835,0.134511,1.7607,0
16,19,2,10.0,2.9548e-07,-3.78313e-07,2.62372e-05,0.236832,0.134511,1.76069,0
17,19,2,10.0,2.99969e-07,-3.52026e-07,2.49646e-05,0.236919,0.134532,1.76106,0
18,19,2,10.0,3.19906e-07,-4.69716e-07,2.35127e-05,0.236874,0.134522,1.76086,0
19,19,2,10.0,3.50654e-07,-5.10025e-07,2.17775e-05,0.236847,0.134515,1.76075,0
20,19,2,10.0,3.58465e-07,-5.60436e-07,1.97352e-05,0.236831,0.134511,1.76068,0
21,19,2,10.0,3.76989e-07,-6.42212e-07,1.73529e-05,0.236823,0.134509,1.76065,0
22,19,2,10.0,4.06095e-07,-7.43645e-07,1.45669e-05,0.236818,0.134508,1.76063,0
23,19,2,10.0,4.3121e-07,-9.091e-07,1.13011e-05,0.236816,0.134507,1.76062,0
0,20,2,10.0,4.6106e-08,-3.83646e-07,2.23427e-05,0.238344,0.134674,1.76978,0
1,20,2,10.0,-3.44875e-07,9.10429e-07,2.19098e-05,0.237539,0.13459,1.76491,0
2,20,2,10.0,-2.22537e-07,4.99062e-07,2.23432e-05,0.237158,0.134548,1.76263,0
3,20,2,10.0,-2.10144e-07,1.93821e-07,2.31916e-05,0.236977,0.134527,1.76156,0
4,20,2,10.0,-1.34062e-07,-7.74493e-10,2.42457e-05,0.236891,0.134517,1.76105,0
5,20,2,10.0,-8.59033e-08,-1.60083e-07,2.53889e-05,0.23685,0.134511,1.76082,0
6,20,2,10.0,-2.4933e-08,-2.90916e-07,2.65179e-05,0.236831,0.134509,1.76071,0
7,20,2,10.0,-2.35746e-08,-3.97515e-07,2.75654e-05,0.236822,0.134508,1.76066,0
8,20,2,10.0,1.77315e-08,-4.57109e-07,2.84615e-05,0.236825,0.134509,1.76066,0
9,20,2,10.0,1.16644e-08,-5.30973e-07,2.91746e-05,0.236888,0.134528,1.76088,0
10,20,2,10.0,-9.26728e-09,-6.02127e-07,2.96667e-05,0.236859,0.13452,1.76078,0
11,20,2,10.0,3.29049e-08,-5.25576e-07,2.98715e-05,0.23684,0.134514,1.76071,0
12,20,2,10.0,8.55808e-08,-4.16367e-07,2.98367e-05,0.236828,0.134511,1.76066,0
13,20,2,10.0,1.11505e-07,-3.70938e-07,2.96144e-05,0.236952,0.134535,1.76127,0
14,20,2,10.0,1.64337e-07,-4.35346e-07,2.85683e-05,0.236854,0.134516,1.76079,0
15,20,2,10.0,1.97641e-07,-3.6848e-07,2.76667e-05,0.236835,0.134511,1.7607,0
16,20,2,10.0,2.00773e-07,-3.32937e-07,2.65731e-05,0.236832,0.134511,1.76069,0
17,20,2,10.0,2.24832e-07,-3.50362e-07,2.52931e-05,0.236919,0.134532,1.76106,0
18,20,2,10.0,2.40097e-07,-4.4416e-07,2.38278e-05,0.236874,0.134522,1.76086,0
19,20,2,10.0,2.49255e-07,-4.96167e-07,2.20789e-05,0.236847,0.134515,1.76075,0
20,20,2,10.0,2.60772e-07,-5.54316e-07,2.00052e-05,0.236831,0.134511,1.76068,0
21,20,2,10.0,2.66937e-07,-6.20077e-07,1.75757e-05,0.236823,0.134509,1.76065,0
22,20,2,10.0,2.95457e-07,-7.41849e-07,1.47434e-05,0.236818,0.134508,1.76063,0
23,20,2,10.0,3.08249e-07,-8.99809e-07,1.14229e-05,0.236816,0.134507,1.76062,0
0,21,2,10.0,1.23384e-09,-3.57019e-07,2.28245e-05,0.238344,0.134674,1.76978,0
1,21,2,10.0,-2.43399e-07,8.91192e-07,2.24084e-05,0.237539,0.13459,1.76491,0
2,21,2,10.0,-2.1456e-07,5.00299e-07,2.28123e-05,0.237158,0.134548,1.76263,0
3,21,2,10.0,-1.89788e-07,2.27253e-07,2.35904e-05,0.236977,0.134527,1.76156,0
4,21,2,10.0,-1.48482e-07,3.55147e-08,2.45788e-05,0.236891,0.134517,1.76105,0
5,21,2,10.0,-1.09416e-07,-1.21718e-07,2.56525e-05,0.23685,0.134511,1.76082,0
6,21,2,10.0,-7.88122e-08,-2.42618e-07,2.67189e-05,0.236831,0.134509,1.76071,0
7,21,2,10.0,-6.59334e-08,-3.36409e-07,2.7698e-05,0.236822,0.134508,1.76066,0
8,21,2,10.0,-5.39752e-08,-3.89276e-07,2.85355e-05,0.236825,0.134509,1.76066,0
9,21,2,10.0,-6.06196e-08,-4.42448e-07,2.91847e-05,0.236888,0.134528,1.76088,0
10,21,2,10.0,-5.2021e-08,-5.09969e-07,2.96218e-05,0.236859,0.13452,1.76078,0
11,21,2,10.0,-1.62676e-08,-4.41114e-07,2.98074e-05,0.23684,0.134514,1.76071,0
12,21,2,10.0,2.73423e-08,-3.52828e-07,2.97713e-05,0.236828,0.134511,1.76066,0
13,21,2,10.0,6.10546e-08,-3.1401e-07,2.95355e-05,0.236952,0.134535,1.76127,0
14,21,2,10.0,1.06927e-07,-3.77056e-07,2.84701e-05,0.236854,0.134516,1.76079,0
15,21,2,10.0,1.30605e-07,-3.23163e-07,2.75769e-05,0.236835,0.134511,1.7607,0
16,21,2,10.0,1.41147e-07,-2.89203e-07,2.64807e-05,0.236832,0.134511,1.76069,0
17,21,2,10.0,1.54567e-07,-3.10954e-07,2.51976e-05,0.236919,0.134532,1.76106,0
18,21,2,10.0,1.49675e-07,-4.00436e-07,2.37181e-05,0.236874,0.134522,1.76086,0
19,21,2,10.0,1.34097e-07,-4.48268e-07,2.19476e-05,0.236847,0.134515,1.76075,0
20,21,2,10.0,1.46114e-07,-4.96724e-07,1.98622e-05,0.236831,0.134511,1.76068,0
21,21,2,10.0,1.78821e-07,-5.92109e-07,1.74281e-05,0.236823,0.134509,1.76065,0
22,21,2,10.0,1.93315e-07,-7.11161e-07,1.45942e-05,0.236818,0.134508,1.76063,0
23,21,2,10.0,1.95041e-07,-8.753e-07,1.12787e-05,0.236816,0.134507,1.76062,0
0,22,2,10.0,-1.84215e-08,-3.34773e-07,2.31109e-05,0.238344,0.134674,1.76978,0
1,22,2,10.0,-2.08476e-07,8.65657e-07,2.27433e-05,0.237539,0.13459,1.76491,0
2,22,2,10.0,-2.03984e-07,4.96782e-07,2.3117e-05,0.237158,0.134548,1.76263,0
3,22,2,10.0,-1.89306e-07,2.46003e-07,2.38421e-05,0.236977,0.134527,1.76156,0
4,22,2,10.0,-1.50352e-07,5.79116e-08,2.47701e-05,0.236891,0.134517,1.76105,0
5,22,2,10.0,-1.27629e-07,-8.68489e-08,2.57765e-05,0.23685,0.134511,1.76082,0
6,22,2,10.0,-1.18798e-07,-2.00989e-07,2.67685e-05,0.236831,0.134509,1.76071,0
7,22,2,10.0,-1.09058e-07,-2.82334e-07,2.76784e-05,0.236822,0.134508,1.76066,0
8,22,2,10.0,-1.03551e-07,-3.23643e-07,2.84508e-05,0.236825,0.134509,1.76066,0
9,22,2,10.0,-1.07111e-07,-3.59123e-07,2.90427e-05,0.236888,0.134528,1.76088,0
10,22,2,10.0,-9.63897e-08,-4.27742e-07,2.94351e-05,0.236859,0.13452,1.76078,0
11,22,2,10.0,-6.27095e-08,-3.64569e-07,2.95948e-05,0.23684,0.134514,1.76071,0
12,22,2,10.0,-2.38824e-08,-2.99179e-07,2.95416e-05,0.236828,0.134511,1.76066,0
13,22,2,10.0,6.15594e-09,-2.58871e-07,2.92889e-05,0.236952,0.134535,1.76127,0
14,22,2,10.0,4.45262e-08,-3.23062e-07,2.81897e-05,0.236854,0.134516,1.76079,0
15,22,2,10.0,7.0185e-08,-2.89316e-07,2.72882e-05,0.236835,0.134511,1.7607,0
16,22,2,10.0,9.12353e-08,-2.65114e-07,2.618e-05,0.236832,0.134511,1.76069,0
17,22,2,10.0,8.48459e-08,-2.67989e-07,2.48745e-05,0.236919,0.134532,1.76106,0
18,22,2,10.0,3.85721e-08,-3.53159e-07,2.33621e-05,0.236874,0.134522,1.76086,0
19,22,2,10.0,5.73441e-08,-3.95952e-07,2.15712e-05,0.236847,0.134515,1.76075,0
20,22,2,10.0,7.35893e-08,-4.64783e-07,1.94841e-05,0.236831,0.134511,1.76068,0
21,22,2,10.0,9.30315e-08,-5.43148e-07,1.70636e-05,0.236823,0.134509,1.76065,0
22,22,2,10.0,1.07979e-07,-6.81982e-07,1.4254e-05,0.236818,0.134508,1.76063,0
23,22,2,10.0,9.39149e-08,-8.3075e-07,1.09788e-05,0.236816,0.134507,1.76062,0
0,23,2,10.0,-3.38796e-08,-3.16739e-07,2.33116e-05,0.238344,0.134674,1.76978,0
1,23,2,10.0,-1.99801e-07,8.56137e-07,2.29726e-05,0.237539,0.13459,1.76491,0
2,23,2,10.0,-2.07802e-07,5.1183e-07,2.33321e-05,0.237158,0.134548,1.76263,0
3,23,2,10.0,-1.89149e-07,2.62459e-07,2.40335e-05,0.236977,0.134527,1.76156,0
4,23,2,10.0,-1.96821e-07,7.71665e-08,2.49268e-05,0.236891,0.134517,1.76105,0
5,23,2,10.0,-1.79779e-07,-5.49684e-08,2.58918e-05,0.23685,0.134511,1.76082,0
6,23,2,10.0,-1.49749e-07,-1.51127e-07,2.68326e-05,0.236831,0.134509,1.76071,0
7,23,2,10.0,-1.6186e-07,-2.24965e-07,2.76863e-05,0.236822,0.134508,1.76066,0
8,23,2,10.0,-1.61147e-07,-2.47728e-07,2.84025e-05,0.236825,0.134509,1.76066,0
9,23,2,10.0,-1.63929e-07,-2.89228e-07,2.89447e-05,0.236888,0.134528,1.76088,0
10,23,2,10.0,-1.55776e-07,-3.44932e-07,2.92974e-05,0.236859,0.13452,1.76078,0
11,23,2,10.0,-1.30467e-07,-3.08891e-07,2.94254e-05,0.23684,0.134514,1.76071,0
12,23,2,10.0,-9.6255e-08,-2.37122e-07,2.93458e-05,0.236828,0.134511,1.76066,0
13,23,2,10.0,-7.27101e-08,-2.23026e-07,2.90647e-05,0.236952,0.134535,1.76127,0
14,23,2,10.0,-3.31733e-08,-2.98295e-07,2.79124e-05,0.236854,0.134516,1.76079,0
15,23,2,10.0,-1.15758e-08,-2.49792e-07,2.69897e-05,0.236835,0.134511,1.7607,0
16,23,2,10.0,6.37121e-09,-2.36538e-07,2.58568e-05,0.236832,0.134511,1.76069,0
17,23,2,10.0,3.03597e-09,-2.41879e-07,2.45123e-05,0.236919,0.134532,1.76106,0
18,23,2,10.0,-3.21965e-08,-2.97509e-07,2.29554e-05,0.236874,0.134522,1.76086,0
19,23,2,10.0,-1.92221e-08,-3.55309e-07,2.11452e-05,0.236847,0.134515,1.76075,0
20,23,2,10.0,-6.23778e-09,-4.10128e-07,1.90538e-05,0.236831,0.134511,1.76068,0
21,23,2,10.0,1.30699e-08,-5.109e-07,1.6644e-05,0.236823,0.134509,1.76065,0
22,23,2,10.0,2.13923e-08,-6.46286e-07,1.38639e-05,0.236818,0.134508,1.76063,0
23,23,2,10.0,4.01116e-09,-7.95541e-07,1.06338e-05,0.236816,0.134507,1.76062,0
0,0,3,10.0,2.53089e-08,-6.06836e-07,-1.3719e-06,0.238341,0.134727,1.76907,0
1,0,3,10.0,3.32128e-08,5.98064e-07,-1.501e-06,0.237532,0.134679,1.76369,0
2,0,3,10.0,5.75705e-08,-1.891e-08,-1.38882e-06,0.237149,0.13466,1.76109,0
3,0,3,10.0,7.02751e-08,-4.69035e-07,-1.16789e-06,0.236966,0.134652,1.75984,0
4,0,3,10.0,8.29834e-08,-8.37341e-07,-8.97515e-07,0.23688,0.134649,1.75924,0
5,0,3,10.0,8.38757e-08,-1.15223e-06,-5.92134e-07,0.236839,0.134648,1.75894,0
6,0,3,10.0,7.96851e-08,-1.48519e-06,-2.95195e-07,0.236819,0.134648,1.7588,0
7,0,3,10.0,7.40392e-08,-1.68418e-06,9.25006e-09,0.23681,0.134648,1.75873,0
8,0,3,10.0,7.54839e-08,-1.85448e-06,3.07527e-07,0.236815,0.13465,1.75874,0
9,0,3,10.0,7.07973e-08,-2.06477e-06,5.80773e-07,0.236878,0.134661,1.75907,0
10,0,3,10.0,6.74034e-08,-2.19339e-06,8.49338e-07,0.236848,0.134656,1.75892,0
11,0,3,10.0,7.14466e-08,-2.07849e-06,1.09912e-06,0.236829,0.134652,1.75881,0
12,0,3,10.0,7.39476e-08,-1.95315e-06,1.31847e-06,0.236817,0.13465,1.75875,0
13,0,3,10.0,7.58918e-08,-1.72478e-06,1.6625e-06,0.236906,0.13466,1.75928,0
14,0,3,10.0,8.272e-08,-1.88916e-06,1.80128e-06,0.236861,0.134655,1.75902,0
15,0,3,10.0,7.96903e-08,-1.74726e-06,1.94664e-06,0.236835,0.134652,1.75886,0
16,0,3,10.0,7.60792e-08,-1.62336e-06,2.08608e-06,0.236828,0.134652,1.75882,0
17,0,3,10.0,7.29115e-08,-1.52391e-06,2.21167e-06,0.236948,0.134662,1.75957,0
18,0,3,10.0,6.64636e-08,-1.51382e-06,2.29884e-06,0.236881,0.134656,1.75916,0
19,0,3,10.0,6.41556e-08,-1.38865e-06,2.31676e-06,0.236844,0.134652,1.75893,0
20,0,3,10.0,6.09445e-08,-1.32328e-06,2.26e-06,0.236824,0.13465,1.75881,0
21,0,3,10.0,5.84871e-08,-1.31242e-06,2.12406e-06,0.236813,0.134649,1.75874,0
22,0,3,10.0,5.34969e-08,-1.37424e-06,1.89909e-06,0.236808,0.134649,1.75871,0
23,0,3,10.0,5.28365e-08,-1.51668e-06,1.56212e-06,0.236805,0.134648,1.75869,0
0,1,3,10.0,5.42529e-08,-4.64155e-07,-1.3449e-06,0.238351,0.134729,1.76912,0
1,1,3,10.0,6.05047e-10,1.6239e-06,-1.4341e-06,0.237552,0.134683,1.76379,0
2,1,3,10.0,5.72093e-08,1.10891e-06,-1.31894e-06,0.237175,0.134665,1.76122,0
3,1,3,10.0,9.7275e-08,7.52216e-07,-1.10218e-06,0.236998,0.134658,1.75999,0
4,1,3,10.0,1.32304e-07,4.91657e-07,-8.30935e-07,0.236914,0.134656,1.7594,0
5,1,3,10.0,1.45431e-07,2.67263e-07,-5.336e-07,0.236874,0.134655,1.75911,0
6,1,3,10.0,1.41942e-07,8.22974e-08,-2.31457e-07,0.236855,0.134655,1.75898,0
7,1,3,10.0,1.42619e-07,-4.65461e-08,6.86893e-08,0.236847,0.134655,1.75891,0
8,1,3,10.0,1.43606e-07,-1.64905e-07,3.61605e-07,0.236851,0.134657,1.75892,0
9,1,3,10.0,1.4091e-07,-3.06008e-07,6.30847e-07,0.236913,0.134668,1.75924,0
10,1,3,10.0,1.45986e-07,-4.60111e-07,8.88911e-07,0.236884,0.134663,1.75909,0
11,1,3,10.0,1.56161e-07,-3.7069e-07,1.13815e-06,0.236865,0.134659,1.75899,0
12,1,3,10.0,1.62611e-07,-2.87873e-07,1.36054e-06,0.236853,0.134657,1.75893,0
13,1,3,10.0,1.65014e-07,-1.72232e-07,1.71818e-06,0.236939,0.134667,1.75945,0
14,1,3,10.0,1.8453e-07,-4.89964e-07,1.86717e-06,0.236896,0.134662,1.75919,0
15,1,3,10.0,1.80404e-07,-4.31628e-07,2.01096e-06,0.23687,0.134659,1.75904,0
16,1,3,10.0,1.72462e-07,-3.91242e-07,2.14224e-06,0.236864,0.134659,1.75899,0
17,1,3,10.0,1.66632e-07,-3.98116e-07,2.2502e-06,0.23698,0.134668,1.75973,0
18,1,3,10.0,1.52167e-07,-5.90443e-07,2.32138e-06,0.236915,0.134662,1.75933,0
19,1,3,10.0,1.52104e-07,-5.79053e-07,2.32998e-06,0.236879,0.134659,1.7591,0
20,1,3,10.0,1.49315e-07,-6.34681e-07,2.26964e-06,0.23686,0.134657,1.75898,0
21,1,3,10.0,1.48129e-07,-7.63797e-07,2.13343e-06,0.23685,0.134656,1.75892,0
22,1,3,10.0,1.37762e-07,-9.80667e-07,1.90774e-06,0.236844,0.134656,1.75889,0
23,1,3,10.0,1.33247e-07,-1.29949e-06,1.57033e-06,0.236842,0.134656,1.75887,0
0,2,3,10.0,6.51599e-08,-4.86508e-07,-1.09691e-06,0.238351,0.134729,1.76912,0
1,2,3,10.0,-7.7448e-08,1.62202e-06,-1.19023e-06,0.237553,0.134683,1.76379,0
2,2,3,10.0,-7.34308e-09,1.06575e-06,-1.0675e-06,0.237176,0.134665,1.76123,0
3,2,3,10.0,6.99625e-08,6.91159e-07,-8.37815e-07,0.236998,0.134658,1.75999,0
4,2,3,10.0,1.19044e-07,4.08996e-07,-5.56698e-07,0.236914,0.134656,1.7594,0
5,2,3,10.0,1.37437e-07,1.97761e-07,-2.59107e-07,0.236874,0.134655,1.75912,0
6,2,3,10.0,1.46566e-07,2.18237e-08,4.09562e-08,0.236856,0.134655,1.75898,0
7,2,3,10.0,1.76016e-07,-1.09038e-07,3.41256e-07,0.236847,0.134655,1.75891,0
8,2,3,10.0,1.63205e-07,-2.20184e-07,6.24218e-07,0.236852,0.134657,1.75893,0
9,2,3,10.0,1.72328e-07,-3.46472e-07,8.83311e-07,0.236914,0.134668,1.75925,0
10,2,3,10.0,2.06098e-07,-5.00907e-07,1.13712e-06,0.236884,0.134663,1.75909,0
11,2,3,10.0,2.0317e-07,-4.27569e-07,1.38052e-06,0.236865,0.134659,1.75899,0
12,2,3,10.0,1.98296e-07,-3.47709e-07,1.59968e-06,0.236854,0.134658,1.75893,0
13,2,3,10.0,2.12516e-07,-2.34039e-07,1.95981e-06,0.23694,0.134667,1.75945,0
14,2,3,10.0,2.39514e-07,-5.43606e-07,2.10879e-06,0.236896,0.134662,1.75919,0
15,2,3,10.0,2.24253e-07,-4.84111e-07,2.24278e-06,0.236871,0.134659,1.75904,0
16,2,3,10.0,2.18016e-07,-4.45944e-07,2.35372e-06,0.236864,0.134659,1.75899,0
17,2,3,10.0,2.09354e-07,-4.46561e-07,2.43544e-06,0.23698,0.134668,1.75973,0
18,2,3,10.0,1.88767e-07,-6.32086e-07,2.47922e-06,0.236915,0.134662,1.75933,0
19,2,3,10.0,1.91784e-07,-6.24606e-07,2.46897e-06,0.236879,0.134659,1.7591,0
20,2,3,10.0,1.91328e-07,-6.78186e-07,2.39312e-06,0.23686,0.134657,1.75898,0
21,2,3,10.0,1.94312e-07,-8.06075e-07,2.24477e-06,0.23685,0.134656,1.75892,0
22,2,3,10.0,1.95811e-07,-1.01778e-06,2.0053e-06,0.236845,0.134656,1.75889,0
23,2,3,10.0,1.90096e-07,-1.32912e-06,1.65004e-06,0.236842,0.134656,1.75887,0
0,3,3,10.0,9.12705e-08,-5.18609e-07,-6.70529e-07,0.238351,0.134729,1.76912,0
1,3,3,10.0,-1.44546e-07,1.61013e-06,-7.96786e-07,0.237553,0.134683,1.76379,0
2,3,3,10.0,-3.39254e-08,1.05116e-06,-6.5626e-07,0.237176,0.134665,1.76123,0
3,3,3,10.0,2.65456e-08,6.25555e-07,-4.03597e-07,0.236998,0.134658,1.75999,0
4,3,3,10.0,9.31776e-08,3.17225e-07,-9.2403e-08,0.236914,0.134656,1.7594,0
5,3,3,10.0,1.45452e-07,1.04992e-07,2.27053e-07,0.236874,0.134655,1.75912,0
6,3,3,10.0,1.91157e-07,-5.45159e-08,5.40922e-07,0.236856,0.134655,1.75898,0
7,3,3,10.0,1.73971e-07,-1.78832e-07,8.4371e-07,0.236847,0.134655,1.75891,0
8,3,3,10.0,1.94487e-07,-2.79618e-07,1.12562e-06,0.236852,0.134657,1.75893,0
9,3,3,10.0,2.26196e-07,-3.95433e-07,1.3834e-06,0.236914,0.134668,1.75925,0
10,3,3,10.0,2.15627e-07,-5.56727e-07,1.62588e-06,0.236884,0.134663,1.75909,0
11,3,3,10.0,2.27074e-07,-5.00345e-07,1.85424e-06,0.236865,0.134659,1.75899,0
12,3,3,10.0,2.24858e-07,-4.19781e-07,2.05679e-06,0.236854,0.134658,1.75893,0
13,3,3,10.0,2.35249e-07,-3.05799e-07,2.39114e-06,0.23694,0.134667,1.75945,0
14,3,3,10.0,2.88499e-07,-5.98461e-07,2.52732e-06,0.236896,0.134662,1.75919,0
15,3,3,10.0,2.72661e-07,-5.36039e-07,2.63345e-06,0.236871,0.134659,1.75904,0
16,3,3,10.0,2.57424e-07,-4.94119e-07,2.70778e-06,0.236864,0.134659,1.75899,0
17,3,3,10.0,2.58375e-07,-4.89242e-07,2.75627e-06,0.23698,0.134668,1.75973,0
18,3,3,10.0,2.62753e-07,-6.50784e-07,2.76833e-06,0.236915,0.134662,1.75933,0
19,3,3,10.0,2.52209e-07,-6.48168e-07,2.72807e-06,0.23688,0.134659,1.7591,0
20,3,3,10.0,2.68368e-07,-7.02561e-07,2.62717e-06,0.23686,0.134657,1.75898,0
21,3,3,10.0,2.58109e-07,-8.25945e-07,2.4513e-06,0.23685,0.134656,1.75892,0
22,3,3,10.0,2.57959e-07,-1.03377e-06,2.18386e-06,0.236845,0.134656,1.75889,0
23,3,3,10.0,2.57186e-07,-1.33522e-06,1.79534e-06,0.236842,0.134656,1.75887,0
0,4,3,10.0,6.48417e-08,-5.45467e-07,-1.3401e-07,0.238351,0.134729,1.76912,0
1,4,3,10.0,-1.98953e-07,1.64458e-06,-2.96543e-07,0.237553,0.134683,1.76379,0
2,4,3,10.0,-9.77392e-08,1.00543e-06,-1.40834e-07,0.237176,0.134665,1.76123,0
3,4,3,10.0,-1.8023e-08,5.57785e-07,1.49425e-07,0.236998,0.134658,1.75999,0
4,4,3,10.0,6.1435e-08,2.34787e-07,4.95175e-07,0.236914,0.134656,1.7594,0
5,4,3,10.0,1.38103e-07,1.52672e-08,8.59205e-07,0.236874,0.134655,1.75912,0
6,4,3,10.0,1.53967e-07,-1.26598e-07,1.19638e-06,0.236856,0.134655,1.75898,0
7,4,3,10.0,1.82883e-07,-2.49857e-07,1.5116e-06,0.236847,0.134655,1.75891,0
8,4,3,10.0,2.05572e-07,-3.3601e-07,1.80601e-06,0.236852,0.134657,1.75893,0
9,4,3,10.0,2.18636e-07,-4.40704e-07,2.07328e-06,0.236914,0.134668,1.75925,0
10,4,3,10.0,2.74309e-07,-5.9914e-07,2.29798e-06,0.236884,0.134663,1.75909,0
11,4,3,10.0,2.72067e-07,-5.57195e-07,2.50281e-06,0.236865,0.134659,1.75899,0
12,4,3,10.0,2.74436e-07,-4.8199e-07,2.67807e-06,0.236854,0.134658,1.75893,0
13,4,3,10.0,2.56825e-07,-3.672e-07,2.94367e-06,0.23694,0.134667,1.75945,0
14,4,3,10.0,2.9874e-07,-6.44882e-07,3.05006e-06,0.236896,0.134662,1.75919,0
15,4,3,10.0,2.76166e-07,-5.81358e-07,3.11409e-06,0.236871,0.134659,1.75904,0
16,4,3,10.0,2.87006e-07,-5.27354e-07,3.14882e-06,0.236864,0.134659,1.75899,0
17,4,3,10.0,2.80553e-07,-5.31501e-07,3.15638e-06,0.23698,0.134668,1.75973,0
18,4,3,10.0,2.64923e-07,-6.67133e-07,3.13344e-06,0.236915,0.134662,1.75933,0
19,4,3,10.0,2.84072e-07,-6.75653e-07,3.05608e-06,0.236879,0.134659,1.7591,0
20,4,3,10.0,2.84136e-07,-7.30554e-07,2.92146e-06,0.23686,0.134657,1.75898,0
21,4,3,10.0,2.92152e-07,-8.49665e-07,2.70846e-06,0.23685,0.134656,1.75892,0
22,4,3,10.0,2.89944e-07,-1.04708e-06,2.40035e-06,0.236845,0.134656,1.75889,0
23,4,3,10.0,2.90007e-07,-1.34188e-06,1.9672e-06,0.236842,0.134656,1.75887,0
0,5,3,10.0,2.86674e-08,-5.43418e-07,3.86279e-07,0.238351,0.134729,1.76912,0
1,5,3,10.0,-2.24262e-07,1.67745e-06,2.38258e-07,0.237552,0.134683,1.76379,0
2,5,3,10.0,-1.47437e-07,9.92633e-07,4.13554e-07,0.237176,0.134665,1.76123,0
3,5,3,10.0,-6.16748e-08,5.20565e-07,7.34656e-07,0.236998,0.134658,1.75999,0
4,5,3,10.0,5.39259e-08,1.6024e-07,1.1277e-06,0.236914,0.134656,1.7594,0
5,5,3,10.0,5.09192e-08,-8.04997e-08,1.51836e-06,0.236874,0.134655,1.75912,0
6,5,3,10.0,1.10054e-07,-2.21834e-07,1.88803e-06,0.236856,0.134655,1.75898,0
7,5,3,10.0,1.9927e-07,-3.28365e-07,2.23469e-06,0.236847,0.134655,1.75891,0
8,5,3,10.0,1.66436e-07,-3.93008e-07,2.54482e-06,0.236852,0.134657,1.75893,0
9,5,3,10.0,1.95041e-07,-4.85416e-07,2.81201e-06,0.236914,0.134668,1.75925,0
10,5,3,10.0,2.85841e-07,-6.3966e-07,3.04193e-06,0.236884,0.134663,1.75909,0
11,5,3,10.0,2.76842e-07,-6.03994e-07,3.21801e-06,0.236865,0.134659,1.75899,0
12,5,3,10.0,2.43723e-07,-5.32294e-07,3.35211e-06,0.236853,0.134658,1.75893,0
13,5,3,10.0,2.42038e-07,-4.09319e-07,3.52769e-06,0.23694,0.134667,1.75945,0
14,5,3,10.0,3.05428e-07,-6.76974e-07,3.59324e-06,0.236896,0.134662,1.75919,0
15,5,3,10.0,2.93115e-07,-6.01593e-07,3.61414e-06,0.236871,0.134659,1.75904,0
16,5,3,10.0,3.01452e-07,-5.6272e-07,3.60554e-06,0.236864,0.134659,1.75899,0
17,5,3,10.0,2.99899e-07,-5.61913e-07,3.57268e-06,0.23698,0.134668,1.75973,0
18,5,3,10.0,2.93661e-07,-6.71082e-07,3.50255e-06,0.236915,0.134662,1.75933,0
19,5,3,10.0,3.1154e-07,-6.85443e-07,3.38888e-06,0.236879,0.134659,1.7591,0
20,5,3,10.0,3.10182e-07,-7.4161e-07,3.21167e-06,0.23686,0.134657,1.75898,0
21,5,3,10.0,3.20743e-07,-8.59639e-07,2.9589e-06,0.23685,0.134656,1.75892,0
22,5,3,10.0,3.27705e-07,-1.05093e-06,2.60691e-06,0.236845,0.134656,1.75889,0
23,5,3,10.0,3.26318e-07,-1.33559e-06,2.12434e-06,0.236842,0.134656,1.75887,0
0,6,3,10.0,7.18348e-08,-6.06406e-07,9.13957e-07,0.238351,0.134729,1.76912,0
1,6,3,10.0,-2.67548e-07,1.69088e-06,7.97111e-07,0.237553,0.134683,1.76379,0
2,6,3,10.0,-1.64694e-07,1.00409e-06,9.79641e-07,0.237176,0.134665,1.76123,0
3,6,3,10.0,-7.79597e-08,4.91702e-07,1.31786e-06,0.236998,0.134658,1.75999,0
4,6,3,10.0,-4.70992e-08,1.11676e-07,1.73895e-06,0.236914,0.134656,1.7594,0
5,6,3,10.0,4.41062e-08,-1.34634e-07,2.15258e-06,0.236874,0.134655,1.75912,0
6,6,3,10.0,1.37437e-07,-2.91201e-07,2.55947e-06,0.236856,0.134655,1.75898,0
7,6,3,10.0,1.35422e-07,-3.88966e-07,2.93422e-06,0.236847,0.134655,1.75891,0
8,6,3,10.0,1.73494e-07,-4.52653e-07,3.25012e-06,0.236852,0.134657,1.75893,0
9,6,3,10.0,1.92861e-07,-5.20587e-07,3.52766e-06,0.236914,0.134668,1.75925,0
10,6,3,10.0,2.50649e-07,-6.6225e-07,3.76013e-06,0.236884,0.134663,1.75909,0
11,6,3,10.0,2.68684e-07,-6.2052e-07,3.9147e-06,0.236865,0.134659,1.75899,0
12,6,3,10.0,2.83414e-07,-5.5428e-07,4.01241e-06,0.236854,0.134658,1.75893,0
13,6,3,10.0,3.03038e-07,-4.27152e-07,4.11061e-06,0.23694,0.134667,1.75945,0
14,6,3,10.0,3.31474e-07,-6.73871e-07,4.13664e-06,0.236896,0.134662,1.75919,0
15,6,3,10.0,3.42498e-07,-6.11149e-07,4.11555e-06,0.236871,0.134659,1.75904,0
16,6,3,10.0,3.30101e-07,-5.60736e-07,4.06635e-06,0.236864,0.134659,1.75899,0
17,6,3,10.0,3.45209e-07,-5.71414e-07,3.98912e-06,0.23698,0.134668,1.75973,0
18,6,3,10.0,3.73341e-07,-6.51633e-07,3.87912e-06,0.236915,0.134662,1.75933,0
19,6,3,10.0,3.67403e-07,-6.76724e-07,3.72155e-06,0.23688,0.134659,1.7591,0
20,6,3,10.0,3.7745e-07,-7.36491e-07,3.50088e-06,0.23686,0.134657,1.75898,0
21,6,3,10.0,3.71905e-07,-8.49642e-07,3.20171e-06,0.23685,0.134656,1.75892,0
22,6,3,10.0,3.73606e-07,-1.03963e-06,2.80169e-06,0.236845,0.134656,1.75889,0
23,6,3,10.0,3.7991e-07,-1.31625e-06,2.26761e-06,0.236842,0.134656,1.75887,0
0,7,3,10.0,6.28077e-08,-6.0929e-07,1.4959e-06,0.238351,0.134729,1.76912,0
1,7,3,10.0,-3.34941e-07,1.71715e-06,1.3949e-06,0.237553,0.134683,1.76379,0
2,7,3,10.0,-1.91541e-07,1.01697e-06,1.58394e-06,0.237176,0.134665,1.76123,0
3,7,3,10.0,-1.13639e-07,4.83058e-07,1.92738e-06,0.236998,0.134658,1.75999,0
4,7,3,10.0,-9.15522e-08,9.75006e-08,2.3459e-06,0.236914,0.134656,1.7594,0
5,7,3,10.0,5.03664e-08,-1.61915e-07,2.7944e-06,0.236874,0.134655,1.75912,0
6,7,3,10.0,9.29513e-08,-3.34194e-07,3.23174e-06,0.236856,0.134655,1.75898,0
7,7,3,10.0,1.35279e-07,-4.38021e-07,3.6207e-06,0.236847,0.134655,1.75891,0
8,7,3,10.0,2.02863e-07,-4.89683e-07,3.96217e-06,0.236852,0.134657,1.75893,0
9,7,3,10.0,2.36577e-07,-5.46712e-07,4.24511e-06,0.236914,0.134668,1.75925,0
10,7,3,10.0,2.73335e-07,-6.83385e-07,4.46572e-06,0.236884,0.134663,1.75909,0
11,7,3,10.0,2.86611e-07,-6.39623e-07,4.60494e-06,0.236865,0.134659,1.75899,0
12,7,3,10.0,2.96118e-07,-5.66281e-07,4.68261e-06,0.236853,0.134657,1.75893,0
13,7,3,10.0,3.16416e-07,-4.35502e-07,4.72245e-06,0.23694,0.134667,1.75945,0
14,7,3,10.0,3.71187e-07,-6.72156e-07,4.71424e-06,0.236896,0.134662,1.75919,0
15,7,3,10.0,3.70422e-07,-6.04611e-07,4.659e-06,0.236871,0.134659,1.75904,0
16,7,3,10.0,3.75129e-07,-5.65563e-07,4.56959e-06,0.236864,0.134659,1.75899,0
17,7,3,10.0,3.8307e-07,-5.73021e-07,4.45276e-06,0.23698,0.134668,1.75973,0
18,7,3,10.0,4.0938e-07,-6.27095e-07,4.30263e-06,0.236915,0.134662,1.75933,0
19,7,3,10.0,4.10757e-07,-6.57151e-07,4.09769e-06,0.23688,0.134659,1.7591,0
20,7,3,10.0,4.08572e-07,-7.21519e-07,3.82799e-06,0.23686,0.134657,1.75898,0
21,7,3,10.0,4.12717e-07,-8.37225e-07,3.47535e-06,0.23685,0.134656,1.75892,0
22,7,3,10.0,4.15e-07,-1.01873e-06,3.01962e-06,0.236845,0.134656,1.75889,0
23,7,3,10.0,4.1776e-07,-1.29246e-06,2.42641e-06,0.236842,0.134656,1.75887,0
0,8,3,10.0,6.96736e-08,-5.85609e-07,2.17906e-06,0.238351,0.134729,1.76912,0
1,8,3,10.0,-3.08237e-07,1.72655e-06,2.07814e-06,0.237553,0.134683,1.76379,0
2,8,3,10.0,-2.38915e-07,1.02993e-06,2.26439e-06,0.237176,0.134665,1.76123,0
3,8,3,10.0,-1.23992e-07,5.01971e-07,2.60388e-06,0.236998,0.134658,1.75999,0
4,8,3,10.0,-1.11574e-08,1.0991e-07,3.03628e-06,0.236914,0.134656,1.7594,0
5,8,3,10.0,1.7676e-08,-1.64429e-07,3.50253e-06,0.236874,0.134655,1.75912,0
6,8,3,10.0,9.60924e-08,-3.47316e-07,3.95364e-06,0.236856,0.134655,1.75898,0
7,8,3,10.0,1.83955e-07,-4.57729e-07,4.36736e-06,0.236847,0.134655,1.75891,0
8,8,3,10.0,1.9551e-07,-5.15859e-07,4.72608e-06,0.236851,0.134657,1.75893,0
9,8,3,10.0,2.36478e-07,-5.69804e-07,5.01652e-06,0.236905,0.134666,1.7592,0
10,8,3,10.0,3.01646e-07,-6.94321e-07,5.2306e-06,0.236876,0.134661,1.75905,0
11,8,3,10.0,3.24377e-07,-6.39867e-07,5.3604e-06,0.236858,0.134658,1.75896,0
12,8,3,10.0,3.35331e-07,-5.57335e-07,5.42279e-06,0.236849,0.134657,1.75891,0
13,8,3,10.0,3.73076e-07,-4.11849e-07,5.41382e-06,0.236917,0.134663,1.75933,0
14,8,3,10.0,4.20177e-07,-6.45262e-07,5.37791e-06,0.236882,0.13466,1.75912,0
15,8,3,10.0,4.25624e-07,-5.78087e-07,5.28691e-06,0.236862,0.134658,1.759,0
16,8,3,10.0,4.30923e-07,-5.44258e-07,5.16224e-06,0.23686,0.134658,1.75897,0
17,8,3,10.0,4.39647e-07,-5.5315e-07,5.0072e-06,0.23698,0.134668,1.75973,0
18,8,3,10.0,4.85238e-07,-6.61609e-07,4.81937e-06,0.236915,0.134662,1.75933,0
19,8,3,10.0,4.78861e-07,-6.92847e-07,4.56587e-06,0.23688,0.134659,1.7591,0
20,8,3,10.0,4.73766e-07,-7.57649e-07,4.23852e-06,0.23686,0.134657,1.75898,0
21,8,3,10.0,4.72764e-07,-8.70136e-07,3.82438e-06,0.23685,0.134656,1.75892,0
22,8,3,10.0,4.72566e-07,-1.04652e-06,3.30196e-06,0.236845,0.134656,1.75889,0
23,8,3,10.0,4.77337e-07,-1.31009e-06,2.63687e-06,0.236842,0.134656,1.75887,0
0,9,3,10.0,8.74074e-08,-5.63911e-07,2.97261e-06,0.238351,0.134729,1.76912,0
1,9,3,10.0,-3.69634e-07,1.73491e-06,2.85307e-06,0.237552,0.134683,1.76379,0
2,9,3,10.0,-2.3572e-07,1.04195e-06,3.03277e-06,0.237176,0.134665,1.76123,0
3,9,3,10.0,-1.1678e-07,5.22391e-07,3.38072e-06,0.236998,0.134658,1.75999,0
4,9,3,10.0,-7.20122e-08,1.19301e-07,3.82353e-06,0.236914,0.134656,1.7594,0
5,9,3,10.0,3.71934e-08,-1.55343e-07,4.29793e-06,0.236874,0.134655,1.75912,0
6,9,3,10.0,1.21581e-07,-3.54671e-07,4.75854e-06,0.236856,0.134655,1.75898,0
7,9,3,10.0,1.58964e-07,-4.75873e-07,5.1874e-06,0.236847,0.134655,1.75891,0
8,9,3,10.0,2.10757e-07,-5.36417e-07,5.53965e-06,0.236852,0.134657,1.75893,0
9,9,3,10.0,2.56447e-07,-5.98308e-07,5.83686e-06,0.236923,0.13467,1.75929,0
10,9,3,10.0,3.18236e-07,-7.48544e-07,6.06283e-06,0.236893,0.134664,1.75914,0
11,9,3,10.0,3.46802e-07,-7.10843e-07,6.19288e-06,0.236872,0.134661,1.75903,0
12,9,3,10.0,3.62772e-07,-6.255e-07,6.2484e-06,0.236858,0.134658,1.75896,0
13,9,3,10.0,3.92225e-07,-5.38882e-07,6.24261e-06,0.23685,0.134657,1.75891,0
14,9,3,10.0,4.15144e-07,-4.00268e-07,6.1038e-06,0.236843,0.134656,1.75887,0
15,9,3,10.0,4.30702e-07,-3.64129e-07,5.97706e-06,0.236841,0.134656,1.75886,0
16,9,3,10.0,4.41379e-07,-3.60954e-07,5.81721e-06,0.236849,0.134657,1.7589,0
17,9,3,10.0,4.58276e-07,-3.99153e-07,5.62686e-06,0.236917,0.134668,1.75926,0
18,9,3,10.0,4.98202e-07,-5.93743e-07,5.3979e-06,0.236886,0.134663,1.7591,0
19,9,3,10.0,4.9444e-07,-6.49535e-07,5.09222e-06,0.236866,0.13466,1.759,0
20,9,3,10.0,4.93042e-07,-7.34435e-07,4.70415e-06,0.236854,0.134658,1.75893,0
21,9,3,10.0,4.94398e-07,-8.58692e-07,4.22187e-06,0.236847,0.134657,1.7589,0
22,9,3,10.0,4.96972e-07,-1.04183e-06,3.6251e-06,0.236843,0.134656,1.75888,0
23,9,3,10.0,5.06693e-07,-1.31168e-06,2.88015e-06,0.236841,0.134656,1.75887,0
0,10,3,10.0,8.00887e-08,-5.68226e-07,3.82521e-06,0.238351,0.134729,1.76912,0
1,10,3,10.0,-3.92593e-07,1.72998e-06,3.68132e-06,0.237553,0.134683,1.76379,0
2,10,3,10.0,-2.50909e-07,1.04328e-06,3.86676e-06,0.237176,0.134665,1.76123,0
3,10,3,10.0,-1.63279e-07,5.23399e-07,4.2184e-06,0.236998,0.134658,1.75999,0
4,10,3,10.0,-6.77964e-08,1.33674e-07,4.65416e-06,0.236914,0.134656,1.7594,0
5,10,3,10.0,1.76289e-08,-1.5489e-07,5.13054e-06,0.236874,0.134655,1.75912,0
6,10,3,10.0,8.8286e-08,-3.66415e-07,5.59848e-06,0.236856,0.134655,1.75898,0
7,10,3,10.0,1.41556e-07,-5.01042e-07,6.01634e-06,0.236847,0.134655,1.75891,0
8,10,3,10.0,2.14419e-07,-5.59197e-07,6.37455e-06,0.236852,0.134657,1.75893,0
9,10,3,10.0,2.57918e-07,-6.32683e-07,6.66775e-06,0.236914,0.134668,1.75925,0
10,10,3,10.0,3.00669e-07,-7.81255e-07,6.88203e-06,0.236885,0.134663,1.7591,0
11,10,3,10.0,3.34277e-07,-7.16678e-07,7.01599e-06,0.236865,0.134659,1.75899,0
12,10,3,10.0,3.50871e-07,-6.1983e-07,7.06669e-06,0.236854,0.134658,1.75893,0
13,10,3,10.0,3.67463e-07,-5.20148e-07,7.04738e-06,0.236847,0.134657,1.7589,0
14,10,3,10.0,4.21884e-07,-3.72087e-07,6.84326e-06,0.236841,0.134656,1.75887,0
15,10,3,10.0,4.36621e-07,-3.38271e-07,6.6835e-06,0.23684,0.134656,1.75886,0
16,10,3,10.0,4.54689e-07,-3.30461e-07,6.49739e-06,0.236848,0.134657,1.7589,0
17,10,3,10.0,4.67605e-07,-3.76092e-07,6.26813e-06,0.236914,0.134668,1.75925,0
18,10,3,10.0,5.00566e-07,-5.82767e-07,5.98622e-06,0.236885,0.134663,1.7591,0
19,10,3,10.0,5.00453e-07,-6.40543e-07,5.62603e-06,0.236865,0.134659,1.75899,0
20,10,3,10.0,4.9939e-07,-7.27691e-07,5.17367e-06,0.236853,0.134658,1.75893,0
21,10,3,10.0,5.03184e-07,-8.54907e-07,4.61916e-06,0.236847,0.134657,1.7589,0
22,10,3,10.0,5.14769e-07,-1.04049e-06,3.94555e-06,0.236843,0.134656,1.75888,0
23,10,3,10.0,5.21187e-07,-1.30728e-06,3.11627e-06,0.236841,0.134656,1.75887,0
0,11,3,10.0,1.06387e-07,-5.48648e-07,4.73056e-06,0.238351,0.134729,1.76912,0
1,11,3,10.0,-3.42081e-07,1.71204e-06,4.56924e-06,0.237553,0.134683,1.76379,0
2,11,3,10.0,-2.56141e-07,1.0335e-06,4.74474e-06,0.237176,0.134665,1.76123,0
3,11,3,10.0,-1.93061e-07,5.19232e-07,5.06294e-06,0.236998,0.134658,1.75999,0
4,11,3,10.0,-9.75224e-08,1.44041e-07,5.48175e-06,0.236914,0.134656,1.7594,0
5,11,3,10.0,-8.71624e-09,-1.46663e-07,5.94273e-06,0.236874,0.134655,1.75912,0
6,11,3,10.0,6.76472e-08,-3.70039e-07,6.39423e-06,0.236856,0.134655,1.75898,0
7,11,3,10.0,1.2682e-07,-5.09378e-07,6.80729e-06,0.236847,0.134655,1.75891,0
8,11,3,10.0,1.89072e-07,-5.81911e-07,7.1689e-06,0.236852,0.134657,1.75893,0
9,11,3,10.0,2.32748e-07,-6.55674e-07,7.46442e-06,0.236914,0.134668,1.75925,0
10,11,3,10.0,3.46704e-07,-7.91816e-07,7.68298e-06,0.236884,0.134663,1.75909,0
11,11,3,10.0,3.46107e-07,-7.39299e-07,7.81928e-06,0.236865,0.134659,1.75899,0
12,11,3,10.0,3.64901e-07,-6.08991e-07,7.86905e-06,0.236854,0.134658,1.75893,0
13,11,3,10.0,4.00761e-07,-5.12124e-07,7.83906e-06,0.236847,0.134657,1.7589,0
14,11,3,10.0,4.39007e-07,-3.6193e-07,7.58762e-06,0.236841,0.134656,1.75887,0
15,11,3,10.0,4.56569e-07,-3.21031e-07,7.40098e-06,0.23684,0.134656,1.75886,0
16,11,3,10.0,4.35258e-07,-3.28531e-07,7.17601e-06,0.236848,0.134657,1.7589,0
17,11,3,10.0,4.46658e-07,-3.68971e-07,6.90847e-06,0.236914,0.134668,1.75925,0
18,11,3,10.0,5.26359e-07,-5.79802e-07,6.58441e-06,0.236885,0.134663,1.7591,0
19,11,3,10.0,5.08159e-07,-6.45501e-07,6.16359e-06,0.236865,0.134659,1.75899,0
20,11,3,10.0,5.09941e-07,-7.26278e-07,5.64119e-06,0.236853,0.134658,1.75893,0
21,11,3,10.0,5.24696e-07,-8.55787e-07,5.01129e-06,0.236847,0.134657,1.7589,0
22,11,3,10.0,5.27928e-07,-1.04396e-06,4.2556e-06,0.236843,0.134656,1.75888,0
23,11,3,10.0,5.42495e-07,-1.31438e-06,3.34046e-06,0.236841,0.134656,1.75887,0
0,12,3,10.0,8.33648e-08,-5.91082e-07,5.74394e-06,0.238351,0.134729,1.76912,0
1,12,3,10.0,-3.96723e-07,1.68461e-06,5.49842e-06,0.237553,0.134683,1.76379,0
2,12,3,10.0,-3.14878e-07,1.01334e-06,5.63257e-06,0.237176,0.134665,1.76123,0
3,12,3,10.0,-1.99296e-07,5.37306e-07,5.92225e-06,0.236998,0.134658,1.75999,0
4,12,3,10.0,-7.64838e-08,1.69015e-07,6.30263e-06,0.236915,0.134656,1.7594,0
5,12,3,10.0,-5.7003e-09,-1.27113e-07,6.73277e-06,0.236875,0.134655,1.75912,0
6,12,3,10.0,5.66766e-08,-3.61722e-07,7.16806e-06,0.236856,0.134655,1.75898,0
7,12,3,10.0,1.36979e-07,-5.24311e-07,7.5731e-06,0.236847,0.134655,1.75892,0
8,12,3,10.0,1.92678e-07,-5.78852e-07,7.94522e-06,0.236852,0.134657,1.75893,0
9,12,3,10.0,2.75775e-07,-6.76939e-07,8.272e-06,0.236914,0.134668,1.75925,0
10,12,3,10.0,3.76671e-07,-8.55676e-07,8.51656e-06,0.236885,0.134663,1.7591,0
11,12,3,10.0,3.71835e-07,-7.45247e-07,8.65597e-06,0.236865,0.134659,1.75899,0
12,12,3,10.0,3.97759e-07,-6.31801e-07,8.70859e-06,0.236854,0.134658,1.75893,0
13,12,3,10.0,4.25453e-07,-5.1216e-07,8.67616e-06,0.236847,0.134657,1.7589,0
14,12,3,10.0,4.71389e-07,-3.67749e-07,8.3568e-06,0.236849,0.134657,1.75891,0
15,12,3,10.0,4.65606e-07,-3.42562e-07,8.13192e-06,0.236846,0.134657,1.75889,0
16,12,3,10.0,4.72309e-07,-3.27043e-07,7.86893e-06,0.236852,0.134658,1.75892,0
17,12,3,10.0,4.94804e-07,-3.80348e-07,7.56913e-06,0.236914,0.134668,1.75925,0
18,12,3,10.0,5.07559e-07,-5.45618e-07,7.20768e-06,0.236885,0.134663,1.7591,0
19,12,3,10.0,4.95665e-07,-5.9447e-07,6.71957e-06,0.236865,0.134659,1.75899,0
20,12,3,10.0,5.10763e-07,-6.79848e-07,6.12271e-06,0.236854,0.134658,1.75893,0
21,12,3,10.0,5.27269e-07,-8.07958e-07,5.41588e-06,0.236847,0.134657,1.7589,0
22,12,3,10.0,5.47769e-07,-1.00281e-06,4.57511e-06,0.236844,0.134656,1.75888,0
23,12,3,10.0,5.59798e-07,-1.27685e-06,3.5697e-06,0.236842,0.134656,1.75887,0
0,13,3,10.0,5.65182e-08,-5.68191e-07,6.54003e-06,0.238352,0.134729,1.76912,0
1,13,3,10.0,-4.54334e-07,1.66616e-06,6.37476e-06,0.237553,0.134683,1.76379,0
2,13,3,10.0,-3.36446e-07,1.00677e-06,6.4975e-06,0.237177,0.134666,1.76123,0
3,13,3,10.0,-2.17079e-07,6.03454e-07,6.76909e-06,0.237,0.134659,1.76,0
4,13,3,10.0,-1.07514e-07,1.63054e-07,7.13855e-06,0.236916,0.134657,1.75941,0
5,13,3,10.0,-4.43524e-08,-1.27736e-07,7.52931e-06,0.236877,0.134656,1.75912,0
6,13,3,10.0,7.15958e-08,-3.70222e-07,7.94587e-06,0.236858,0.134656,1.75899,0
7,13,3,10.0,1.19911e-07,-5.2382e-07,8.3646e-06,0.236849,0.134656,1.75892,0
8,13,3,10.0,2.04918e-07,-6.14452e-07,8.75996e-06,0.236854,0.134657,1.75893,0
9,13,3,10.0,2.30143e-07,-7.1383e-07,9.12764e-06,0.236949,0.134675,1.75942,0
10,13,3,10.0,2.79244e-07,-9.39177e-07,9.38562e-06,0.2369,0.134666,1.75917,0
11,13,3,10.0,3.32717e-07,-8.39641e-07,9.5299e-06,0.236873,0.134661,1.75903,0
12,13,3,10.0,3.66511e-07,-6.72244e-07,9.60114e-06,0.236859,0.134659,1.75896,0
13,13,3,10.0,4.12371e-07,-4.97639e-07,9.42602e-06,0.236943,0.134668,1.75947,0
14,13,3,10.0,4.873e-07,-8.1984e-07,9.17532e-06,0.236897,0.134662,1.75919,0
15,13,3,10.0,4.48183e-07,-7.13005e-07,8.90624e-06,0.236871,0.134659,1.75904,0
16,13,3,10.0,4.62352e-07,-6.7364e-07,8.6033e-06,0.236865,0.134659,1.75899,0
17,13,3,10.0,4.60145e-07,-6.62093e-07,8.26945e-06,0.237011,0.134674,1.75988,0
18,13,3,10.0,5.20385e-07,-5.92819e-07,7.88473e-06,0.236929,0.134665,1.75939,0
19,13,3,10.0,5.41573e-07,-6.39778e-07,7.3255e-06,0.236886,0.13466,1.75913,0
20,13,3,10.0,5.52349e-07,-7.04865e-07,6.65115e-06,0.236865,0.134658,1.75901,0
21,13,3,10.0,5.61459e-07,-8.18339e-07,5.8602e-06,0.236854,0.134657,1.75894,0
22,13,3,10.0,5.82385e-07,-1.00585e-06,4.92976e-06,0.236848,0.134657,1.7589,0
23,13,3,10.0,5.92144e-07,-1.26948e-06,3.82604e-06,0.236845,0.134656,1.75888,0
0,14,3,10.0,1.02614e-07,-5.80101e-07,8.2446e-06,0.238351,0.134729,1.76912,0
1,14,3,10.0,-5.00467e-07,1.62643e-06,8.1886e-06,0.237553,0.134683,1.76379,0
2,14,3,10.0,-3.32793e-07,9.81271e-07,8.32562e-06,0.237176,0.134665,1.76123,0
3,14,3,10.0,-1.98926e-07,5.16813e-07,8.58968e-06,0.236998,0.134658,1.75999,0
4,14,3,10.0,-6.96553e-08,1.65077e-07,8.94964e-06,0.236914,0.134656,1.7594,0
5,14,3,10.0,1.31878e-08,-1.05565e-07,9.37683e-06,0.236874,0.134655,1.75912,0
6,14,3,10.0,8.08922e-08,-3.10581e-07,9.82084e-06,0.236856,0.134655,1.75898,0
7,14,3,10.0,1.97126e-07,-4.46862e-07,1.02685e-05,0.236847,0.134655,1.75891,0
8,14,3,10.0,2.11769e-07,-5.33504e-07,1.06933e-05,0.236852,0.134657,1.75893,0
9,14,3,10.0,2.36409e-07,-6.27004e-07,1.10501e-05,0.236914,0.134668,1.75925,0
10,14,3,10.0,3.23025e-07,-7.60268e-07,1.13234e-05,0.236884,0.134663,1.75909,0
11,14,3,10.0,3.24911e-07,-6.57894e-07,1.14956e-05,0.236865,0.134659,1.75899,0
12,14,3,10.0,3.36227e-07,-5.39878e-07,1.15672e-05,0.236853,0.134657,1.75893,0
13,14,3,10.0,3.36114e-07,-4.42232e-07,1.15341e-05,0.236976,0.134667,1.75971,0
14,14,3,10.0,4.17153e-07,-5.83988e-07,1.11439e-05,0.236878,0.134659,1.7591,0
15,14,3,10.0,4.44194e-07,-5.24441e-07,1.0801e-05,0.23686,0.134657,1.75898,0
16,14,3,10.0,4.36539e-07,-4.87889e-07,1.03789e-05,0.236858,0.134658,1.75896,0
17,14,3,10.0,4.48245e-07,-5.18687e-07,9.87855e-06,0.236944,0.134668,1.75947,0
18,14,3,10.0,4.94137e-07,-6.20082e-07,9.30274e-06,0.236899,0.134662,1.7592,0
19,14,3,10.0,5.09463e-07,-6.54846e-07,8.59581e-06,0.236872,0.134659,1.75905,0
20,14,3,10.0,5.30027e-07,-7.30944e-07,7.76353e-06,0.236856,0.134657,1.75896,0
21,14,3,10.0,5.503e-07,-8.58162e-07,6.79471e-06,0.236848,0.134656,1.75891,0
22,14,3,10.0,5.74807e-07,-1.04498e-06,5.66557e-06,0.236844,0.134656,1.75888,0
23,14,3,10.0,6.01254e-07,-1.31062e-06,4.34778e-06,0.236842,0.134656,1.75887,0
0,15,3,10.0,1.30505e-07,-5.79111e-07,9.34161e-06,0.238351,0.134729,1.76912,0
1,15,3,10.0,-5.35109e-07,1.61824e-06,9.28814e-06,0.237552,0.134683,1.76379,0
2,15,3,10.0,-3.48128e-07,9.68021e-07,9.44341e-06,0.237175,0.134665,1.76122,0
3,15,3,10.0,-1.93393e-07,5.00025e-07,9.73206e-06,0.236998,0.134658,1.75999,0
4,15,3,10.0,-7.30064e-08,1.54959e-07,1.01202e-05,0.236914,0.134656,1.7594,0
5,15,3,10.0,2.65066e-08,-1.04959e-07,1.05668e-05,0.236874,0.134655,1.75911,0
6,15,3,10.0,1.05532e-07,-2.97837e-07,1.10373e-05,0.236855,0.134655,1.75898,0
7,15,3,10.0,1.67703e-07,-4.3257e-07,1.15029e-05,0.236847,0.134655,1.75891,0
8,15,3,10.0,2.06837e-07,-5.1728e-07,1.19175e-05,0.236851,0.134657,1.75892,0
9,15,3,10.0,2.42054e-07,-6.05418e-07,1.22612e-05,0.236914,0.134668,1.75925,0
10,15,3,10.0,3.00587e-07,-7.3301e-07,1.25231e-05,0.236884,0.134663,1.75909,0
11,15,3,10.0,3.19024e-07,-6.47199e-07,1.26801e-05,0.236865,0.134659,1.75899,0
12,15,3,10.0,3.14796e-07,-5.19524e-07,1.27346e-05,0.236853,0.134657,1.75893,0
13,15,3,10.0,3.26286e-07,-4.39319e-07,1.26869e-05,0.236976,0.134667,1.75971,0
14,15,3,10.0,4.36312e-07,-5.77958e-07,1.22706e-05,0.236878,0.134659,1.7591,0
15,15,3,10.0,4.47545e-07,-5.11924e-07,1.18997e-05,0.23686,0.134657,1.75898,0
16,15,3,10.0,4.60382e-07,-4.87719e-07,1.1428e-05,0.236858,0.134658,1.75896,0
17,15,3,10.0,4.70634e-07,-5.03758e-07,1.08602e-05,0.236944,0.134668,1.75947,0
18,15,3,10.0,4.99211e-07,-6.08261e-07,1.01966e-05,0.236898,0.134662,1.7592,0
19,15,3,10.0,5.15852e-07,-6.52182e-07,9.40397e-06,0.236871,0.134659,1.75904,0
20,15,3,10.0,5.28863e-07,-7.37978e-07,8.47898e-06,0.236856,0.134657,1.75895,0
21,15,3,10.0,5.45439e-07,-8.6971e-07,7.40574e-06,0.236848,0.134656,1.75891,0
22,15,3,10.0,5.71816e-07,-1.05668e-06,6.16069e-06,0.236844,0.134656,1.75888,0
23,15,3,10.0,6.06904e-07,-1.32676e-06,4.71298e-06,0.236841,0.134656,1.75887,0
0,16,3,10.0,1.59578e-07,-5.84947e-07,1.0623e-05,0.238351,0.134729,1.76912,0
1,16,3,10.0,-5.392e-07,1.62492e-06,1.05492e-05,0.237552,0.134683,1.76378,0
2,16,3,10.0,-3.27882e-07,9.78413e-07,1.07224e-05,0.237174,0.134665,1.76122,0
3,16,3,10.0,-1.52312e-07,5.02863e-07,1.10481e-05,0.236996,0.134658,1.75999,0
4,16,3,10.0,-3.95856e-08,1.70361e-07,1.14695e-05,0.236912,0.134656,1.75939,0
5,16,3,10.0,4.80189e-08,-8.73987e-08,1.19475e-05,0.236872,0.134655,1.75911,0
6,16,3,10.0,1.30589e-07,-2.69734e-07,1.24475e-05,0.236854,0.134655,1.75897,0
7,16,3,10.0,1.98733e-07,-3.99676e-07,1.29279e-05,0.236845,0.134655,1.75891,0
8,16,3,10.0,2.30277e-07,-4.80384e-07,1.3344e-05,0.23685,0.134656,1.75892,0
9,16,3,10.0,2.69023e-07,-5.63582e-07,1.36797e-05,0.236889,0.134663,1.75912,0
10,16,3,10.0,3.24365e-07,-6.55985e-07,1.3926e-05,0.236868,0.13466,1.75901,0
11,16,3,10.0,3.29532e-07,-5.75354e-07,1.40647e-05,0.236855,0.134658,1.75894,0
12,16,3,10.0,3.2444e-07,-4.35912e-07,1.40959e-05,0.236847,0.134656,1.7589,0
13,16,3,10.0,3.47658e-07,-3.78326e-07,1.40302e-05,0.236962,0.134665,1.75964,0
14,16,3,10.0,4.35396e-07,-4.83416e-07,1.35651e-05,0.236876,0.134658,1.75908,0
15,16,3,10.0,4.37716e-07,-4.30871e-07,1.31601e-05,0.236858,0.134657,1.75898,0
16,16,3,10.0,4.48647e-07,-4.14884e-07,1.26464e-05,0.236857,0.134658,1.75896,0
17,16,3,10.0,4.70294e-07,-4.38722e-07,1.20217e-05,0.236935,0.134666,1.75943,0
18,16,3,10.0,5.16477e-07,-6.14093e-07,1.12814e-05,0.23689,0.134661,1.75916,0
19,16,3,10.0,5.3686e-07,-6.68008e-07,1.04046e-05,0.236865,0.134658,1.75901,0
20,16,3,10.0,5.48872e-07,-7.62638e-07,9.37758e-06,0.236852,0.134656,1.75893,0
21,16,3,10.0,5.64709e-07,-9.00559e-07,8.18799e-06,0.236845,0.134656,1.75889,0
22,16,3,10.0,5.91131e-07,-1.09167e-06,6.80872e-06,0.236841,0.134655,1.75887,0
23,16,3,10.0,6.27359e-07,-1.36881e-06,5.20873e-06,0.236839,0.134655,1.75886,0
0,17,3,10.0,1.89409e-07,-6.075e-07,1.2017e-05,0.238352,0.134729,1.76912,0
1,17,3,10.0,-5.28007e-07,1.63854e-06,1.18923e-05,0.237553,0.134683,1.76379,0
2,17,3,10.0,-3.15757e-07,9.3679e-07,1.20867e-05,0.237177,0.134665,1.76123,0
3,17,3,10.0,-1.61553e-07,4.92676e-07,1.24547e-05,0.236999,0.134659,1.76,0
4,17,3,10.0,-2.75406e-08,1.128e-07,1.29185e-05,0.236915,0.134656,1.75941,0
5,17,3,10.0,9.76245e-08,-1.24671e-07,1.3437e-05,0.236876,0.134656,1.75912,0
6,17,3,10.0,1.69568e-07,-3.1871e-07,1.39655e-05,0.236857,0.134656,1.75899,0
7,17,3,10.0,1.76855e-07,-4.58939e-07,1.44512e-05,0.236849,0.134656,1.75892,0
8,17,3,10.0,2.31228e-07,-5.46331e-07,1.48738e-05,0.236853,0.134657,1.75893,0
9,17,3,10.0,2.67223e-07,-6.4046e-07,1.52095e-05,0.236939,0.134672,1.75937,0
10,17,3,10.0,2.95299e-07,-8.18799e-07,1.54476e-05,0.236901,0.134666,1.75918,0
11,17,3,10.0,3.28981e-07,-7.34645e-07,1.55767e-05,0.236875,0.134661,1.75905,0
12,17,3,10.0,3.51545e-07,-5.95386e-07,1.5592e-05,0.236859,0.134659,1.75896,0
13,17,3,10.0,3.37168e-07,-5.20555e-07,1.55001e-05,0.236989,0.13467,1.75978,0
14,17,3,10.0,4.31528e-07,-6.72314e-07,1.49763e-05,0.236881,0.134659,1.75911,0
15,17,3,10.0,4.31146e-07,-5.82616e-07,1.45317e-05,0.236861,0.134657,1.75899,0
16,17,3,10.0,4.39761e-07,-5.29493e-07,1.39692e-05,0.236859,0.134658,1.75897,0
17,17,3,10.0,4.37139e-07,-5.4097e-07,1.32888e-05,0.236953,0.134669,1.75952,0
18,17,3,10.0,5.26332e-07,-5.93403e-07,1.24878e-05,0.236907,0.134664,1.75924,0
19,17,3,10.0,5.27904e-07,-6.5089e-07,1.15275e-05,0.236878,0.13466,1.75908,0
20,17,3,10.0,5.45479e-07,-7.43692e-07,1.03968e-05,0.236861,0.134658,1.75898,0
21,17,3,10.0,5.3934e-07,-8.79246e-07,9.07861e-06,0.236852,0.134657,1.75892,0
22,17,3,10.0,5.66658e-07,-1.07114e-06,7.55626e-06,0.236847,0.134657,1.75889,0
23,17,3,10.0,6.08637e-07,-1.34525e-06,5.79162e-06,0.236844,0.134656,1.75888,0
0,18,3,10.0,1.42909e-07,-6.18631e-07,1.33597e-05,0.238351,0.134729,1.76912,0
1,18,3,10.0,-4.95049e-07,1.62373e-06,1.3175e-05,0.237553,0.134683,1.76379,0
2,18,3,10.0,-3.09362e-07,9.43197e-07,1.33938e-05,0.237176,0.134665,1.76123,0
3,18,3,10.0,-1.54061e-07,4.5979e-07,1.37953e-05,0.236998,0.134658,1.75999,0
4,18,3,10.0,-3.41685e-08,1.28878e-07,1.43003e-05,0.236914,0.134656,1.7594,0
5,18,3,10.0,4.27531e-08,-1.15886e-07,1.48434e-05,0.236874,0.134655,1.75912,0
6,18,3,10.0,6.774e-08,-2.95592e-07,1.53707e-05,0.236856,0.134655,1.75898,0
7,18,3,10.0,1.26098e-07,-4.26883e-07,1.58469e-05,0.236847,0.134655,1.75891,0
8,18,3,10.0,1.35702e-07,-5.2005e-07,1.62647e-05,0.236852,0.134657,1.75893,0
9,18,3,10.0,1.71879e-07,-6.24965e-07,1.66003e-05,0.236914,0.134668,1.75925,0
10,18,3,10.0,2.46769e-07,-7.6168e-07,1.68322e-05,0.236885,0.134663,1.7591,0
11,18,3,10.0,2.40993e-07,-6.73292e-07,1.69551e-05,0.236865,0.134659,1.75899,0
12,18,3,10.0,2.36047e-07,-5.19571e-07,1.69593e-05,0.236853,0.134657,1.75893,0
13,18,3,10.0,2.66896e-07,-4.65142e-07,1.68484e-05,0.236976,0.134667,1.75971,0
14,18,3,10.0,3.7025e-07,-5.94283e-07,1.62887e-05,0.236879,0.134659,1.7591,0
15,18,3,10.0,3.65768e-07,-5.18203e-07,1.58126e-05,0.23686,0.134657,1.75898,0
16,18,3,10.0,3.74971e-07,-4.78997e-07,1.52066e-05,0.236858,0.134658,1.75896,0
17,18,3,10.0,4.04953e-07,-4.98612e-07,1.44777e-05,0.236944,0.134668,1.75947,0
18,18,3,10.0,4.37515e-07,-6.33382e-07,1.36222e-05,0.236899,0.134662,1.7592,0
19,18,3,10.0,4.26575e-07,-6.89453e-07,1.25739e-05,0.236872,0.134659,1.75905,0
20,18,3,10.0,4.2388e-07,-7.88128e-07,1.13421e-05,0.236857,0.134657,1.75896,0
21,18,3,10.0,4.62263e-07,-9.23561e-07,9.90542e-06,0.236848,0.134656,1.75891,0
22,18,3,10.0,4.83109e-07,-1.11803e-06,8.24556e-06,0.236844,0.134656,1.75888,0
23,18,3,10.0,5.17434e-07,-1.39863e-06,6.32688e-06,0.236842,0.134656,1.75887,0
0,19,3,10.0,1.01615e-07,-6.04575e-07,1.44947e-05,0.238351,0.134729,1.76912,0
1,19,3,10.0,-4.45148e-07,1.59502e-06,1.43043e-05,0.237553,0.134683,1.76379,0
2,19,3,10.0,-3.02724e-07,9.52347e-07,1.4541e-05,0.237176,0.134665,1.76123,0
3,19,3,10.0,-1.46236e-07,4.55602e-07,1.49635e-05,0.236998,0.134658,1.75999,0
4,19,3,10.0,-6.66867e-08,1.51509e-07,1.54839e-05,0.236914,0.134656,1.7594,0
5,19,3,10.0,5.17171e-09,-1.04454e-07,1.60229e-05,0.236874,0.134655,1.75912,0
6,19,3,10.0,5.13736e-08,-2.76188e-07,1.65368e-05,0.236856,0.134655,1.75898,0
7,19,3,10.0,1.20077e-07,-4.08721e-07,1.70079e-05,0.236847,0.134655,1.75891,0
8,19,3,10.0,1.11559e-07,-4.95189e-07,1.74114e-05,0.236852,0.134657,1.75893,0
9,19,3,10.0,1.50741e-07,-5.99965e-07,1.77363e-05,0.236914,0.134668,1.75925,0
10,19,3,10.0,2.23829e-07,-7.31227e-07,1.79757e-05,0.236884,0.134663,1.75909,0
11,19,3,10.0,2.11679e-07,-6.43722e-07,1.80837e-05,0.236865,0.134659,1.75899,0
12,19,3,10.0,2.08042e-07,-4.84654e-07,1.80705e-05,0.236853,0.134657,1.75893,0
13,19,3,10.0,2.46633e-07,-4.41641e-07,1.79568e-05,0.236976,0.134667,1.75971,0
14,19,3,10.0,3.34125e-07,-5.73152e-07,1.73786e-05,0.236878,0.134659,1.7591,0
15,19,3,10.0,3.16907e-07,-4.83066e-07,1.68716e-05,0.23686,0.134657,1.75898,0
16,19,3,10.0,3.50272e-07,-4.64028e-07,1.62338e-05,0.236858,0.134658,1.75896,0
17,19,3,10.0,3.49944e-07,-4.73032e-07,1.54623e-05,0.236944,0.134668,1.75947,0
18,19,3,10.0,3.3969e-07,-6.36346e-07,1.45346e-05,0.236899,0.134662,1.7592,0
19,19,3,10.0,3.68478e-07,-6.96856e-07,1.34134e-05,0.236872,0.134659,1.75905,0
20,19,3,10.0,3.72497e-07,-7.93806e-07,1.20887e-05,0.236856,0.134657,1.75896,0
21,19,3,10.0,3.92222e-07,-9.32391e-07,1.05546e-05,0.236848,0.134656,1.75891,0
22,19,3,10.0,4.14933e-07,-1.12632e-06,8.77988e-06,0.236844,0.134656,1.75888,0
23,19,3,10.0,4.38763e-07,-1.40832e-06,6.73167e-06,0.236842,0.134656,1.75887,0
0,20,3,10.0,1.0065e-07,-5.93703e-07,1.54307e-05,0.238351,0.134729,1.76912,0
1,20,3,10.0,-3.70501e-07,1.58662e-06,1.52525e-05,0.237553,0.134683,1.76379,0
2,20,3,10.0,-2.34793e-07,9.13092e-07,1.54881e-05,0.237176,0.134665,1.76123,0
3,20,3,10.0,-1.60578e-07,5.0134e-07,1.59134e-05,0.236998,0.134658,1.75999,0
4,20,3,10.0,-7.83719e-08,1.63489e-07,1.64272e-05,0.236914,0.134656,1.7594,0
5,20,3,10.0,-8.34565e-09,-5.75972e-08,1.69628e-05,0.236874,0.134655,1.75912,0
6,20,3,10.0,5.03263e-08,-2.28727e-07,1.74754e-05,0.236856,0.134655,1.75898,0
7,20,3,10.0,5.22401e-08,-3.61385e-07,1.79426e-05,0.236847,0.134655,1.75891,0
8,20,3,10.0,1.08248e-07,-4.4614e-07,1.83416e-05,0.236852,0.134657,1.75893,0
9,20,3,10.0,1.27476e-07,-5.41007e-07,1.86648e-05,0.236914,0.134668,1.75925,0
10,20,3,10.0,1.20271e-07,-6.64721e-07,1.88917e-05,0.236884,0.134663,1.75909,0
11,20,3,10.0,1.54926e-07,-5.74119e-07,1.89904e-05,0.236865,0.134659,1.75899,0
12,20,3,10.0,1.81043e-07,-4.34137e-07,1.8965e-05,0.236853,0.134657,1.75893,0
13,20,3,10.0,1.91795e-07,-3.92731e-07,1.88398e-05,0.236976,0.134667,1.75971,0
14,20,3,10.0,2.49189e-07,-5.19549e-07,1.82209e-05,0.236878,0.134659,1.7591,0
15,20,3,10.0,2.78023e-07,-4.56496e-07,1.76829e-05,0.23686,0.134657,1.75898,0
16,20,3,10.0,2.61687e-07,-4.11383e-07,1.70059e-05,0.236858,0.134658,1.75896,0
17,20,3,10.0,2.77107e-07,-4.53084e-07,1.61865e-05,0.236944,0.134668,1.75947,0
18,20,3,10.0,3.06332e-07,-6.06715e-07,1.5203e-05,0.236899,0.134662,1.7592,0
19,20,3,10.0,3.07578e-07,-6.75945e-07,1.40199e-05,0.236872,0.134659,1.75905,0
20,20,3,10.0,3.16013e-07,-7.77076e-07,1.26238e-05,0.236856,0.134657,1.75896,0
21,20,3,10.0,3.12933e-07,-9.13842e-07,1.1003e-05,0.236848,0.134656,1.75891,0
22,20,3,10.0,3.36479e-07,-1.11075e-06,9.1389e-06,0.236844,0.134656,1.75888,0
23,20,3,10.0,3.57536e-07,-1.38589e-06,6.99644e-06,0.236842,0.134656,1.75887,0
0,21,3,10.0,5.61438e-08,-5.62772e-07,1.62024e-05,0.238351,0.134729,1.76912,0
1,21,3,10.0,-3.05213e-07,1.52888e-06,1.6001e-05,0.237553,0.134683,1.76379,0
2,21,3,10.0,-2.19816e-07,9.17314e-07,1.62297e-05,0.237176,0.134665,1.76123,0
3,21,3,10.0,-1.51048e-07,5.04374e-07,1.66417e-05,0.236998,0.134658,1.75999,0
4,21,3,10.0,-9.3362e-08,2.06312e-07,1.71457e-05,0.236914,0.134656,1.7594,0
5,21,3,10.0,-3.86056e-08,-1.03568e-08,1.76789e-05,0.236874,0.134655,1.75912,0
6,21,3,10.0,5.01217e-11,-1.78312e-07,1.81936e-05,0.236856,0.134655,1.75898,0
7,21,3,10.0,3.25526e-08,-3.04946e-07,1.86607e-05,0.236847,0.134655,1.75891,0
8,21,3,10.0,5.23569e-08,-3.8831e-07,1.90703e-05,0.236852,0.134657,1.75893,0
9,21,3,10.0,7.23067e-08,-4.71275e-07,1.93939e-05,0.236914,0.134668,1.75925,0
10,21,3,10.0,1.04742e-07,-5.79479e-07,1.961e-05,0.236884,0.134663,1.75909,0
11,21,3,10.0,1.16752e-07,-4.98221e-07,1.96986e-05,0.236865,0.134659,1.75899,0
12,21,3,10.0,1.27927e-07,-3.8095e-07,1.9658e-05,0.236853,0.134657,1.75893,0
13,21,3,10.0,1.4826e-07,-3.36553e-07,1.95115e-05,0.236976,0.134667,1.75971,0
14,21,3,10.0,2.01512e-07,-4.65724e-07,1.88324e-05,0.236878,0.134659,1.7591,0
15,21,3,10.0,2.10245e-07,-4.08126e-07,1.82586e-05,0.23686,0.134657,1.75898,0
16,21,3,10.0,2.06566e-07,-3.78123e-07,1.75347e-05,0.236858,0.134658,1.75896,0
17,21,3,10.0,2.11285e-07,-4.1769e-07,1.66667e-05,0.236944,0.134668,1.75947,0
18,21,3,10.0,2.33868e-07,-5.67314e-07,1.5638e-05,0.236899,0.134662,1.7592,0
19,21,3,10.0,2.03782e-07,-6.37763e-07,1.43941e-05,0.236872,0.134659,1.75905,0
20,21,3,10.0,2.13071e-07,-7.38577e-07,1.29379e-05,0.236856,0.134657,1.75896,0
21,21,3,10.0,2.42464e-07,-8.79744e-07,1.12558e-05,0.236848,0.134656,1.75891,0
22,21,3,10.0,2.51477e-07,-1.0769e-06,9.33021e-06,0.236844,0.134656,1.75888,0
23,21,3,10.0,2.67356e-07,-1.34696e-06,7.12837e-06,0.236842,0.134656,1.75887,0
0,22,3,10.0,3.03673e-08,-5.32535e-07,1.67596e-05,0.238351,0.134729,1.76912,0
1,22,3,10.0,-2.43131e-07,1.50391e-06,1.65583e-05,0.237553,0.134683,1.76379,0
2,22,3,10.0,-1.92767e-07,9.18462e-07,1.67756e-05,0.237176,0.134665,1.76123,0
3,22,3,10.0,-1.50047e-07,5.27702e-07,1.71756e-05,0.236998,0.134658,1.75999,0
4,22,3,10.0,-9.0335e-08,2.39407e-07,1.76743e-05,0.236914,0.134656,1.7594,0
5,22,3,10.0,-5.99412e-08,2.85298e-08,1.82028e-05,0.236874,0.134655,1.75912,0
6,22,3,10.0,-3.72445e-08,-1.30354e-07,1.87191e-05,0.236856,0.134655,1.75898,0
7,22,3,10.0,-5.0845e-09,-2.47223e-07,1.91997e-05,0.236847,0.134655,1.75891,0
8,22,3,10.0,1.20773e-08,-3.29737e-07,1.96161e-05,0.236852,0.134657,1.75893,0
9,22,3,10.0,2.75636e-08,-4.03404e-07,1.99441e-05,0.236914,0.134668,1.75925,0
10,22,3,10.0,4.73913e-08,-5.07556e-07,2.01579e-05,0.236884,0.134663,1.75909,0
11,22,3,10.0,5.83943e-08,-4.31883e-07,2.02302e-05,0.236865,0.134659,1.75899,0
12,22,3,10.0,7.28758e-08,-3.32205e-07,2.01677e-05,0.236853,0.134657,1.75893,0
13,22,3,10.0,8.82465e-08,-2.90084e-07,1.99955e-05,0.236976,0.134667,1.75971,0
14,22,3,10.0,1.32306e-07,-4.19602e-07,1.92481e-05,0.236878,0.134659,1.7591,0
15,22,3,10.0,1.38073e-07,-3.66556e-07,1.86339e-05,0.23686,0.134657,1.75898,0
16,22,3,10.0,1.51285e-07,-3.57114e-07,1.78674e-05,0.236858,0.134658,1.75896,0
17,22,3,10.0,1.46044e-07,-3.85783e-07,1.69508e-05,0.236944,0.134668,1.75947,0
18,22,3,10.0,1.20985e-07,-5.18339e-07,1.58704e-05,0.236899,0.134662,1.7592,0
19,22,3,10.0,1.35702e-07,-5.87855e-07,1.45747e-05,0.236872,0.134659,1.75905,0
20,22,3,10.0,1.51575e-07,-6.92998e-07,1.30731e-05,0.236856,0.134657,1.75896,0
21,22,3,10.0,1.60121e-07,-8.37326e-07,1.13531e-05,0.236848,0.134656,1.75891,0
22,22,3,10.0,1.75517e-07,-1.03553e-06,9.38874e-06,0.236844,0.134656,1.75888,0
23,22,3,10.0,1.77746e-07,-1.29691e-06,7.156e-06,0.236842,0.134656,1.75887,0
0,23,3,10.0,4.61251e-09,-5.06272e-07,1.7127e-05,0.238351,0.134729,1.76912,0
1,23,3,10.0,-1.96606e-07,1.48968e-06,1.69364e-05,0.237553,0.134683,1.76379,0
2,23,3,10.0,-1.73398e-07,9.34726e-07,1.71475e-05,0.237176,0.134665,1.76123,0
3,23,3,10.0,-1.22983e-07,5.57126e-07,1.7545e-05,0.236998,0.134658,1.75999,0
4,23,3,10.0,-1.26498e-07,2.74665e-07,1.80397e-05,0.236914,0.134656,1.7594,0
5,23,3,10.0,-9.63428e-08,7.8997e-08,1.85728e-05,0.236874,0.134655,1.75912,0
6,23,3,10.0,-4.77135e-08,-7.71626e-08,1.9101e-05,0.236856,0.134655,1.75898,0
7,23,3,10.0,-4.60604e-08,-1.89239e-07,1.95898e-05,0.236847,0.134655,1.75891,0
8,23,3,10.0,-3.65807e-08,-2.63425e-07,2.00121e-05,0.236852,0.134657,1.75893,0
9,23,3,10.0,-2.71405e-08,-3.33313e-07,2.03392e-05,0.236914,0.134668,1.75925,0
10,23,3,10.0,-1.34844e-08,-4.34254e-07,2.05425e-05,0.236884,0.134663,1.75909,0
11,23,3,10.0,-4.97621e-09,-3.6729e-07,2.05976e-05,0.236865,0.134659,1.75899,0
12,23,3,10.0,7.01357e-09,-2.81675e-07,2.0515e-05,0.236853,0.134657,1.75893,0
13,23,3,10.0,2.0484e-08,-2.36687e-07,2.03154e-05,0.236976,0.134667,1.75971,0
14,23,3,10.0,5.60771e-08,-3.72733e-07,1.95025e-05,0.236878,0.134659,1.7591,0
15,23,3,10.0,6.47617e-08,-3.29892e-07,1.88526e-05,0.23686,0.134657,1.75898,0
16,23,3,10.0,6.89827e-08,-3.2009e-07,1.80477e-05,0.236858,0.134658,1.75896,0
17,23,3,10.0,6.48503e-08,-3.53433e-07,1.70857e-05,0.236944,0.134668,1.75947,0
18,23,3,10.0,5.13657e-08,-4.66793e-07,1.59582e-05,0.236899,0.134662,1.7592,0
19,23,3,10.0,6.57788e-08,-5.39739e-07,1.46273e-05,0.236872,0.134659,1.75905,0
20,23,3,10.0,7.127e-08,-6.45812e-07,1.30942e-05,0.236856,0.134657,1.75896,0
21,23,3,10.0,8.35084e-08,-7.94437e-07,1.13437e-05,0.236848,0.134656,1.75891,0
22,23,3,10.0,9.59985e-08,-9.92219e-07,9.36072e-06,0.236844,0.134656,1.75888,0
23,23,3,10.0,9.18636e-08,-1.24628e-06,7.11339e-06,0.236842,0.134656,1.75887,0
0,0,4,10.0,1.38672e-08,-6.96708e-07,-5.33608e-06,0.238346,0.134751,1.76879,0
1,0,4,10.0,7.79414e-09,6.19229e-07,-5.3907e-06,0.237539,0.134715,1.76327,0
2,0,4,10.0,2.28201e-08,-5.82037e-08,-5.39545e-06,0.237157,0.134701,1.76062,0
3,0,4,10.0,3.01617e-08,-5.70226e-07,-5.4063e-06,0.236976,0.134696,1.75934,0
4,0,4,10.0,3.82527e-08,-9.43385e-07,-5.44839e-06,0.23689,0.134694,1.75873,0
5,0,4,10.0,3.65608e-08,-1.29429e-06,-5.52968e-06,0.23685,0.134693,1.75844,0
6,0,4,10.0,3.5313e-08,-1.56008e-06,-5.64761e-06,0.23683,0.134693,1.75829,0
7,0,4,10.0,3.05234e-08,-1.76709e-06,-5.7504e-06,0.236821,0.134693,1.75823,0
8,0,4,10.0,3.52825e-08,-1.96618e-06,-5.83958e-06,0.236826,0.134695,1.75825,0
9,0,4,10.0,2.82137e-08,-2.12761e-06,-5.89663e-06,0.236893,0.134703,1.75862,0
10,0,4,10.0,2.47201e-08,-2.2808e-06,-5.88569e-06,0.236861,0.134699,1.75845,0
11,0,4,10.0,2.81831e-08,-2.17512e-06,-5.80477e-06,0.236841,0.134697,1.75833,0
12,0,4,10.0,2.77336e-08,-2.05329e-06,-5.67627e-06,0.236829,0.134695,1.75826,0
13,0,4,10.0,3.40801e-08,-1.8149e-06,-5.34438e-06,0.236919,0.134703,1.75883,0
14,0,4,10.0,4.38534e-08,-1.96385e-06,-5.14472e-06,0.236874,0.134699,1.75854,0
15,0,4,10.0,4.31092e-08,-1.83845e-06,-4.86033e-06,0.236847,0.134696,1.75837,0
16,0,4,10.0,4.46476e-08,-1.70922e-06,-4.51142e-06,0.23684,0.134696,1.75833,0
17,0,4,10.0,4.3606e-08,-1.63574e-06,-4.11133e-06,0.236961,0.134704,1.75912,0
18,0,4,10.0,4.08186e-08,-1.63017e-06,-3.6819e-06,0.236893,0.134699,1.75868,0
19,0,4,10.0,4.1029e-08,-1.51473e-06,-3.22633e-06,0.236856,0.134696,1.75844,0
20,0,4,10.0,4.04751e-08,-1.44721e-06,-2.76111e-06,0.236835,0.134695,1.75831,0
21,0,4,10.0,3.95151e-08,-1.43856e-06,-2.28798e-06,0.236825,0.134694,1.75824,0
22,0,4,10.0,4.0441e-08,-1.50036e-06,-1.80828e-06,0.236819,0.134694,1.7582,0
23,0,4,10.0,3.70513e-08,-1.64786e-06,-1.31729e-06,0.236816,0.134694,1.75818,0
0,1,4,10.0,2.92164e-08,-5.20236e-07,-5.29558e-06,0.238356,0.134753,1.76884,0
1,1,4,10.0,-3.41894e-08,1.75606e-06,-5.32479e-06,0.23756,0.134718,1.76339,0
2,1,4,10.0,-1.03284e-09,1.1905e-06,-5.31834e-06,0.237185,0.134705,1.76078,0
3,1,4,10.0,1.80533e-08,7.75827e-07,-5.3175e-06,0.237009,0.1347,1.75953,0
4,1,4,10.0,3.1055e-08,4.84353e-07,-5.34174e-06,0.236926,0.134699,1.75893,0
5,1,4,10.0,3.46254e-08,2.52015e-07,-5.39818e-06,0.236886,0.134699,1.75864,0
6,1,4,10.0,3.5906e-08,5.53236e-08,-5.47689e-06,0.236868,0.134699,1.75851,0
7,1,4,10.0,4.14845e-08,-8.4299e-08,-5.55382e-06,0.236859,0.134699,1.75844,0
8,1,4,10.0,4.2813e-08,-1.99754e-07,-5.62145e-06,0.236864,0.1347,1.75846,0
9,1,4,10.0,3.85274e-08,-3.35108e-07,-5.66052e-06,0.236929,0.134708,1.75883,0
10,1,4,10.0,3.99881e-08,-4.93735e-07,-5.64618e-06,0.236899,0.134704,1.75866,0
11,1,4,10.0,3.98087e-08,-4.18636e-07,-5.56353e-06,0.236879,0.134702,1.75854,0
12,1,4,10.0,3.78667e-08,-3.404e-07,-5.43541e-06,0.236867,0.1347,1.75847,0
13,1,4,10.0,5.16304e-08,-2.20846e-07,-5.09251e-06,0.236954,0.134708,1.75902,0
14,1,4,10.0,8.05909e-08,-5.35345e-07,-4.88497e-06,0.23691,0.134704,1.75875,0
15,1,4,10.0,8.00904e-08,-4.78752e-07,-4.60843e-06,0.236884,0.134702,1.75858,0
16,1,4,10.0,8.254e-08,-4.47562e-07,-4.27437e-06,0.236878,0.134701,1.75854,0
17,1,4,10.0,8.64082e-08,-4.6289e-07,-3.89877e-06,0.236994,0.134709,1.75931,0
18,1,4,10.0,9.08406e-08,-6.62765e-07,-3.49748e-06,0.236929,0.134704,1.75888,0
19,1,4,10.0,9.31741e-08,-6.59766e-07,-3.06668e-06,0.236893,0.134702,1.75865,0
20,1,4,10.0,9.66645e-08,-7.2157e-07,-2.62112e-06,0.236873,0.1347,1.75852,0
21,1,4,10.0,9.81673e-08,-8.58578e-07,-2.16532e-06,0.236863,0.134699,1.75845,0
22,1,4,10.0,1.07499e-07,-1.08603e-06,-1.7011e-06,0.236857,0.134699,1.75842,0
23,1,4,10.0,1.07715e-07,-1.42106e-06,-1.23021e-06,0.236855,0.134699,1.7584,0
0,2,4,10.0,4.68149e-08,-5.44314e-07,-5.07683e-06,0.238356,0.134753,1.76884,0
1,2,4,10.0,-8.16624e-08,1.74008e-06,-5.13269e-06,0.23756,0.134718,1.76339,0
2,2,4,10.0,-3.00378e-08,1.15263e-06,-5.11731e-06,0.237186,0.134705,1.76078,0
3,2,4,10.0,-3.15406e-09,7.13484e-07,-5.10273e-06,0.237009,0.1347,1.75953,0
4,2,4,10.0,4.37542e-08,4.0976e-07,-5.10063e-06,0.236926,0.134699,1.75893,0
5,2,4,10.0,6.32185e-08,1.79877e-07,-5.12402e-06,0.236887,0.134699,1.75864,0
6,2,4,10.0,7.88952e-08,3.11399e-09,-5.16848e-06,0.236869,0.134699,1.75851,0
7,2,4,10.0,7.97947e-08,-1.39099e-07,-5.21739e-06,0.23686,0.134699,1.75844,0
8,2,4,10.0,1.05864e-07,-2.44585e-07,-5.26015e-06,0.236865,0.1347,1.75846,0
9,2,4,10.0,1.11725e-07,-3.69566e-07,-5.28251e-06,0.23693,0.134708,1.75883,0
10,2,4,10.0,1.10746e-07,-5.3209e-07,-5.2657e-06,0.236899,0.134704,1.75866,0
11,2,4,10.0,1.15254e-07,-4.66967e-07,-5.18241e-06,0.236879,0.134702,1.75854,0
12,2,4,10.0,1.20375e-07,-3.91356e-07,-5.05479e-06,0.236867,0.1347,1.75847,0
13,2,4,10.0,1.22913e-07,-2.74382e-07,-4.70997e-06,0.236954,0.134708,1.75903,0
14,2,4,10.0,1.69837e-07,-5.851e-07,-4.49685e-06,0.236911,0.134704,1.75875,0
15,2,4,10.0,1.7197e-07,-5.30175e-07,-4.22911e-06,0.236884,0.134702,1.75859,0
16,2,4,10.0,1.61877e-07,-4.9334e-07,-3.91798e-06,0.236878,0.134701,1.75854,0
17,2,4,10.0,1.55868e-07,-5.09299e-07,-3.57008e-06,0.236995,0.134709,1.75931,0
18,2,4,10.0,1.69866e-07,-7.04822e-07,-3.19821e-06,0.236929,0.134704,1.75889,0
19,2,4,10.0,1.67603e-07,-7.05027e-07,-2.79884e-06,0.236893,0.134702,1.75865,0
20,2,4,10.0,1.73864e-07,-7.66296e-07,-2.38045e-06,0.236873,0.1347,1.75852,0
21,2,4,10.0,1.74962e-07,-9.0177e-07,-1.95326e-06,0.236863,0.1347,1.75846,0
22,2,4,10.0,1.75647e-07,-1.12546e-06,-1.51826e-06,0.236858,0.134699,1.75842,0
23,2,4,10.0,1.82899e-07,-1.45495e-06,-1.08133e-06,0.236855,0.134699,1.7584,0
0,3,4,10.0,1.42092e-08,-5.53382e-07,-4.79179e-06,0.238356,0.134753,1.76884,0
1,3,4,10.0,-1.29176e-07,1.77325e-06,-4.84444e-06,0.23756,0.134718,1.76339,0
2,3,4,10.0,-9.18892e-08,1.09418e-06,-4.81665e-06,0.237186,0.134705,1.76078,0
3,3,4,10.0,-1.58521e-08,6.72291e-07,-4.77437e-06,0.237009,0.1347,1.75953,0
4,3,4,10.0,2.21001e-08,3.08204e-07,-4.74077e-06,0.236926,0.134699,1.75893,0
5,3,4,10.0,4.43313e-08,8.32727e-08,-4.72268e-06,0.236887,0.134699,1.75864,0
6,3,4,10.0,6.42715e-08,-9.1766e-08,-4.72993e-06,0.236869,0.134699,1.75851,0
7,3,4,10.0,1.05849e-07,-2.15808e-07,-4.74146e-06,0.23686,0.134699,1.75844,0
8,3,4,10.0,1.17495e-07,-3.13925e-07,-4.75244e-06,0.236865,0.1347,1.75846,0
9,3,4,10.0,1.32503e-07,-4.26613e-07,-4.7505e-06,0.23693,0.134708,1.75883,0
10,3,4,10.0,2.07426e-07,-5.88031e-07,-4.71846e-06,0.236899,0.134704,1.75866,0
11,3,4,10.0,1.91928e-07,-5.40511e-07,-4.64024e-06,0.236879,0.134702,1.75854,0
12,3,4,10.0,1.7439e-07,-4.61054e-07,-4.52444e-06,0.236867,0.1347,1.75847,0
13,3,4,10.0,1.72931e-07,-3.45825e-07,-4.20515e-06,0.236954,0.134708,1.75903,0
14,3,4,10.0,2.17516e-07,-6.44272e-07,-3.99842e-06,0.236911,0.134704,1.75875,0
15,3,4,10.0,1.98684e-07,-5.83739e-07,-3.7557e-06,0.236884,0.134702,1.75859,0
16,3,4,10.0,2.04142e-07,-5.37517e-07,-3.47238e-06,0.236878,0.134701,1.75854,0
17,3,4,10.0,1.99855e-07,-5.52189e-07,-3.15798e-06,0.236995,0.134709,1.75931,0
18,3,4,10.0,2.08658e-07,-7.23519e-07,-2.81936e-06,0.236929,0.134704,1.75889,0
19,3,4,10.0,2.22501e-07,-7.32064e-07,-2.45249e-06,0.236893,0.134702,1.75865,0
20,3,4,10.0,2.13927e-07,-7.9435e-07,-2.06918e-06,0.236873,0.1347,1.75852,0
21,3,4,10.0,2.28967e-07,-9.27271e-07,-1.67741e-06,0.236863,0.1347,1.75846,0
22,3,4,10.0,2.33355e-07,-1.1455e-06,-1.28345e-06,0.236858,0.134699,1.75842,0
23,3,4,10.0,2.36652e-07,-1.46695e-06,-8.93241e-07,0.236855,0.134699,1.7584,0
0,4,4,10.0,4.74477e-08,-6.12166e-07,-4.43967e-06,0.238356,0.134753,1.76884,0
1,4,4,10.0,-1.8156e-07,1.77655e-06,-4.49009e-06,0.23756,0.134718,1.76339,0
2,4,4,10.0,-1.34592e-07,1.09124e-06,-4.45567e-06,0.237186,0.134705,1.76078,0
3,4,4,10.0,-5.67756e-08,5.90516e-07,-4.38654e-06,0.237009,0.1347,1.75953,0
4,4,4,10.0,1.17032e-09,2.32111e-07,-4.31015e-06,0.236926,0.134699,1.75893,0
5,4,4,10.0,1.90189e-08,-1.29565e-08,-4.26188e-06,0.236887,0.134699,1.75864,0
6,4,4,10.0,9.66932e-08,-1.65299e-07,-4.21903e-06,0.236869,0.134699,1.75851,0
7,4,4,10.0,1.2638e-07,-2.8605e-07,-4.18593e-06,0.23686,0.134699,1.75844,0
8,4,4,10.0,1.51296e-07,-3.7184e-07,-4.15871e-06,0.236865,0.1347,1.75846,0
9,4,4,10.0,1.88295e-07,-4.78561e-07,-4.12683e-06,0.23693,0.134708,1.75883,0
10,4,4,10.0,1.99604e-07,-6.5001e-07,-4.07675e-06,0.236899,0.134704,1.75866,0
11,4,4,10.0,1.95342e-07,-6.01181e-07,-4.00882e-06,0.236879,0.134702,1.75854,0
12,4,4,10.0,1.94744e-07,-5.37717e-07,-3.91307e-06,0.236867,0.1347,1.75847,0
13,4,4,10.0,2.1529e-07,-4.07369e-07,-3.64139e-06,0.236954,0.134708,1.75903,0
14,4,4,10.0,2.35892e-07,-7.01311e-07,-3.46086e-06,0.236911,0.134704,1.75875,0
15,4,4,10.0,2.54226e-07,-6.28114e-07,-3.24942e-06,0.236884,0.134702,1.75859,0
16,4,4,10.0,2.36319e-07,-5.86876e-07,-2.99935e-06,0.236878,0.134701,1.75854,0
17,4,4,10.0,2.47187e-07,-5.93377e-07,-2.71551e-06,0.236995,0.134709,1.75931,0
18,4,4,10.0,2.79773e-07,-7.44638e-07,-2.41437e-06,0.236929,0.134704,1.75889,0
19,4,4,10.0,2.67589e-07,-7.62136e-07,-2.08223e-06,0.236893,0.134702,1.75865,0
20,4,4,10.0,2.75322e-07,-8.24498e-07,-1.73878e-06,0.236873,0.1347,1.75852,0
21,4,4,10.0,2.75882e-07,-9.51295e-07,-1.38724e-06,0.236863,0.1347,1.75846,0
22,4,4,10.0,2.85574e-07,-1.16675e-06,-1.03816e-06,0.236858,0.134699,1.75842,0
23,4,4,10.0,2.92827e-07,-1.47748e-06,-7.00848e-07,0.236855,0.134699,1.7584,0
0,5,4,10.0,5.60397e-08,-6.43948e-07,-3.9664e-06,0.238356,0.134753,1.76884,0
1,5,4,10.0,-2.24086e-07,1.80482e-06,-4.0764e-06,0.23756,0.134718,1.76339,0
2,5,4,10.0,-1.21444e-07,1.07854e-06,-4.04006e-06,0.237186,0.134705,1.76078,0
3,5,4,10.0,-7.28637e-08,5.45158e-07,-3.95218e-06,0.237009,0.1347,1.75953,0
4,5,4,10.0,-7.9466e-08,1.61676e-07,-3.86356e-06,0.236926,0.134699,1.75893,0
5,5,4,10.0,4.71723e-08,-9.17956e-08,-3.77536e-06,0.236887,0.134699,1.75864,0
6,5,4,10.0,9.89207e-08,-2.57089e-07,-3.69001e-06,0.236869,0.134699,1.75851,0
7,5,4,10.0,8.43096e-08,-3.69939e-07,-3.61886e-06,0.23686,0.134699,1.75844,0
8,5,4,10.0,1.45294e-07,-4.40259e-07,-3.55238e-06,0.236865,0.1347,1.75846,0
9,5,4,10.0,1.57652e-07,-5.43478e-07,-3.48343e-06,0.23693,0.134708,1.75883,0
10,5,4,10.0,2.05508e-07,-7.09681e-07,-3.42754e-06,0.236899,0.134704,1.75866,0
11,5,4,10.0,2.19209e-07,-6.60425e-07,-3.36319e-06,0.236879,0.134702,1.75854,0
12,5,4,10.0,2.27196e-07,-5.8969e-07,-3.28306e-06,0.236867,0.1347,1.75847,0
13,5,4,10.0,2.46217e-07,-4.57679e-07,-3.06187e-06,0.236954,0.134708,1.75903,0
14,5,4,10.0,2.90993e-07,-7.30261e-07,-2.91029e-06,0.236911,0.134704,1.75875,0
15,5,4,10.0,2.9828e-07,-6.64992e-07,-2.72666e-06,0.236884,0.134702,1.75859,0
16,5,4,10.0,2.79996e-07,-6.08941e-07,-2.51471e-06,0.236878,0.134701,1.75854,0
17,5,4,10.0,2.81192e-07,-6.29827e-07,-2.26679e-06,0.236995,0.134709,1.75931,0
18,5,4,10.0,3.34764e-07,-7.59692e-07,-1.99391e-06,0.236929,0.134704,1.75889,0
19,5,4,10.0,3.25538e-07,-7.80865e-07,-1.70555e-06,0.236893,0.134702,1.75865,0
20,5,4,10.0,3.34381e-07,-8.43392e-07,-1.40178e-06,0.236873,0.1347,1.75852,0
21,5,4,10.0,3.31453e-07,-9.68875e-07,-1.09704e-06,0.236863,0.1347,1.75846,0
22,5,4,10.0,3.3361e-07,-1.17506e-06,-7.9792e-07,0.236858,0.134699,1.75842,0
23,5,4,10.0,3.4608e-07,-1.48195e-06,-5.1574e-07,0.236855,0.134699,1.7584,0
0,6,4,10.0,-5.98135e-08,-6.56955e-07,-3.60128e-06,0.238356,0.134753,1.76884,0
1,6,4,10.0,-2.303e-07,1.84773e-06,-3.61166e-06,0.23756,0.134718,1.76339,0
2,6,4,10.0,-1.72152e-07,1.09782e-06,-3.55651e-06,0.237186,0.134705,1.76078,0
3,6,4,10.0,-1.33688e-07,5.43424e-07,-3.47025e-06,0.237009,0.1347,1.75953,0
4,6,4,10.0,-2.68581e-08,1.00001e-07,-3.37665e-06,0.236926,0.134699,1.75893,0
5,6,4,10.0,2.05579e-08,-1.61796e-07,-3.25976e-06,0.236887,0.134699,1.75864,0
6,6,4,10.0,4.12836e-08,-3.34344e-07,-3.14875e-06,0.236869,0.134699,1.75851,0
7,6,4,10.0,1.20086e-07,-4.48893e-07,-3.05012e-06,0.23686,0.134699,1.75844,0
8,6,4,10.0,1.43227e-07,-5.09244e-07,-2.95016e-06,0.236865,0.1347,1.75846,0
9,6,4,10.0,1.82171e-07,-5.99474e-07,-2.85848e-06,0.23693,0.134708,1.75883,0
10,6,4,10.0,2.58205e-07,-7.4879e-07,-2.77597e-06,0.236899,0.134704,1.75866,0
11,6,4,10.0,2.60677e-07,-7.00358e-07,-2.71074e-06,0.236879,0.134702,1.75854,0
12,6,4,10.0,2.48792e-07,-6.23182e-07,-2.64372e-06,0.236867,0.1347,1.75847,0
13,6,4,10.0,2.69217e-07,-4.80245e-07,-2.46113e-06,0.236954,0.134708,1.75903,0
14,6,4,10.0,3.28015e-07,-7.49352e-07,-2.32971e-06,0.236911,0.134704,1.75875,0
15,6,4,10.0,3.16161e-07,-6.6397e-07,-2.17598e-06,0.236884,0.134702,1.75859,0
16,6,4,10.0,3.36779e-07,-6.32352e-07,-1.99714e-06,0.236878,0.134701,1.75854,0
17,6,4,10.0,3.14012e-07,-6.42939e-07,-1.78664e-06,0.236995,0.134709,1.75931,0
18,6,4,10.0,3.60357e-07,-7.42952e-07,-1.54661e-06,0.236929,0.134704,1.75889,0
19,6,4,10.0,3.72722e-07,-7.70242e-07,-1.29744e-06,0.236893,0.134702,1.75865,0
20,6,4,10.0,3.63408e-07,-8.36685e-07,-1.04033e-06,0.236873,0.1347,1.75852,0
21,6,4,10.0,3.73354e-07,-9.61829e-07,-7.85801e-07,0.236863,0.1347,1.75846,0
22,6,4,10.0,3.81207e-07,-1.16347e-06,-5.42307e-07,0.236858,0.134699,1.75842,0
23,6,4,10.0,3.88147e-07,-1.46524e-06,-3.22338e-07,0.236855,0.134699,1.7584,0
0,7,4,10.0,6.59814e-08,-6.62522e-07,-3.09274e-06,0.238356,0.134753,1.76884,0
1,7,4,10.0,-2.71993e-07,1.85365e-06,-3.02642e-06,0.23756,0.134718,1.76339,0
2,7,4,10.0,-2.34858e-07,1.11373e-06,-2.97748e-06,0.237186,0.134705,1.76078,0
3,7,4,10.0,-1.11771e-07,5.43157e-07,-2.90096e-06,0.237009,0.1347,1.75953,0
4,7,4,10.0,-3.64672e-09,1.07858e-07,-2.78321e-06,0.236926,0.134699,1.75893,0
5,7,4,10.0,-1.42015e-09,-1.81746e-07,-2.66502e-06,0.236887,0.134699,1.75864,0
6,7,4,10.0,7.56139e-08,-3.67289e-07,-2.54221e-06,0.236869,0.134699,1.75851,0
7,7,4,10.0,1.44417e-07,-4.85582e-07,-2.41567e-06,0.23686,0.134699,1.75844,0
8,7,4,10.0,1.67962e-07,-5.48461e-07,-2.3003e-06,0.236865,0.1347,1.75846,0
9,7,4,10.0,2.03379e-07,-6.26655e-07,-2.19362e-06,0.236929,0.134708,1.75883,0
10,7,4,10.0,2.38906e-07,-7.73939e-07,-2.1037e-06,0.236899,0.134704,1.75866,0
11,7,4,10.0,2.58998e-07,-7.14726e-07,-2.03881e-06,0.236879,0.134702,1.75854,0
12,7,4,10.0,2.72335e-07,-6.37345e-07,-1.97999e-06,0.236867,0.1347,1.75847,0
13,7,4,10.0,3.04533e-07,-4.8952e-07,-1.81841e-06,0.236954,0.134708,1.75903,0
14,7,4,10.0,3.56658e-07,-7.4218e-07,-1.69867e-06,0.236911,0.134704,1.75875,0
15,7,4,10.0,3.65519e-07,-6.70491e-07,-1.56699e-06,0.236884,0.134702,1.75859,0
16,7,4,10.0,3.74185e-07,-6.25273e-07,-1.41167e-06,0.236878,0.134701,1.75854,0
17,7,4,10.0,3.86347e-07,-6.44542e-07,-1.23445e-06,0.236995,0.134709,1.75931,0
18,7,4,10.0,4.26755e-07,-7.22476e-07,-1.02919e-06,0.236929,0.134704,1.75889,0
19,7,4,10.0,4.24626e-07,-7.51853e-07,-8.21647e-07,0.236893,0.134702,1.75865,0
20,7,4,10.0,4.25079e-07,-8.21555e-07,-6.17471e-07,0.236873,0.1347,1.75852,0
21,7,4,10.0,4.23673e-07,-9.44427e-07,-4.20483e-07,0.236863,0.1347,1.75846,0
22,7,4,10.0,4.30476e-07,-1.1461e-06,-2.41184e-07,0.236858,0.134699,1.75842,0
23,7,4,10.0,4.43515e-07,-1.44148e-06,-9.33858e-08,0.236855,0.134699,1.7584,0
0,8,4,10.0,7.91012e-08,-6.52833e-07,-2.30018e-06,0.238356,0.134753,1.76884,0
1,8,4,10.0,-3.6799e-07,1.86264e-06,-2.31685e-06,0.23756,0.134718,1.76339,0
2,8,4,10.0,-2.10128e-07,1.1207e-06,-2.2771e-06,0.237186,0.134705,1.76078,0
3,8,4,10.0,-1.30028e-07,5.75396e-07,-2.19462e-06,0.237009,0.1347,1.75953,0
4,8,4,10.0,-8.66801e-08,1.15225e-07,-2.07674e-06,0.236926,0.134699,1.75893,0
5,8,4,10.0,4.49528e-08,-1.76464e-07,-1.95036e-06,0.236887,0.134699,1.75864,0
6,8,4,10.0,8.97435e-08,-3.83002e-07,-1.81937e-06,0.236869,0.134699,1.75851,0
7,8,4,10.0,1.33699e-07,-5.04448e-07,-1.68819e-06,0.23686,0.134699,1.75844,0
8,8,4,10.0,1.91423e-07,-5.76011e-07,-1.56659e-06,0.236865,0.1347,1.75846,0
9,8,4,10.0,2.35637e-07,-6.52609e-07,-1.45779e-06,0.23692,0.134707,1.75878,0
10,8,4,10.0,2.92401e-07,-7.80735e-07,-1.37389e-06,0.23689,0.134703,1.75861,0
11,8,4,10.0,3.11544e-07,-7.12396e-07,-1.31169e-06,0.236872,0.134701,1.7585,0
12,8,4,10.0,3.30298e-07,-6.24142e-07,-1.25509e-06,0.236862,0.1347,1.75844,0
13,8,4,10.0,3.65053e-07,-4.62793e-07,-1.10797e-06,0.236931,0.134705,1.75889,0
14,8,4,10.0,4.12651e-07,-7.14304e-07,-9.96477e-07,0.236896,0.134702,1.75866,0
15,8,4,10.0,4.21319e-07,-6.36764e-07,-8.79765e-07,0.236876,0.134701,1.75853,0
16,8,4,10.0,4.31687e-07,-6.08088e-07,-7.46334e-07,0.236873,0.134701,1.75851,0
17,8,4,10.0,4.44595e-07,-6.21624e-07,-5.93928e-07,0.236995,0.134709,1.75931,0
18,8,4,10.0,4.94298e-07,-7.63148e-07,-4.22626e-07,0.236929,0.134704,1.75889,0
19,8,4,10.0,4.88264e-07,-7.94247e-07,-2.64102e-07,0.236893,0.134702,1.75865,0
20,8,4,10.0,4.83767e-07,-8.6198e-07,-1.18796e-07,0.236873,0.1347,1.75852,0
21,8,4,10.0,4.81915e-07,-9.83559e-07,9.65442e-09,0.236863,0.1347,1.75846,0
22,8,4,10.0,4.86103e-07,-1.17661e-06,1.14029e-07,0.236858,0.134699,1.75842,0
23,8,4,10.0,4.94091e-07,-1.46572e-06,1.79166e-07,0.236855,0.134699,1.7584,0
0,9,4,10.0,7.80519e-08,-6.403e-07,-1.46714e-06,0.238356,0.134753,1.76884,0
1,9,4,10.0,-3.70749e-07,1.85927e-06,-1.52237e-06,0.23756,0.134718,1.76339,0
2,9,4,10.0,-2.56012e-07,1.11825e-06,-1.47867e-06,0.237186,0.134705,1.76078,0
3,9,4,10.0,-1.47405e-07,5.71909e-07,-1.38882e-06,0.237009,0.1347,1.75953,0
4,9,4,10.0,-2.52895e-08,1.348e-07,-1.27763e-06,0.236926,0.134699,1.75893,0
5,9,4,10.0,8.57852e-09,-1.8036e-07,-1.14444e-06,0.236887,0.134699,1.75864,0
6,9,4,10.0,8.65329e-08,-3.93158e-07,-1.01455e-06,0.236869,0.134699,1.75851,0
7,9,4,10.0,1.5626e-07,-5.35056e-07,-8.92561e-07,0.23686,0.134699,1.75844,0
8,9,4,10.0,1.86951e-07,-5.67428e-07,-7.80758e-07,0.236865,0.1347,1.75846,0
9,9,4,10.0,2.30077e-07,-6.7792e-07,-6.77475e-07,0.236939,0.13471,1.75888,0
10,9,4,10.0,2.89506e-07,-8.57693e-07,-5.92654e-07,0.236908,0.134706,1.75871,0
11,9,4,10.0,3.1994e-07,-7.99614e-07,-5.32266e-07,0.236886,0.134703,1.75858,0
12,9,4,10.0,3.45992e-07,-7.10152e-07,-4.76513e-07,0.236872,0.134701,1.7585,0
13,9,4,10.0,3.74944e-07,-6.14474e-07,-4.18281e-07,0.236864,0.1347,1.75845,0
14,9,4,10.0,4.12643e-07,-4.53904e-07,-2.5618e-07,0.236856,0.134699,1.7584,0
15,9,4,10.0,4.30422e-07,-4.2231e-07,-1.56739e-07,0.236854,0.134699,1.75839,0
16,9,4,10.0,4.42475e-07,-4.06511e-07,-4.46152e-08,0.236862,0.1347,1.75844,0
17,9,4,10.0,4.60259e-07,-4.63636e-07,7.96694e-08,0.236932,0.134709,1.75885,0
18,9,4,10.0,4.9897e-07,-6.84536e-07,2.07725e-07,0.236901,0.134705,1.75867,0
19,9,4,10.0,4.96076e-07,-7.39045e-07,3.12921e-07,0.23688,0.134702,1.75855,0
20,9,4,10.0,4.94554e-07,-8.29256e-07,3.9405e-07,0.236867,0.134701,1.75847,0
21,9,4,10.0,4.96727e-07,-9.6369e-07,4.50113e-07,0.23686,0.1347,1.75843,0
22,9,4,10.0,5.04348e-07,-1.16861e-06,4.75409e-07,0.236857,0.134699,1.75841,0
23,9,4,10.0,5.104e-07,-1.46219e-06,4.5233e-07,0.236855,0.134699,1.7584,0
0,10,4,10.0,9.5488e-08,-6.28634e-07,-5.77654e-07,0.238356,0.134753,1.76884,0
1,10,4,10.0,-3.66874e-07,1.84981e-06,-6.64846e-07,0.23756,0.134718,1.76339,0
2,10,4,10.0,-2.58771e-07,1.10462e-06,-6.27029e-07,0.237186,0.134705,1.76078,0
3,10,4,10.0,-1.48949e-07,5.54667e-07,-5.41562e-07,0.237009,0.1347,1.75953,0
4,10,4,10.0,-6.08436e-08,1.44328e-07,-4.27081e-07,0.236926,0.134699,1.75893,0
5,10,4,10.0,1.41994e-08,-1.94166e-07,-3.10421e-07,0.236887,0.134699,1.75864,0
6,10,4,10.0,7.94619e-08,-4.18346e-07,-1.96921e-07,0.236869,0.134699,1.75851,0
7,10,4,10.0,1.37568e-07,-5.51042e-07,-8.55643e-08,0.23686,0.134699,1.75844,0
8,10,4,10.0,1.7416e-07,-6.25822e-07,1.03111e-08,0.236865,0.1347,1.75846,0
9,10,4,10.0,2.19785e-07,-7.13165e-07,9.94293e-08,0.23693,0.134709,1.75883,0
10,10,4,10.0,2.7997e-07,-8.64023e-07,1.7676e-07,0.236899,0.134704,1.75866,0
11,10,4,10.0,3.06108e-07,-8.00192e-07,2.37843e-07,0.236879,0.134702,1.75854,0
12,10,4,10.0,3.33626e-07,-6.92638e-07,2.96467e-07,0.236867,0.134701,1.75847,0
13,10,4,10.0,3.73041e-07,-5.90091e-07,3.54773e-07,0.23686,0.1347,1.75843,0
14,10,4,10.0,4.28565e-07,-4.32232e-07,4.82818e-07,0.236854,0.134699,1.7584,0
15,10,4,10.0,4.4637e-07,-3.82148e-07,5.62126e-07,0.236853,0.134699,1.75839,0
16,10,4,10.0,4.54575e-07,-3.88623e-07,6.48645e-07,0.236862,0.1347,1.75844,0
17,10,4,10.0,4.68249e-07,-4.39381e-07,7.37514e-07,0.23693,0.134709,1.75883,0
18,10,4,10.0,5.07429e-07,-6.64407e-07,8.15549e-07,0.236899,0.134704,1.75866,0
19,10,4,10.0,4.96668e-07,-7.27345e-07,8.61038e-07,0.236879,0.134702,1.75854,0
20,10,4,10.0,5.00729e-07,-8.16957e-07,8.75596e-07,0.236867,0.1347,1.75847,0
21,10,4,10.0,5.10891e-07,-9.56714e-07,8.58648e-07,0.23686,0.1347,1.75843,0
22,10,4,10.0,5.11905e-07,-1.16091e-06,8.02622e-07,0.236856,0.134699,1.75841,0
23,10,4,10.0,5.24062e-07,-1.45833e-06,6.92446e-07,0.236854,0.134699,1.7584,0
0,11,4,10.0,4.98261e-08,-6.47618e-07,3.07978e-07,0.238356,0.134753,1.76884,0
1,11,4,10.0,-4.28213e-07,1.8336e-06,2.16892e-07,0.23756,0.134718,1.76339,0
2,11,4,10.0,-2.65465e-07,1.098e-06,2.50134e-07,0.237186,0.134705,1.76078,0
3,11,4,10.0,-1.8242e-07,5.516e-07,3.2284e-07,0.237009,0.1347,1.75953,0
4,11,4,10.0,-9.07461e-08,1.31932e-07,4.16617e-07,0.236926,0.134699,1.75893,0
5,11,4,10.0,-1.00931e-08,-1.90219e-07,5.11399e-07,0.236887,0.134699,1.75864,0
6,11,4,10.0,7.57845e-08,-4.17902e-07,6.1183e-07,0.236869,0.134699,1.75851,0
7,11,4,10.0,1.21341e-07,-5.77892e-07,7.01666e-07,0.23686,0.134699,1.75844,0
8,11,4,10.0,1.80808e-07,-6.40106e-07,7.88718e-07,0.236865,0.1347,1.75846,0
9,11,4,10.0,2.34184e-07,-7.35368e-07,8.7596e-07,0.23693,0.134708,1.75883,0
10,11,4,10.0,2.723e-07,-8.99463e-07,9.53819e-07,0.236899,0.134704,1.75866,0
11,11,4,10.0,3.36773e-07,-8.01788e-07,1.02717e-06,0.236879,0.134702,1.75854,0
12,11,4,10.0,3.80946e-07,-7.05312e-07,1.10196e-06,0.236867,0.1347,1.75847,0
13,11,4,10.0,4.07501e-07,-5.91862e-07,1.16255e-06,0.23686,0.1347,1.75843,0
14,11,4,10.0,4.6199e-07,-4.20506e-07,1.24703e-06,0.236854,0.134699,1.7584,0
15,11,4,10.0,4.59792e-07,-3.89644e-07,1.29192e-06,0.236853,0.134699,1.75839,0
16,11,4,10.0,4.72309e-07,-3.8444e-07,1.33843e-06,0.236862,0.1347,1.75844,0
17,11,4,10.0,4.75984e-07,-4.38886e-07,1.38343e-06,0.23693,0.134709,1.75883,0
18,11,4,10.0,4.93491e-07,-6.75401e-07,1.40782e-06,0.236899,0.134704,1.75866,0
19,11,4,10.0,5.02378e-07,-7.25999e-07,1.39133e-06,0.236879,0.134702,1.75854,0
20,11,4,10.0,5.12802e-07,-8.19352e-07,1.33961e-06,0.236867,0.1347,1.75847,0
21,11,4,10.0,5.17372e-07,-9.57197e-07,1.24733e-06,0.23686,0.1347,1.75843,0
22,11,4,10.0,5.32636e-07,-1.16677e-06,1.10871e-06,0.236856,0.134699,1.75841,0
23,11,4,10.0,5.38056e-07,-1.46022e-06,9.10211e-07,0.236854,0.134699,1.7584,0
0,12,4,10.0,1.02072e-07,-6.67213e-07,1.18561e-06,0.238356,0.134753,1.76884,0
1,12,4,10.0,-3.92021e-07,1.82177e-06,1.12129e-06,0.237561,0.134718,1.76339,0
2,12,4,10.0,-2.87774e-07,1.07771e-06,1.1576e-06,0.237186,0.134705,1.76078,0
3,12,4,10.0,-1.50221e-07,5.19463e-07,1.21664e-06,0.23701,0.134701,1.75953,0
4,12,4,10.0,-7.53599e-08,1.53642e-07,1.29037e-06,0.236926,0.134699,1.75893,0
5,12,4,10.0,3.02929e-08,-1.88906e-07,1.36379e-06,0.236887,0.134699,1.75865,0
6,12,4,10.0,8.47229e-08,-4.38031e-07,1.43639e-06,0.236869,0.134699,1.75851,0
7,12,4,10.0,1.28366e-07,-5.56105e-07,1.51569e-06,0.23686,0.134699,1.75844,0
8,12,4,10.0,2.04211e-07,-6.36031e-07,1.61333e-06,0.236865,0.1347,1.75846,0
9,12,4,10.0,2.51516e-07,-7.57728e-07,1.71742e-06,0.23693,0.134709,1.75883,0
10,12,4,10.0,3.35005e-07,-9.21236e-07,1.80722e-06,0.236899,0.134704,1.75866,0
11,12,4,10.0,3.90759e-07,-8.51261e-07,1.91395e-06,0.236879,0.134702,1.75854,0
12,12,4,10.0,4.14247e-07,-6.99384e-07,2.0121e-06,0.236867,0.134701,1.75847,0
13,12,4,10.0,4.29872e-07,-5.92521e-07,2.06851e-06,0.23686,0.1347,1.75843,0
14,12,4,10.0,4.74712e-07,-4.46362e-07,2.06807e-06,0.236863,0.1347,1.75844,0
15,12,4,10.0,4.71938e-07,-3.89449e-07,2.05817e-06,0.236859,0.1347,1.75842,0
16,12,4,10.0,4.79008e-07,-3.93419e-07,2.06094e-06,0.236866,0.134701,1.75846,0
17,12,4,10.0,4.7479e-07,-4.52624e-07,2.05351e-06,0.23693,0.134709,1.75883,0
18,12,4,10.0,5.02628e-07,-6.21845e-07,2.02069e-06,0.236899,0.134705,1.75866,0
19,12,4,10.0,5.09529e-07,-6.78336e-07,1.94617e-06,0.23688,0.134702,1.75854,0
20,12,4,10.0,5.14254e-07,-7.5678e-07,1.82595e-06,0.236867,0.134701,1.75847,0
21,12,4,10.0,5.34914e-07,-9.06069e-07,1.65599e-06,0.236861,0.1347,1.75843,0
22,12,4,10.0,5.41437e-07,-1.11699e-06,1.43105e-06,0.236857,0.134699,1.75841,0
23,12,4,10.0,5.54358e-07,-1.41796e-06,1.13884e-06,0.236855,0.134699,1.7584,0
0,13,4,10.0,9.6709e-08,-6.65819e-07,2.14499e-06,0.238357,0.134753,1.76885,0
1,13,4,10.0,-4.35568e-07,1.78379e-06,2.04734e-06,0.237562,0.134719,1.76339,0
2,13,4,10.0,-3.06349e-07,1.04725e-06,2.07057e-06,0.237188,0.134706,1.76079,0
3,13,4,10.0,-1.94174e-07,5.37023e-07,2.14642e-06,0.23701,0.134701,1.75953,0
4,13,4,10.0,-1.13203e-07,1.10991e-07,2.20283e-06,0.236928,0.134699,1.75894,0
5,13,4,10.0,1.26723e-08,-1.77708e-07,2.26595e-06,0.236889,0.134699,1.75865,0
6,13,4,10.0,5.86873e-08,-4.16085e-07,2.32505e-06,0.23687,0.134699,1.75852,0
7,13,4,10.0,1.54137e-07,-5.95361e-07,2.40847e-06,0.236862,0.134699,1.75845,0
8,13,4,10.0,1.90661e-07,-6.68684e-07,2.53172e-06,0.236867,0.1347,1.75847,0
9,13,4,10.0,2.53889e-07,-8.08897e-07,2.66211e-06,0.236956,0.134712,1.75898,0
10,13,4,10.0,3.83214e-07,-1.04846e-06,2.7878e-06,0.236921,0.134708,1.75878,0
11,13,4,10.0,3.60463e-07,-8.90715e-07,2.90869e-06,0.236895,0.134704,1.75863,0
12,13,4,10.0,3.64909e-07,-7.77574e-07,3.01814e-06,0.236874,0.134701,1.75851,0
13,13,4,10.0,4.2856e-07,-6.04243e-07,3.04202e-06,0.236959,0.134708,1.75905,0
14,13,4,10.0,4.84067e-07,-8.81886e-07,2.97744e-06,0.236911,0.134704,1.75875,0
15,13,4,10.0,5.07903e-07,-7.91588e-07,2.91407e-06,0.236885,0.134702,1.75859,0
16,13,4,10.0,4.61058e-07,-7.1925e-07,2.85265e-06,0.236878,0.134702,1.75854,0
17,13,4,10.0,4.78052e-07,-7.32813e-07,2.78828e-06,0.237018,0.134712,1.75945,0
18,13,4,10.0,5.37919e-07,-7.3299e-07,2.71623e-06,0.23695,0.134707,1.759,0
19,13,4,10.0,5.14118e-07,-7.16943e-07,2.57011e-06,0.236908,0.134704,1.75873,0
20,13,4,10.0,5.22713e-07,-7.81157e-07,2.37105e-06,0.23688,0.134701,1.75856,0
21,13,4,10.0,5.48845e-07,-9.22445e-07,2.11702e-06,0.236868,0.1347,1.75848,0
22,13,4,10.0,5.54336e-07,-1.12857e-06,1.79506e-06,0.236861,0.1347,1.75844,0
23,13,4,10.0,5.69684e-07,-1.41469e-06,1.40234e-06,0.236858,0.1347,1.75842,0
0,14,4,10.0,1.07552e-07,-6.27772e-07,3.93653e-06,0.238356,0.134753,1.76884,0
1,14,4,10.0,-5.09873e-07,1.72542e-06,3.97301e-06,0.23756,0.134718,1.76339,0
2,14,4,10.0,-3.48629e-07,1.03832e-06,4.0112e-06,0.237186,0.134705,1.76078,0
3,14,4,10.0,-2.04099e-07,5.41981e-07,4.07033e-06,0.237009,0.1347,1.75953,0
4,14,4,10.0,-1.02331e-07,1.69786e-07,4.16349e-06,0.236926,0.134699,1.75893,0
5,14,4,10.0,1.43964e-08,-1.14087e-07,4.27567e-06,0.236887,0.134699,1.75864,0
6,14,4,10.0,1.25086e-07,-3.28107e-07,4.40778e-06,0.236869,0.134699,1.75851,0
7,14,4,10.0,1.63673e-07,-4.76284e-07,4.56389e-06,0.23686,0.134699,1.75844,0
8,14,4,10.0,2.15436e-07,-5.71294e-07,4.72346e-06,0.236865,0.1347,1.75846,0
9,14,4,10.0,2.76794e-07,-6.81873e-07,4.87173e-06,0.23693,0.134708,1.75883,0
10,14,4,10.0,3.04432e-07,-8.27749e-07,4.99759e-06,0.236899,0.134704,1.75866,0
11,14,4,10.0,3.38185e-07,-7.38077e-07,5.10154e-06,0.236879,0.134702,1.75854,0
12,14,4,10.0,3.35557e-07,-6.08451e-07,5.16014e-06,0.236867,0.1347,1.75847,0
13,14,4,10.0,3.37484e-07,-5.43842e-07,5.18041e-06,0.23699,0.134708,1.75929,0
14,14,4,10.0,4.43533e-07,-6.68198e-07,5.02448e-06,0.236892,0.134702,1.75864,0
15,14,4,10.0,4.44324e-07,-5.82765e-07,4.87935e-06,0.236873,0.1347,1.75852,0
16,14,4,10.0,4.72238e-07,-5.60459e-07,4.69887e-06,0.236872,0.134701,1.7585,0
17,14,4,10.0,4.84314e-07,-5.83779e-07,4.48209e-06,0.236959,0.134708,1.75905,0
18,14,4,10.0,5.08605e-07,-7.15467e-07,4.23451e-06,0.236913,0.134704,1.75876,0
19,14,4,10.0,5.27024e-07,-7.47172e-07,3.92296e-06,0.236885,0.134702,1.75859,0
20,14,4,10.0,5.35869e-07,-8.30685e-07,3.54722e-06,0.23687,0.1347,1.75849,0
21,14,4,10.0,5.47055e-07,-9.69523e-07,3.09836e-06,0.236862,0.1347,1.75844,0
22,14,4,10.0,5.69504e-07,-1.17142e-06,2.57172e-06,0.236857,0.134699,1.75841,0
23,14,4,10.0,5.96983e-07,-1.45874e-06,1.95842e-06,0.236855,0.134699,1.7584,0
0,15,4,10.0,1.24615e-07,-6.20579e-07,5.09876e-06,0.238356,0.134753,1.76884,0
1,15,4,10.0,-5.39887e-07,1.72797e-06,5.10727e-06,0.23756,0.134718,1.76339,0
2,15,4,10.0,-3.55782e-07,1.02823e-06,5.15187e-06,0.237185,0.134705,1.76078,0
3,15,4,10.0,-2.07219e-07,5.30853e-07,5.23276e-06,0.237009,0.1347,1.75953,0
4,15,4,10.0,-7.827e-08,1.641e-07,5.34613e-06,0.236926,0.134699,1.75893,0
5,15,4,10.0,2.37456e-08,-1.11681e-07,5.48908e-06,0.236886,0.134699,1.75864,0
6,15,4,10.0,1.09072e-07,-3.19904e-07,5.65761e-06,0.236868,0.134699,1.75851,0
7,15,4,10.0,1.7587e-07,-4.64134e-07,5.83097e-06,0.23686,0.134699,1.75844,0
8,15,4,10.0,2.26083e-07,-5.58199e-07,5.99189e-06,0.236865,0.1347,1.75846,0
9,15,4,10.0,2.59331e-07,-6.58561e-07,6.13248e-06,0.236929,0.134708,1.75883,0
10,15,4,10.0,3.0725e-07,-7.9304e-07,6.24143e-06,0.236899,0.134704,1.75866,0
11,15,4,10.0,3.17913e-07,-7.11171e-07,6.31898e-06,0.236879,0.134702,1.75854,0
12,15,4,10.0,3.25188e-07,-5.75928e-07,6.34864e-06,0.236866,0.1347,1.75847,0
13,15,4,10.0,3.39821e-07,-5.1669e-07,6.33554e-06,0.23699,0.134708,1.75929,0
14,15,4,10.0,4.38578e-07,-6.46924e-07,6.13915e-06,0.236892,0.134702,1.75864,0
15,15,4,10.0,4.51823e-07,-5.73755e-07,5.95911e-06,0.236873,0.1347,1.75852,0
16,15,4,10.0,4.66768e-07,-5.44031e-07,5.7318e-06,0.236872,0.134701,1.7585,0
17,15,4,10.0,4.81257e-07,-5.65575e-07,5.45056e-06,0.236959,0.134708,1.75905,0
18,15,4,10.0,5.0629e-07,-7.01187e-07,5.11859e-06,0.236913,0.134704,1.75876,0
19,15,4,10.0,5.12108e-07,-7.42835e-07,4.7189e-06,0.236885,0.134702,1.75859,0
20,15,4,10.0,5.21889e-07,-8.33709e-07,4.24352e-06,0.23687,0.1347,1.75849,0
21,15,4,10.0,5.38275e-07,-9.76797e-07,3.68765e-06,0.236861,0.1347,1.75844,0
22,15,4,10.0,5.62e-07,-1.1809e-06,3.04561e-06,0.236857,0.134699,1.75841,0
23,15,4,10.0,5.93387e-07,-1.4702e-06,2.30679e-06,0.236854,0.134699,1.7584,0
0,16,4,10.0,1.57468e-07,-6.24613e-07,6.40491e-06,0.238356,0.134753,1.76884,0
1,16,4,10.0,-5.17036e-07,1.73599e-06,6.34771e-06,0.237559,0.134718,1.76338,0
2,16,4,10.0,-3.17887e-07,1.04146e-06,6.39998e-06,0.237184,0.134705,1.76077,0
3,16,4,10.0,-1.7123e-07,5.50698e-07,6.5042e-06,0.237007,0.1347,1.75952,0
4,16,4,10.0,-4.72913e-08,1.78561e-07,6.64154e-06,0.236924,0.134699,1.75892,0
5,16,4,10.0,7.31898e-08,-9.08826e-08,6.80986e-06,0.236885,0.134698,1.75863,0
6,16,4,10.0,1.42987e-07,-2.89309e-07,6.99678e-06,0.236866,0.134698,1.7585,0
7,16,4,10.0,1.87784e-07,-4.27608e-07,7.18078e-06,0.236858,0.134698,1.75843,0
8,16,4,10.0,2.38263e-07,-5.15392e-07,7.34328e-06,0.236863,0.1347,1.75845,0
9,16,4,10.0,2.74825e-07,-6.10043e-07,7.46881e-06,0.236904,0.134705,1.75868,0
10,16,4,10.0,3.11402e-07,-7.07835e-07,7.553e-06,0.236882,0.134702,1.75856,0
11,16,4,10.0,3.33407e-07,-6.27662e-07,7.60679e-06,0.236868,0.134701,1.75848,0
12,16,4,10.0,3.47675e-07,-4.78833e-07,7.61597e-06,0.23686,0.1347,1.75843,0
13,16,4,10.0,3.5141e-07,-4.33397e-07,7.57481e-06,0.236976,0.134706,1.75921,0
14,16,4,10.0,4.28819e-07,-5.42724e-07,7.32301e-06,0.236889,0.134701,1.75863,0
15,16,4,10.0,4.47093e-07,-4.84554e-07,7.11471e-06,0.236872,0.1347,1.75851,0
16,16,4,10.0,4.52224e-07,-4.67214e-07,6.84574e-06,0.236871,0.134701,1.7585,0
17,16,4,10.0,4.72567e-07,-4.9901e-07,6.51096e-06,0.23695,0.134707,1.759,0
18,16,4,10.0,5.31308e-07,-7.03871e-07,6.11069e-06,0.236904,0.134703,1.75871,0
19,16,4,10.0,5.26655e-07,-7.56778e-07,5.62304e-06,0.236878,0.134701,1.75855,0
20,16,4,10.0,5.3538e-07,-8.56286e-07,5.04687e-06,0.236865,0.1347,1.75847,0
21,16,4,10.0,5.50185e-07,-1.00462e-06,4.37684e-06,0.236858,0.134699,1.75842,0
22,16,4,10.0,5.72795e-07,-1.21394e-06,3.60896e-06,0.236854,0.134699,1.7584,0
23,16,4,10.0,6.07931e-07,-1.50772e-06,2.73165e-06,0.236852,0.134699,1.75839,0
0,17,4,10.0,7.35131e-08,-6.29463e-07,7.65924e-06,0.238357,0.134753,1.76885,0
1,17,4,10.0,-5.13859e-07,1.71533e-06,7.61746e-06,0.237561,0.134718,1.76339,0
2,17,4,10.0,-3.25823e-07,1.02136e-06,7.6861e-06,0.237187,0.134705,1.76078,0
3,17,4,10.0,-1.79237e-07,4.84416e-07,7.81719e-06,0.237011,0.134701,1.75953,0
4,17,4,10.0,-2.37797e-08,1.4402e-07,7.98132e-06,0.236928,0.134699,1.75894,0
5,17,4,10.0,6.77822e-08,-1.51315e-07,8.17605e-06,0.236889,0.134699,1.75865,0
6,17,4,10.0,1.28179e-07,-3.57346e-07,8.37075e-06,0.23687,0.134699,1.75852,0
7,17,4,10.0,1.78669e-07,-4.97056e-07,8.55226e-06,0.236862,0.134699,1.75845,0
8,17,4,10.0,1.91625e-07,-5.95438e-07,8.70663e-06,0.236867,0.1347,1.75847,0
9,17,4,10.0,2.46126e-07,-6.97962e-07,8.82447e-06,0.236955,0.134712,1.75898,0
10,17,4,10.0,3.544e-07,-8.76646e-07,8.9015e-06,0.236916,0.134707,1.75875,0
11,17,4,10.0,3.42993e-07,-7.98506e-07,8.93887e-06,0.236889,0.134703,1.7586,0
12,17,4,10.0,3.28678e-07,-6.50174e-07,8.92991e-06,0.236873,0.134701,1.75851,0
13,17,4,10.0,3.49841e-07,-5.83418e-07,8.86613e-06,0.237004,0.13471,1.75937,0
14,17,4,10.0,4.57872e-07,-7.44034e-07,8.56436e-06,0.236895,0.134702,1.75866,0
15,17,4,10.0,4.41826e-07,-6.46058e-07,8.32135e-06,0.236874,0.1347,1.75853,0
16,17,4,10.0,4.42185e-07,-6.03678e-07,8.00772e-06,0.236872,0.134701,1.75851,0
17,17,4,10.0,4.61994e-07,-6.14115e-07,7.62207e-06,0.236968,0.13471,1.7591,0
18,17,4,10.0,4.84046e-07,-6.96437e-07,7.15966e-06,0.236922,0.134705,1.75881,0
19,17,4,10.0,4.91651e-07,-7.48043e-07,6.58938e-06,0.236892,0.134703,1.75863,0
20,17,4,10.0,4.85332e-07,-8.42989e-07,5.90643e-06,0.236875,0.134701,1.75852,0
21,17,4,10.0,5.17758e-07,-9.86903e-07,5.12259e-06,0.236865,0.1347,1.75846,0
22,17,4,10.0,5.37257e-07,-1.19043e-06,4.22334e-06,0.23686,0.1347,1.75843,0
23,17,4,10.0,5.65995e-07,-1.4904e-06,3.20041e-06,0.236857,0.1347,1.75841,0
0,18,4,10.0,1.44463e-07,-6.75524e-07,8.84597e-06,0.238356,0.134753,1.76884,0
1,18,4,10.0,-5.0517e-07,1.74452e-06,8.82766e-06,0.23756,0.134718,1.76339,0
2,18,4,10.0,-3.20405e-07,9.89104e-07,8.92634e-06,0.237186,0.134705,1.76078,0
3,18,4,10.0,-1.5432e-07,4.99488e-07,9.08458e-06,0.237009,0.1347,1.75953,0
4,18,4,10.0,-4.15805e-08,1.22391e-07,9.28938e-06,0.236926,0.134699,1.75893,0
5,18,4,10.0,3.51641e-08,-1.33763e-07,9.49189e-06,0.236887,0.134699,1.75864,0
6,18,4,10.0,1.13163e-07,-3.27894e-07,9.68506e-06,0.236869,0.134699,1.75851,0
7,18,4,10.0,1.23965e-07,-4.63346e-07,9.85577e-06,0.23686,0.134699,1.75844,0
8,18,4,10.0,1.55534e-07,-5.58688e-07,9.9969e-06,0.236865,0.1347,1.75846,0
9,18,4,10.0,1.93554e-07,-6.68545e-07,1.01072e-05,0.23693,0.134709,1.75883,0
10,18,4,10.0,2.27345e-07,-8.13717e-07,1.01843e-05,0.236899,0.134704,1.75866,0
11,18,4,10.0,2.51455e-07,-7.27309e-07,1.02106e-05,0.236879,0.134702,1.75854,0
12,18,4,10.0,2.61779e-07,-5.66233e-07,1.01876e-05,0.236867,0.1347,1.75847,0
13,18,4,10.0,2.82642e-07,-5.19062e-07,1.01113e-05,0.23699,0.134708,1.75929,0
14,18,4,10.0,3.69174e-07,-6.56898e-07,9.77541e-06,0.236892,0.134702,1.75864,0
15,18,4,10.0,3.81738e-07,-5.93137e-07,9.49514e-06,0.236873,0.1347,1.75852,0
16,18,4,10.0,3.85946e-07,-5.37479e-07,9.13878e-06,0.236872,0.134701,1.7585,0
17,18,4,10.0,4.00871e-07,-5.77978e-07,8.69971e-06,0.236959,0.134708,1.75905,0
18,18,4,10.0,4.24902e-07,-7.28735e-07,8.15771e-06,0.236913,0.134704,1.75876,0
19,18,4,10.0,4.16025e-07,-7.84747e-07,7.50252e-06,0.236885,0.134702,1.75859,0
20,18,4,10.0,4.60641e-07,-8.82673e-07,6.72158e-06,0.23687,0.1347,1.75849,0
21,18,4,10.0,4.50912e-07,-1.02946e-06,5.82439e-06,0.236862,0.1347,1.75844,0
22,18,4,10.0,4.79741e-07,-1.23926e-06,4.79958e-06,0.236857,0.134699,1.75841,0
23,18,4,10.0,5.143e-07,-1.53817e-06,3.6363e-06,0.236855,0.134699,1.7584,0
0,19,4,10.0,1.45028e-07,-6.72907e-07,1.00862e-05,0.238356,0.134753,1.76884,0
1,19,4,10.0,-4.37433e-07,1.74983e-06,9.98283e-06,0.23756,0.134718,1.76339,0
2,19,4,10.0,-2.67762e-07,9.77162e-07,1.00877e-05,0.237186,0.134705,1.76078,0
3,19,4,10.0,-1.42118e-07,4.96835e-07,1.02745e-05,0.237009,0.1347,1.75953,0
4,19,4,10.0,-4.66408e-08,1.25609e-07,1.04975e-05,0.236926,0.134699,1.75893,0
5,19,4,10.0,6.00977e-08,-1.18606e-07,1.07147e-05,0.236887,0.134699,1.75864,0
6,19,4,10.0,1.16128e-07,-3.02207e-07,1.09091e-05,0.236869,0.134699,1.75851,0
7,19,4,10.0,1.15806e-07,-4.42208e-07,1.10688e-05,0.23686,0.134699,1.75844,0
8,19,4,10.0,1.48563e-07,-5.2375e-07,1.12038e-05,0.236865,0.1347,1.75846,0
9,19,4,10.0,1.67267e-07,-6.39861e-07,1.13131e-05,0.23693,0.134708,1.75883,0
10,19,4,10.0,2.18917e-07,-7.82621e-07,1.13771e-05,0.236899,0.134704,1.75866,0
11,19,4,10.0,2.54574e-07,-6.92132e-07,1.14033e-05,0.236879,0.134702,1.75854,0
12,19,4,10.0,2.68267e-07,-5.1966e-07,1.13738e-05,0.236867,0.1347,1.75847,0
13,19,4,10.0,2.69821e-07,-4.89344e-07,1.12856e-05,0.23699,0.134708,1.75929,0
14,19,4,10.0,3.4531e-07,-6.36705e-07,1.09043e-05,0.236892,0.134702,1.75864,0
15,19,4,10.0,3.68294e-07,-5.65391e-07,1.0593e-05,0.236873,0.1347,1.75852,0
16,19,4,10.0,3.41199e-07,-5.20903e-07,1.01866e-05,0.236872,0.134701,1.7585,0
17,19,4,10.0,3.60022e-07,-5.65043e-07,9.68698e-06,0.236959,0.134708,1.75905,0
18,19,4,10.0,4.20369e-07,-7.3382e-07,9.07902e-06,0.236913,0.134704,1.75876,0
19,19,4,10.0,3.92047e-07,-7.90189e-07,8.33228e-06,0.236885,0.134702,1.75859,0
20,19,4,10.0,3.99896e-07,-8.91296e-07,7.45895e-06,0.23687,0.1347,1.75849,0
21,19,4,10.0,4.06802e-07,-1.03891e-06,6.45029e-06,0.236862,0.1347,1.75844,0
22,19,4,10.0,4.28576e-07,-1.24659e-06,5.30948e-06,0.236857,0.134699,1.75841,0
23,19,4,10.0,4.62107e-07,-1.54612e-06,4.02129e-06,0.236855,0.134699,1.7584,0
0,20,4,10.0,5.70352e-08,-6.44708e-07,1.11001e-05,0.238356,0.134753,1.76884,0
1,20,4,10.0,-3.96555e-07,1.67871e-06,1.10082e-05,0.23756,0.134718,1.76339,0
2,20,4,10.0,-2.49454e-07,9.80485e-07,1.11266e-05,0.237186,0.134705,1.76078,0
3,20,4,10.0,-1.35091e-07,4.90121e-07,1.13373e-05,0.237009,0.1347,1.75953,0
4,20,4,10.0,-3.3088e-08,1.67263e-07,1.15779e-05,0.236926,0.134699,1.75893,0
5,20,4,10.0,2.4931e-08,-8.0797e-08,1.18137e-05,0.236887,0.134699,1.75864,0
6,20,4,10.0,6.01519e-08,-2.56203e-07,1.20204e-05,0.236869,0.134699,1.75851,0
7,20,4,10.0,1.26911e-07,-3.89255e-07,1.21916e-05,0.23686,0.134699,1.75844,0
8,20,4,10.0,1.28815e-07,-4.80543e-07,1.23386e-05,0.236865,0.1347,1.75846,0
9,20,4,10.0,1.57115e-07,-5.85924e-07,1.24527e-05,0.23693,0.134708,1.75883,0
10,20,4,10.0,2.39072e-07,-7.08934e-07,1.25278e-05,0.236899,0.134704,1.75866,0
11,20,4,10.0,2.30612e-07,-6.27929e-07,1.2549e-05,0.236879,0.134702,1.75854,0
12,20,4,10.0,2.19115e-07,-4.67766e-07,1.25032e-05,0.236867,0.1347,1.75847,0
13,20,4,10.0,2.37585e-07,-4.37055e-07,1.2395e-05,0.23699,0.134708,1.75929,0
14,20,4,10.0,3.25944e-07,-5.94746e-07,1.19591e-05,0.236892,0.134702,1.75864,0
15,20,4,10.0,3.01017e-07,-5.16812e-07,1.15995e-05,0.236873,0.1347,1.75852,0
16,20,4,10.0,3.22142e-07,-4.97962e-07,1.11341e-05,0.236872,0.134701,1.7585,0
17,20,4,10.0,3.19401e-07,-5.3113e-07,1.05707e-05,0.236959,0.134708,1.75905,0
18,20,4,10.0,3.10497e-07,-7.15565e-07,9.89399e-06,0.236913,0.134704,1.75876,0
19,20,4,10.0,2.87744e-07,-7.80334e-07,9.06395e-06,0.236885,0.134702,1.75859,0
20,20,4,10.0,3.17021e-07,-8.79838e-07,8.09508e-06,0.23687,0.1347,1.75849,0
21,20,4,10.0,3.46379e-07,-1.02312e-06,6.99333e-06,0.236862,0.1347,1.75844,0
22,20,4,10.0,3.61316e-07,-1.23018e-06,5.74923e-06,0.236857,0.134699,1.75841,0
23,20,4,10.0,3.83795e-07,-1.52694e-06,4.35216e-06,0.236855,0.134699,1.7584,0
0,21,4,10.0,8.60065e-08,-6.31062e-07,1.19495e-05,0.238356,0.134753,1.76884,0
1,21,4,10.0,-3.34455e-07,1.65149e-06,1.18674e-05,0.23756,0.134718,1.76339,0
2,21,4,10.0,-2.19129e-07,9.72012e-07,1.19992e-05,0.237186,0.134705,1.76078,0
3,21,4,10.0,-1.29586e-07,5.20466e-07,1.22242e-05,0.237009,0.1347,1.75953,0
4,21,4,10.0,-5.87037e-08,2.04441e-07,1.2485e-05,0.236926,0.134699,1.75893,0
5,21,4,10.0,-1.68955e-09,-3.39453e-08,1.27386e-05,0.236887,0.134699,1.75864,0
6,21,4,10.0,4.34131e-08,-2.04918e-07,1.29684e-05,0.236869,0.134699,1.75851,0
7,21,4,10.0,7.91197e-08,-3.33388e-07,1.31737e-05,0.23686,0.134699,1.75844,0
8,21,4,10.0,1.05342e-07,-4.2656e-07,1.33455e-05,0.236865,0.1347,1.75846,0
9,21,4,10.0,1.33838e-07,-5.24514e-07,1.34811e-05,0.23693,0.134708,1.75883,0
10,21,4,10.0,1.69728e-07,-6.44047e-07,1.35676e-05,0.236899,0.134704,1.75866,0
11,21,4,10.0,1.7352e-07,-5.5992e-07,1.35778e-05,0.236879,0.134702,1.75854,0
12,21,4,10.0,1.76419e-07,-4.17207e-07,1.35108e-05,0.236867,0.1347,1.75847,0
13,21,4,10.0,1.92208e-07,-3.90073e-07,1.33832e-05,0.23699,0.134708,1.75929,0
14,21,4,10.0,2.44549e-07,-5.44916e-07,1.28785e-05,0.236892,0.134702,1.75864,0
15,21,4,10.0,2.40919e-07,-4.74916e-07,1.24625e-05,0.236873,0.1347,1.75852,0
16,21,4,10.0,2.52781e-07,-4.61169e-07,1.19436e-05,0.236872,0.134701,1.7585,0
17,21,4,10.0,2.47603e-07,-5.00758e-07,1.13136e-05,0.236959,0.134708,1.75905,0
18,21,4,10.0,2.314e-07,-6.74916e-07,1.05588e-05,0.236913,0.134704,1.75876,0
19,21,4,10.0,2.44262e-07,-7.38597e-07,9.65495e-06,0.236885,0.134702,1.75859,0
20,21,4,10.0,2.70732e-07,-8.41471e-07,8.61503e-06,0.23687,0.1347,1.75849,0
21,21,4,10.0,2.69536e-07,-9.89039e-07,7.43303e-06,0.236862,0.1347,1.75844,0
22,21,4,10.0,2.92698e-07,-1.19467e-06,6.1043e-06,0.236857,0.134699,1.75841,0
23,21,4,10.0,3.0628e-07,-1.48679e-06,4.61685e-06,0.236855,0.134699,1.7584,0
0,22,4,10.0,5.6117e-08,-5.99161e-07,1.26745e-05,0.238356,0.134753,1.76884,0
1,22,4,10.0,-2.68061e-07,1.62339e-06,1.25517e-05,0.23756,0.134718,1.76339,0
2,22,4,10.0,-1.83229e-07,9.77256e-07,1.26811e-05,0.237186,0.134705,1.76078,0
3,22,4,10.0,-1.16715e-07,5.49661e-07,1.29128e-05,0.237009,0.1347,1.75953,0
4,22,4,10.0,-8.13603e-08,2.34444e-07,1.31809e-05,0.236926,0.134699,1.75893,0
5,22,4,10.0,-2.75345e-08,1.63819e-08,1.34567e-05,0.236887,0.134699,1.75864,0
6,22,4,10.0,2.45611e-08,-1.4995e-07,1.37209e-05,0.236869,0.134699,1.75851,0
7,22,4,10.0,4.61356e-08,-2.78306e-07,1.39573e-05,0.23686,0.134699,1.75844,0
8,22,4,10.0,6.56385e-08,-3.67229e-07,1.416e-05,0.236865,0.1347,1.75846,0
9,22,4,10.0,8.60034e-08,-4.63294e-07,1.43177e-05,0.23693,0.134708,1.75883,0
10,22,4,10.0,1.10422e-07,-5.80307e-07,1.44078e-05,0.236899,0.134704,1.75866,0
11,22,4,10.0,1.14292e-07,-4.9894e-07,1.44101e-05,0.236879,0.134702,1.75854,0
12,22,4,10.0,1.16956e-07,-3.71323e-07,1.43265e-05,0.236867,0.1347,1.75847,0
13,22,4,10.0,1.30529e-07,-3.43052e-07,1.41764e-05,0.23699,0.134708,1.75929,0
14,22,4,10.0,1.73822e-07,-4.9332e-07,1.35998e-05,0.236892,0.134702,1.75864,0
15,22,4,10.0,1.78661e-07,-4.4349e-07,1.31385e-05,0.236873,0.1347,1.75852,0
16,22,4,10.0,1.70701e-07,-4.2002e-07,1.25659e-05,0.236872,0.134701,1.7585,0
17,22,4,10.0,1.64467e-07,-4.68321e-07,1.18791e-05,0.236959,0.134708,1.75905,0
18,22,4,10.0,1.89114e-07,-6.28416e-07,1.1068e-05,0.236913,0.134704,1.75876,0
19,22,4,10.0,1.78764e-07,-6.90781e-07,1.01057e-05,0.236885,0.134702,1.75859,0
20,22,4,10.0,1.81652e-07,-7.96602e-07,9.00389e-06,0.23687,0.1347,1.75849,0
21,22,4,10.0,1.99798e-07,-9.46073e-07,7.756e-06,0.236862,0.1347,1.75844,0
22,22,4,10.0,2.09861e-07,-1.15513e-06,6.36273e-06,0.236857,0.134699,1.75841,0
23,22,4,10.0,2.23987e-07,-1.43732e-06,4.80687e-06,0.236855,0.134699,1.7584,0
0,23,4,10.0,3.0094e-08,-5.68403e-07,1.31618e-05,0.238356,0.134753,1.76884,0
1,23,4,10.0,-1.90078e-07,1.61538e-06,1.3033e-05,0.23756,0.134718,1.76339,0
2,23,4,10.0,-1.42864e-07,9.9829e-07,1.31606e-05,0.237186,0.134705,1.76078,0
3,23,4,10.0,-1.30614e-07,5.73128e-07,1.33881e-05,0.237009,0.1347,1.75953,0
4,23,4,10.0,-6.40095e-08,2.91998e-07,1.36668e-05,0.236926,0.134699,1.75893,0
5,23,4,10.0,-2.89407e-08,6.89684e-08,1.39648e-05,0.236887,0.134699,1.75864,0
6,23,4,10.0,-2.43314e-08,-9.59926e-08,1.42557e-05,0.236869,0.134699,1.75851,0
7,23,4,10.0,1.26611e-08,-2.13138e-07,1.45204e-05,0.23686,0.134699,1.75844,0
8,23,4,10.0,2.47837e-08,-3.02522e-07,1.47463e-05,0.236865,0.1347,1.75846,0
9,23,4,10.0,3.34519e-08,-3.95432e-07,1.49178e-05,0.23693,0.134708,1.75883,0
10,23,4,10.0,4.75184e-08,-5.05124e-07,1.50097e-05,0.236899,0.134704,1.75866,0
11,23,4,10.0,5.03775e-08,-4.29852e-07,1.5004e-05,0.236879,0.134702,1.75854,0
12,23,4,10.0,5.54611e-08,-3.1549e-07,1.49063e-05,0.236867,0.1347,1.75847,0
13,23,4,10.0,6.60762e-08,-2.89075e-07,1.47372e-05,0.23699,0.134708,1.75929,0
14,23,4,10.0,9.82921e-08,-4.4188e-07,1.41028e-05,0.236892,0.134702,1.75864,0
15,23,4,10.0,9.99428e-08,-3.96138e-07,1.36048e-05,0.236873,0.1347,1.75852,0
16,23,4,10.0,1.01174e-07,-3.86401e-07,1.29886e-05,0.236872,0.134701,1.7585,0
17,23,4,10.0,9.32443e-08,-4.27337e-07,1.22569e-05,0.236959,0.134708,1.75905,0
18,23,4,10.0,1.00621e-07,-5.72619e-07,1.14075e-05,0.236913,0.134704,1.75876,0
19,23,4,10.0,9.47526e-08,-6.3948e-07,1.04005e-05,0.236885,0.134702,1.75859,0
20,23,4,10.0,1.11541e-07,-7.45501e-07,9.2506e-06,0.23687,0.1347,1.75849,0
21,23,4,10.0,1.24537e-07,-8.99255e-07,7.95983e-06,0.236862,0.1347,1.75844,0
22,23,4,10.0,1.30184e-07,-1.1086e-06,6.5188e-06,0.236857,0.134699,1.75841,0
23,23,4,10.0,1.43391e-07,-1.38445e-06,4.91807e-06,0.236855,0.134699,1.7584,0
0,0,5,10.0,4.38857e-09,-7.19914e-07,-9.58612e-06,0.238347,0.134759,1.76869,0
1,0,5,10.0,-1.4538e-08,5.99127e-07,-9.5526e-06,0.237542,0.134727,1.76314,0
2,0,5,10.0,-1.27285e-08,-9.19021e-08,-9.6597e-06,0.23716,0.134714,1.76047,0
3,0,5,10.0,-1.00071e-08,-5.96373e-07,-9.88664e-06,0.236979,0.13471,1.75919,0
4,0,5,10.0,-1.51052e-08,-9.89777e-07,-1.0208e-05,0.236894,0.134708,1.75857,0
5,0,5,10.0,-5.47354e-09,-1.30198e-06,-1.0632e-05,0.236853,0.134708,1.75827,0
6,0,5,10.0,-1.27856e-08,-1.54789e-06,-1.10907e-05,0.236834,0.134708,1.75813,0
7,0,5,10.0,-7.29305e-09,-1.74937e-06,-1.15506e-05,0.236825,0.134708,1.75806,0
8,0,5,10.0,-1.23147e-08,-1.8963e-06,-1.19726e-05,0.23683,0.134709,1.75809,0
9,0,5,10.0,-1.38232e-08,-2.0509e-06,-1.23145e-05,0.236897,0.134718,1.75847,0
10,0,5,10.0,-5.78905e-09,-2.1823e-06,-1.25453e-05,0.236865,0.134714,1.75829,0
11,0,5,10.0,-1.02027e-08,-2.09233e-06,-1.26132e-05,0.236845,0.134711,1.75817,0
12,0,5,10.0,-9.68574e-09,-1.97931e-06,-1.25641e-05,0.236832,0.13471,1.75809,0
13,0,5,10.0,-4.06187e-09,-1.75316e-06,-1.22252e-05,0.236923,0.134717,1.75867,0
14,0,5,10.0,1.04057e-08,-1.88594e-06,-1.19636e-05,0.236877,0.134713,1.75838,0
15,0,5,10.0,1.44705e-08,-1.77197e-06,-1.15525e-05,0.23685,0.134711,1.75821,0
16,0,5,10.0,1.27983e-08,-1.66411e-06,-1.10067e-05,0.236844,0.134711,1.75817,0
17,0,5,10.0,1.55713e-08,-1.60223e-06,-1.03552e-05,0.236964,0.134718,1.75897,0
18,0,5,10.0,2.15089e-08,-1.60639e-06,-9.60602e-06,0.236897,0.134713,1.75853,0
19,0,5,10.0,1.99792e-08,-1.50803e-06,-8.73095e-06,0.236859,0.134711,1.75828,0
20,0,5,10.0,2.08241e-08,-1.44811e-06,-7.75441e-06,0.236839,0.134709,1.75815,0
21,0,5,10.0,2.31812e-08,-1.44122e-06,-6.67849e-06,0.236828,0.134709,1.75808,0
22,0,5,10.0,2.36116e-08,-1.50066e-06,-5.48996e-06,0.236823,0.134708,1.75804,0
23,0,5,10.0,2.8602e-08,-1.64662e-06,-4.17154e-06,0.23682,0.134708,1.75802,0
0,1,5,10.0,9.78382e-09,-5.35199e-07,-9.48252e-06,0.238358,0.13476,1.76876,0
1,1,5,10.0,-6.57011e-08,1.76876e-06,-9.45988e-06,0.237563,0.134729,1.76326,0
2,1,5,10.0,-5.73478e-08,1.17238e-06,-9.55685e-06,0.237188,0.134718,1.76063,0
3,1,5,10.0,-5.48709e-08,7.55141e-07,-9.76056e-06,0.237012,0.134714,1.75938,0
4,1,5,10.0,-6.2134e-08,4.51276e-07,-1.00529e-05,0.236929,0.134713,1.75878,0
5,1,5,10.0,-5.32686e-08,2.25414e-07,-1.04218e-05,0.23689,0.134712,1.75849,0
6,1,5,10.0,-5.85804e-08,4.40541e-08,-1.08347e-05,0.236872,0.134712,1.75835,0
7,1,5,10.0,-5.20174e-08,-9.48301e-08,-1.12446e-05,0.236863,0.134713,1.75829,0
8,1,5,10.0,-5.5806e-08,-2.01253e-07,-1.1619e-05,0.236869,0.134714,1.75831,0
9,1,5,10.0,-5.47352e-08,-3.25442e-07,-1.19262e-05,0.236934,0.134722,1.75869,0
10,1,5,10.0,-4.20932e-08,-4.76458e-07,-1.21344e-05,0.236903,0.134718,1.75851,0
11,1,5,10.0,-4.77612e-08,-4.17967e-07,-1.22002e-05,0.236883,0.134716,1.75839,0
12,1,5,10.0,-4.55019e-08,-3.45864e-07,-1.2155e-05,0.236871,0.134714,1.75832,0
13,1,5,10.0,-3.64091e-08,-2.35905e-07,-1.18231e-05,0.236958,0.134721,1.75888,0
14,1,5,10.0,7.65356e-09,-5.20466e-07,-1.15577e-05,0.236914,0.134718,1.7586,0
15,1,5,10.0,1.29563e-08,-4.71899e-07,-1.11542e-05,0.236888,0.134715,1.75843,0
16,1,5,10.0,1.50325e-08,-4.4899e-07,-1.06319e-05,0.236882,0.134715,1.75839,0
17,1,5,10.0,2.35135e-08,-4.71666e-07,-1.0006e-05,0.236999,0.134722,1.75917,0
18,1,5,10.0,4.86786e-08,-6.64172e-07,-9.28783e-06,0.236933,0.134718,1.75874,0
19,1,5,10.0,5.1439e-08,-6.71763e-07,-8.4478e-06,0.236897,0.134715,1.7585,0
20,1,5,10.0,5.75037e-08,-7.36877e-07,-7.5039e-06,0.236877,0.134714,1.75837,0
21,1,5,10.0,6.78126e-08,-8.71778e-07,-6.45859e-06,0.236867,0.134713,1.7583,0
22,1,5,10.0,7.11009e-08,-1.0949e-06,-5.30256e-06,0.236861,0.134713,1.75827,0
23,1,5,10.0,8.35014e-08,-1.42301e-06,-4.01771e-06,0.236859,0.134713,1.75825,0
0,2,5,10.0,6.9705e-09,-5.56542e-07,-9.34427e-06,0.238358,0.13476,1.76876,0
1,2,5,10.0,-1.04796e-07,1.75337e-06,-9.31955e-06,0.237563,0.13473,1.76326,0
2,2,5,10.0,-8.44348e-08,1.12955e-06,-9.40867e-06,0.237189,0.134718,1.76063,0
3,2,5,10.0,-5.9818e-08,7.07434e-07,-9.59081e-06,0.237013,0.134714,1.75938,0
4,2,5,10.0,-5.62301e-08,3.80348e-07,-9.8525e-06,0.23693,0.134713,1.75878,0
5,2,5,10.0,-4.59598e-08,1.5998e-07,-1.01742e-05,0.236891,0.134712,1.75849,0
6,2,5,10.0,-1.87395e-08,-1.61928e-08,-1.05326e-05,0.236873,0.134712,1.75836,0
7,2,5,10.0,2.18117e-08,-1.43519e-07,-1.08855e-05,0.236864,0.134713,1.75829,0
8,2,5,10.0,2.28568e-08,-2.42543e-07,-1.12125e-05,0.236869,0.134714,1.75831,0
9,2,5,10.0,2.88729e-08,-3.5523e-07,-1.14814e-05,0.236934,0.134722,1.75869,0
10,2,5,10.0,8.37419e-08,-5.06773e-07,-1.16642e-05,0.236903,0.134718,1.75851,0
11,2,5,10.0,6.32173e-08,-4.54832e-07,-1.17269e-05,0.236883,0.134716,1.75839,0
12,2,5,10.0,5.08291e-08,-3.86481e-07,-1.16861e-05,0.236871,0.134714,1.75832,0
13,2,5,10.0,6.31731e-08,-2.79924e-07,-1.13587e-05,0.236959,0.134721,1.75888,0
14,2,5,10.0,1.17766e-07,-5.66581e-07,-1.10872e-05,0.236915,0.134718,1.7586,0
15,2,5,10.0,1.08504e-07,-5.19282e-07,-1.06921e-05,0.236889,0.134715,1.75844,0
16,2,5,10.0,1.1083e-07,-4.92076e-07,-1.0189e-05,0.236882,0.134715,1.75839,0
17,2,5,10.0,1.17856e-07,-5.14564e-07,-9.58748e-06,0.236999,0.134722,1.75917,0
18,2,5,10.0,1.4289e-07,-7.04135e-07,-8.89906e-06,0.236933,0.134718,1.75874,0
19,2,5,10.0,1.38603e-07,-7.15186e-07,-8.0954e-06,0.236897,0.134715,1.7585,0
20,2,5,10.0,1.37119e-07,-7.80471e-07,-7.18944e-06,0.236878,0.134714,1.75837,0
21,2,5,10.0,1.46307e-07,-9.13665e-07,-6.18086e-06,0.236867,0.134713,1.7583,0
22,2,5,10.0,1.56713e-07,-1.13872e-06,-5.06556e-06,0.236862,0.134713,1.75827,0
23,2,5,10.0,1.65669e-07,-1.4581e-06,-3.82771e-06,0.236859,0.134713,1.75825,0
0,3,5,10.0,2.38449e-08,-5.87135e-07,-9.13212e-06,0.238358,0.13476,1.76876,0
1,3,5,10.0,-1.13341e-07,1.76439e-06,-9.12751e-06,0.237563,0.13473,1.76326,0
2,3,5,10.0,-9.06527e-08,1.1186e-06,-9.21842e-06,0.237189,0.134718,1.76063,0
3,3,5,10.0,-8.22828e-08,6.30092e-07,-9.38152e-06,0.237013,0.134714,1.75938,0
4,3,5,10.0,-6.98388e-08,3.07222e-07,-9.61513e-06,0.23693,0.134713,1.75878,0
5,3,5,10.0,-3.46555e-08,5.60966e-08,-9.89461e-06,0.236891,0.134712,1.75849,0
6,3,5,10.0,2.20111e-08,-9.4476e-08,-1.019e-05,0.236873,0.134712,1.75836,0
7,3,5,10.0,2.70796e-08,-2.20215e-07,-1.04861e-05,0.236864,0.134713,1.75829,0
8,3,5,10.0,6.58345e-08,-3.13691e-07,-1.07589e-05,0.236869,0.134714,1.75831,0
9,3,5,10.0,8.01152e-08,-4.17778e-07,-1.09881e-05,0.236934,0.134722,1.75869,0
10,3,5,10.0,1.01001e-07,-5.70059e-07,-1.11429e-05,0.236903,0.134718,1.75851,0
11,3,5,10.0,9.822e-08,-5.25698e-07,-1.12024e-05,0.236883,0.134716,1.75839,0
12,3,5,10.0,9.58285e-08,-4.62592e-07,-1.11683e-05,0.236871,0.134714,1.75832,0
13,3,5,10.0,1.1139e-07,-3.47034e-07,-1.08519e-05,0.236959,0.134721,1.75888,0
14,3,5,10.0,1.71607e-07,-6.28384e-07,-1.0583e-05,0.236915,0.134718,1.7586,0
15,3,5,10.0,1.59726e-07,-5.72929e-07,-1.02039e-05,0.236889,0.134715,1.75844,0
16,3,5,10.0,1.58981e-07,-5.42327e-07,-9.72409e-06,0.236882,0.134715,1.75839,0
17,3,5,10.0,1.66429e-07,-5.56704e-07,-9.1435e-06,0.236999,0.134722,1.75917,0
18,3,5,10.0,2.09118e-07,-7.26438e-07,-8.48197e-06,0.236933,0.134718,1.75874,0
19,3,5,10.0,2.07946e-07,-7.44795e-07,-7.71279e-06,0.236897,0.134715,1.7585,0
20,3,5,10.0,2.20824e-07,-8.08779e-07,-6.84424e-06,0.236878,0.134714,1.75837,0
21,3,5,10.0,2.15325e-07,-9.41635e-07,-5.87882e-06,0.236867,0.134713,1.7583,0
22,3,5,10.0,2.21811e-07,-1.1587e-06,-4.80946e-06,0.236862,0.134713,1.75827,0
23,3,5,10.0,2.38566e-07,-1.4765e-06,-3.62447e-06,0.236859,0.134713,1.75825,0
0,4,5,10.0,5.50672e-09,-6.10569e-07,-8.88978e-06,0.238358,0.13476,1.76876,0
1,4,5,10.0,-1.66496e-07,1.79608e-06,-8.90291e-06,0.237563,0.13473,1.76326,0
2,4,5,10.0,-1.23777e-07,1.09033e-06,-8.99454e-06,0.237189,0.134718,1.76063,0
3,4,5,10.0,-1.17264e-07,5.80499e-07,-9.15614e-06,0.237013,0.134714,1.75938,0
4,4,5,10.0,-9.57882e-08,2.14632e-07,-9.37272e-06,0.23693,0.134713,1.75878,0
5,4,5,10.0,-2.38391e-08,-1.40616e-08,-9.6045e-06,0.236891,0.134712,1.75849,0
6,4,5,10.0,-7.00914e-09,-1.85653e-07,-9.85013e-06,0.236873,0.134712,1.75836,0
7,4,5,10.0,4.23127e-08,-3.01932e-07,-1.00961e-05,0.236864,0.134713,1.75829,0
8,4,5,10.0,7.6088e-08,-3.67517e-07,-1.03139e-05,0.236869,0.134714,1.75831,0
9,4,5,10.0,1.08585e-07,-4.80274e-07,-1.04946e-05,0.236934,0.134722,1.75869,0
10,4,5,10.0,1.51047e-07,-6.4284e-07,-1.06308e-05,0.236903,0.134718,1.75851,0
11,4,5,10.0,1.48994e-07,-6.03063e-07,-1.06823e-05,0.236883,0.134716,1.75839,0
12,4,5,10.0,1.51024e-07,-5.19968e-07,-1.06513e-05,0.236871,0.134714,1.75832,0
13,4,5,10.0,1.356e-07,-4.08201e-07,-1.03576e-05,0.236959,0.134721,1.75888,0
14,4,5,10.0,2.05571e-07,-6.85705e-07,-1.00984e-05,0.236915,0.134718,1.7586,0
15,4,5,10.0,1.8888e-07,-6.13724e-07,-9.73873e-06,0.236889,0.134715,1.75844,0
16,4,5,10.0,2.16537e-07,-5.84172e-07,-9.28089e-06,0.236882,0.134715,1.75839,0
17,4,5,10.0,1.91114e-07,-5.96743e-07,-8.72599e-06,0.236999,0.134722,1.75917,0
18,4,5,10.0,2.40438e-07,-7.48338e-07,-8.0864e-06,0.236933,0.134718,1.75874,0
19,4,5,10.0,2.4594e-07,-7.70491e-07,-7.35009e-06,0.236897,0.134715,1.7585,0
20,4,5,10.0,2.41068e-07,-8.38082e-07,-6.51715e-06,0.236878,0.134714,1.75837,0
21,4,5,10.0,2.54779e-07,-9.70717e-07,-5.59432e-06,0.236867,0.134713,1.7583,0
22,4,5,10.0,2.63504e-07,-1.17977e-06,-4.57307e-06,0.236862,0.134713,1.75827,0
23,4,5,10.0,2.77898e-07,-1.49192e-06,-3.44108e-06,0.236859,0.134713,1.75825,0
0,5,5,10.0,-5.62714e-08,-6.17071e-07,-8.69988e-06,0.238358,0.13476,1.76876,0
1,5,5,10.0,-1.77304e-07,1.81535e-06,-8.62024e-06,0.237563,0.13473,1.76326,0
2,5,5,10.0,-1.56073e-07,1.07831e-06,-8.70613e-06,0.237189,0.134718,1.76063,0
3,5,5,10.0,-1.18903e-07,5.43055e-07,-8.87795e-06,0.237013,0.134714,1.75938,0
4,5,5,10.0,-4.22257e-08,1.46241e-07,-9.08522e-06,0.23693,0.134713,1.75878,0
5,5,5,10.0,-6.56683e-08,-1.08548e-07,-9.30337e-06,0.236891,0.134712,1.75849,0
6,5,5,10.0,-2.46098e-08,-2.71025e-07,-9.51876e-06,0.236873,0.134712,1.75836,0
7,5,5,10.0,7.35853e-08,-3.6542e-07,-9.7131e-06,0.236864,0.134713,1.75829,0
8,5,5,10.0,7.58002e-08,-4.60925e-07,-9.8889e-06,0.236869,0.134714,1.75831,0
9,5,5,10.0,1.25606e-07,-5.56628e-07,-1.00253e-05,0.236934,0.134722,1.75869,0
10,5,5,10.0,1.91358e-07,-7.04676e-07,-1.01225e-05,0.236903,0.134718,1.75851,0
11,5,5,10.0,1.876e-07,-6.5467e-07,-1.01615e-05,0.236883,0.134716,1.75839,0
12,5,5,10.0,1.78478e-07,-5.91878e-07,-1.01293e-05,0.236871,0.134714,1.75832,0
13,5,5,10.0,1.96773e-07,-4.5595e-07,-9.85269e-06,0.236959,0.134721,1.75888,0
14,5,5,10.0,2.45735e-07,-7.24106e-07,-9.60408e-06,0.236915,0.134718,1.7586,0
15,5,5,10.0,2.40671e-07,-6.61968e-07,-9.26325e-06,0.236889,0.134715,1.75844,0
16,5,5,10.0,2.61876e-07,-6.10497e-07,-8.82306e-06,0.236882,0.134715,1.75839,0
17,5,5,10.0,2.48551e-07,-6.34847e-07,-8.29839e-06,0.236999,0.134722,1.75917,0
18,5,5,10.0,2.87631e-07,-7.69852e-07,-7.6911e-06,0.236933,0.134718,1.75874,0
19,5,5,10.0,2.97636e-07,-7.95453e-07,-6.98583e-06,0.236897,0.134715,1.7585,0
20,5,5,10.0,2.91982e-07,-8.64043e-07,-6.19461e-06,0.236878,0.134714,1.75837,0
21,5,5,10.0,3.05344e-07,-9.86699e-07,-5.31269e-06,0.236867,0.134713,1.7583,0
22,5,5,10.0,3.2207e-07,-1.19706e-06,-4.33945e-06,0.236862,0.134713,1.75827,0
23,5,5,10.0,3.33747e-07,-1.50106e-06,-3.26517e-06,0.236859,0.134713,1.75825,0
0,6,5,10.0,5.36165e-08,-6.59163e-07,-8.36411e-06,0.238358,0.13476,1.76876,0
1,6,5,10.0,-2.49485e-07,1.85665e-06,-8.20232e-06,0.237563,0.13473,1.76326,0
2,6,5,10.0,-1.68774e-07,1.11893e-06,-8.29059e-06,0.237189,0.134718,1.76063,0
3,6,5,10.0,-9.02653e-08,5.25335e-07,-8.46798e-06,0.237013,0.134714,1.75938,0
4,6,5,10.0,-7.8517e-08,1.24343e-07,-8.68532e-06,0.23693,0.134713,1.75878,0
5,6,5,10.0,-2.55776e-08,-1.54552e-07,-8.90955e-06,0.236891,0.134712,1.75849,0
6,6,5,10.0,4.74104e-08,-3.21858e-07,-9.10777e-06,0.236873,0.134712,1.75836,0
7,6,5,10.0,6.01696e-08,-4.43401e-07,-9.2717e-06,0.236864,0.134713,1.75829,0
8,6,5,10.0,1.26234e-07,-5.16177e-07,-9.41359e-06,0.236869,0.134714,1.75831,0
9,6,5,10.0,1.45749e-07,-6.11968e-07,-9.51696e-06,0.236934,0.134722,1.75869,0
10,6,5,10.0,1.80689e-07,-7.58141e-07,-9.58428e-06,0.236903,0.134718,1.75851,0
11,6,5,10.0,2.08219e-07,-6.96886e-07,-9.60369e-06,0.236883,0.134716,1.75839,0
12,6,5,10.0,2.27539e-07,-6.22807e-07,-9.56161e-06,0.236871,0.134714,1.75832,0
13,6,5,10.0,2.65862e-07,-4.76964e-07,-9.27431e-06,0.236959,0.134721,1.75888,0
14,6,5,10.0,3.12524e-07,-7.36551e-07,-9.03292e-06,0.236915,0.134718,1.7586,0
15,6,5,10.0,3.28123e-07,-6.68622e-07,-8.70194e-06,0.236889,0.134715,1.75844,0
16,6,5,10.0,3.18515e-07,-6.1996e-07,-8.28457e-06,0.236882,0.134715,1.75839,0
17,6,5,10.0,3.27626e-07,-6.47009e-07,-7.78743e-06,0.236999,0.134722,1.75917,0
18,6,5,10.0,4.00096e-07,-7.59857e-07,-7.20333e-06,0.236933,0.134718,1.75874,0
19,6,5,10.0,3.82507e-07,-7.87563e-07,-6.53621e-06,0.236897,0.134715,1.7585,0
20,6,5,10.0,3.88875e-07,-8.55914e-07,-5.78893e-06,0.236878,0.134714,1.75837,0
21,6,5,10.0,3.85182e-07,-9.81211e-07,-4.95925e-06,0.236867,0.134713,1.7583,0
22,6,5,10.0,3.934e-07,-1.18545e-06,-4.04492e-06,0.236862,0.134713,1.75827,0
23,6,5,10.0,4.10919e-07,-1.48975e-06,-3.03926e-06,0.236859,0.134713,1.75825,0
0,7,5,10.0,6.72882e-08,-6.61271e-07,-7.71364e-06,0.238358,0.13476,1.76876,0
1,7,5,10.0,-3.06754e-07,1.86038e-06,-7.62235e-06,0.237563,0.13473,1.76326,0
2,7,5,10.0,-1.9111e-07,1.12451e-06,-7.71514e-06,0.237189,0.134718,1.76063,0
3,7,5,10.0,-1.21244e-07,5.8899e-07,-7.89472e-06,0.237013,0.134714,1.75938,0
4,7,5,10.0,-8.14723e-08,1.07352e-07,-8.12685e-06,0.23693,0.134713,1.75878,0
5,7,5,10.0,1.92721e-08,-1.62775e-07,-8.33848e-06,0.236891,0.134712,1.75849,0
6,7,5,10.0,6.11555e-08,-3.57413e-07,-8.53217e-06,0.236873,0.134712,1.75836,0
7,7,5,10.0,8.40124e-08,-4.87593e-07,-8.70205e-06,0.236864,0.134713,1.75829,0
8,7,5,10.0,1.46537e-07,-5.55759e-07,-8.82341e-06,0.236869,0.134714,1.75831,0
9,7,5,10.0,1.91379e-07,-6.44085e-07,-8.90964e-06,0.236934,0.134722,1.75869,0
10,7,5,10.0,2.38813e-07,-7.82928e-07,-8.96044e-06,0.236903,0.134718,1.75851,0
11,7,5,10.0,2.60005e-07,-7.21272e-07,-8.96277e-06,0.236883,0.134716,1.75839,0
12,7,5,10.0,2.78527e-07,-6.37066e-07,-8.9063e-06,0.236871,0.134714,1.75832,0
13,7,5,10.0,3.08523e-07,-4.86857e-07,-8.59932e-06,0.236959,0.134721,1.75888,0
14,7,5,10.0,3.71891e-07,-7.38653e-07,-8.35328e-06,0.236915,0.134718,1.7586,0
15,7,5,10.0,3.76091e-07,-6.64883e-07,-8.02763e-06,0.236889,0.134715,1.75844,0
16,7,5,10.0,3.81669e-07,-6.26976e-07,-7.62703e-06,0.236882,0.134715,1.75839,0
17,7,5,10.0,3.9412e-07,-6.48516e-07,-7.15042e-06,0.236999,0.134722,1.75917,0
18,7,5,10.0,4.51665e-07,-7.40007e-07,-6.59015e-06,0.236933,0.134718,1.75874,0
19,7,5,10.0,4.47555e-07,-7.69924e-07,-5.96514e-06,0.236897,0.134715,1.7585,0
20,7,5,10.0,4.41731e-07,-8.39604e-07,-5.27045e-06,0.236878,0.134714,1.75837,0
21,7,5,10.0,4.44767e-07,-9.6689e-07,-4.50574e-06,0.236867,0.134713,1.7583,0
22,7,5,10.0,4.51648e-07,-1.16822e-06,-3.6654e-06,0.236862,0.134713,1.75827,0
23,7,5,10.0,4.6288e-07,-1.46897e-06,-2.74397e-06,0.236859,0.134713,1.75825,0
0,8,5,10.0,7.62223e-08,-6.39169e-07,-6.95672e-06,0.238358,0.13476,1.76876,0
1,8,5,10.0,-3.33604e-07,1.87008e-06,-6.89787e-06,0.237563,0.13473,1.76326,0
2,8,5,10.0,-2.31376e-07,1.12753e-06,-6.9942e-06,0.237189,0.134718,1.76063,0
3,8,5,10.0,-1.26221e-07,5.80021e-07,-7.17222e-06,0.237013,0.134714,1.75938,0
4,8,5,10.0,2.69777e-08,1.24176e-07,-7.3896e-06,0.23693,0.134713,1.75878,0
5,8,5,10.0,-3.53648e-09,-1.66783e-07,-7.60772e-06,0.236891,0.134712,1.75849,0
6,8,5,10.0,6.98239e-08,-3.76567e-07,-7.81238e-06,0.236873,0.134712,1.75836,0
7,8,5,10.0,1.48159e-07,-5.08586e-07,-7.98534e-06,0.236864,0.134713,1.75829,0
8,8,5,10.0,1.67471e-07,-5.83739e-07,-8.11284e-06,0.236869,0.134714,1.75831,0
9,8,5,10.0,1.98192e-07,-6.64886e-07,-8.20125e-06,0.236925,0.134721,1.75863,0
10,8,5,10.0,2.39533e-07,-7.88242e-07,-8.25184e-06,0.236894,0.134717,1.75846,0
11,8,5,10.0,2.67334e-07,-7.15515e-07,-8.25136e-06,0.236876,0.134715,1.75835,0
12,8,5,10.0,2.8783e-07,-6.23882e-07,-8.18934e-06,0.236866,0.134714,1.75829,0
13,8,5,10.0,3.27181e-07,-4.63747e-07,-7.86693e-06,0.236935,0.134718,1.75874,0
14,8,5,10.0,3.94324e-07,-7.07146e-07,-7.60501e-06,0.2369,0.134716,1.75851,0
15,8,5,10.0,4.05905e-07,-6.3519e-07,-7.27864e-06,0.23688,0.134715,1.75838,0
16,8,5,10.0,4.17778e-07,-6.05401e-07,-6.88814e-06,0.236877,0.134715,1.75836,0
17,8,5,10.0,4.38318e-07,-6.24807e-07,-6.42883e-06,0.236999,0.134722,1.75917,0
18,8,5,10.0,4.93697e-07,-7.86158e-07,-5.89952e-06,0.236933,0.134718,1.75874,0
19,8,5,10.0,4.897e-07,-8.15549e-07,-5.32128e-06,0.236897,0.134715,1.7585,0
20,8,5,10.0,4.85738e-07,-8.8425e-07,-4.68906e-06,0.236878,0.134714,1.75837,0
21,8,5,10.0,4.8656e-07,-1.00698e-06,-3.99733e-06,0.236867,0.134713,1.7583,0
22,8,5,10.0,4.9163e-07,-1.20331e-06,-3.24044e-06,0.236862,0.134713,1.75827,0
23,8,5,10.0,5.04069e-07,-1.49854e-06,-2.41454e-06,0.236859,0.134713,1.75825,0
0,9,5,10.0,9.03603e-08,-6.41962e-07,-6.10608e-06,0.238358,0.13476,1.76876,0
1,9,5,10.0,-3.77449e-07,1.86753e-06,-6.08718e-06,0.237563,0.13473,1.76326,0
2,9,5,10.0,-2.52217e-07,1.12219e-06,-6.18565e-06,0.237189,0.134718,1.76063,0
3,9,5,10.0,-1.14062e-07,5.64345e-07,-6.35478e-06,0.237013,0.134714,1.75938,0
4,9,5,10.0,-8.14445e-08,1.51911e-07,-6.56345e-06,0.23693,0.134713,1.75878,0
5,9,5,10.0,3.07374e-09,-1.87827e-07,-6.80258e-06,0.236891,0.134712,1.75849,0
6,9,5,10.0,7.79587e-08,-3.97014e-07,-7.01794e-06,0.236873,0.134712,1.75836,0
7,9,5,10.0,1.2332e-07,-5.2474e-07,-7.19848e-06,0.236864,0.134713,1.75829,0
8,9,5,10.0,1.6967e-07,-5.8351e-07,-7.34351e-06,0.236869,0.134714,1.75831,0
9,9,5,10.0,2.05268e-07,-6.89844e-07,-7.4495e-06,0.236944,0.134723,1.75875,0
10,9,5,10.0,2.54027e-07,-8.61119e-07,-7.51334e-06,0.236913,0.134719,1.75857,0
11,9,5,10.0,2.81459e-07,-8.00255e-07,-7.51792e-06,0.23689,0.134717,1.75844,0
12,9,5,10.0,3.119e-07,-7.11195e-07,-7.4547e-06,0.236876,0.134715,1.75835,0
13,9,5,10.0,3.3593e-07,-6.14963e-07,-7.32315e-06,0.236868,0.134714,1.7583,0
14,9,5,10.0,3.92507e-07,-4.56352e-07,-6.8477e-06,0.23686,0.134713,1.75825,0
15,9,5,10.0,4.14493e-07,-4.19157e-07,-6.5225e-06,0.236858,0.134713,1.75824,0
16,9,5,10.0,4.30422e-07,-4.16275e-07,-6.14038e-06,0.236867,0.134714,1.75829,0
17,9,5,10.0,4.52509e-07,-4.7252e-07,-5.70407e-06,0.236937,0.134722,1.75871,0
18,9,5,10.0,4.95776e-07,-6.96578e-07,-5.21897e-06,0.236905,0.134718,1.75852,0
19,9,5,10.0,4.92036e-07,-7.53038e-07,-4.69544e-06,0.236884,0.134716,1.7584,0
20,9,5,10.0,4.93438e-07,-8.43909e-07,-4.12952e-06,0.236871,0.134714,1.75832,0
21,9,5,10.0,4.98002e-07,-9.82165e-07,-3.51359e-06,0.236865,0.134714,1.75828,0
22,9,5,10.0,5.02791e-07,-1.19131e-06,-2.84294e-06,0.236861,0.134713,1.75826,0
23,9,5,10.0,5.16578e-07,-1.49134e-06,-2.11191e-06,0.236859,0.134713,1.75825,0
0,10,5,10.0,6.19976e-08,-6.52292e-07,-5.24153e-06,0.238358,0.13476,1.76876,0
1,10,5,10.0,-4.13517e-07,1.86398e-06,-5.24284e-06,0.237563,0.13473,1.76326,0
2,10,5,10.0,-2.756e-07,1.11954e-06,-5.34259e-06,0.237189,0.134718,1.76063,0
3,10,5,10.0,-1.68151e-07,5.69162e-07,-5.50865e-06,0.237013,0.134714,1.75938,0
4,10,5,10.0,-7.43619e-08,1.16302e-07,-5.73533e-06,0.23693,0.134713,1.75878,0
5,10,5,10.0,7.04376e-09,-1.90785e-07,-5.98049e-06,0.236891,0.134712,1.75849,0
6,10,5,10.0,6.25044e-08,-4.12676e-07,-6.20885e-06,0.236873,0.134712,1.75836,0
7,10,5,10.0,1.01588e-07,-5.59524e-07,-6.41529e-06,0.236864,0.134713,1.75829,0
8,10,5,10.0,1.60221e-07,-6.27215e-07,-6.57806e-06,0.236869,0.134714,1.75831,0
9,10,5,10.0,2.03304e-07,-7.15787e-07,-6.69584e-06,0.236934,0.134722,1.75869,0
10,10,5,10.0,2.52423e-07,-8.64415e-07,-6.76752e-06,0.236903,0.134718,1.75851,0
11,10,5,10.0,3.061e-07,-7.92805e-07,-6.76785e-06,0.236883,0.134716,1.75839,0
12,10,5,10.0,3.4172e-07,-6.99955e-07,-6.69768e-06,0.236871,0.134714,1.75832,0
13,10,5,10.0,3.65947e-07,-5.9747e-07,-6.56275e-06,0.236864,0.134714,1.75828,0
14,10,5,10.0,4.2744e-07,-4.3241e-07,-6.09682e-06,0.236859,0.134713,1.75825,0
15,10,5,10.0,4.40718e-07,-3.92585e-07,-5.78381e-06,0.236858,0.134713,1.75824,0
16,10,5,10.0,4.5982e-07,-3.97523e-07,-5.42603e-06,0.236866,0.134714,1.75829,0
17,10,5,10.0,4.69059e-07,-4.52677e-07,-5.02315e-06,0.236934,0.134722,1.75869,0
18,10,5,10.0,4.95773e-07,-6.81669e-07,-4.59041e-06,0.236904,0.134718,1.75851,0
19,10,5,10.0,4.99902e-07,-7.40976e-07,-4.12689e-06,0.236883,0.134716,1.75839,0
20,10,5,10.0,5.02238e-07,-8.34013e-07,-3.62893e-06,0.236871,0.134714,1.75832,0
21,10,5,10.0,5.04069e-07,-9.76798e-07,-3.09024e-06,0.236864,0.134714,1.75828,0
22,10,5,10.0,5.15912e-07,-1.18659e-06,-2.50259e-06,0.236861,0.134713,1.75826,0
23,10,5,10.0,5.22377e-07,-1.48595e-06,-1.86311e-06,0.236859,0.134713,1.75825,0
0,11,5,10.0,8.96384e-08,-6.67402e-07,-4.37526e-06,0.238358,0.13476,1.76876,0
1,11,5,10.0,-4.11315e-07,1.86372e-06,-4.37414e-06,0.237563,0.13473,1.76326,0
2,11,5,10.0,-3.08811e-07,1.10912e-06,-4.47536e-06,0.237189,0.134718,1.76063,0
3,11,5,10.0,-1.89353e-07,5.42028e-07,-4.65656e-06,0.237013,0.134714,1.75938,0
4,11,5,10.0,-7.87388e-08,1.35663e-07,-4.88671e-06,0.23693,0.134713,1.75878,0
5,11,5,10.0,-7.71488e-09,-1.88786e-07,-5.14095e-06,0.236891,0.134712,1.75849,0
6,11,5,10.0,3.63132e-08,-4.29305e-07,-5.39421e-06,0.236873,0.134712,1.75836,0
7,11,5,10.0,1.17928e-07,-5.46769e-07,-5.61206e-06,0.236864,0.134713,1.75829,0
8,11,5,10.0,1.60729e-07,-6.22123e-07,-5.78177e-06,0.236869,0.134714,1.75831,0
9,11,5,10.0,2.06202e-07,-7.24453e-07,-5.90234e-06,0.236934,0.134722,1.75869,0
10,11,5,10.0,3.09596e-07,-8.68972e-07,-5.96751e-06,0.236903,0.134718,1.75851,0
11,11,5,10.0,3.22746e-07,-8.00167e-07,-5.95145e-06,0.236883,0.134716,1.75839,0
12,11,5,10.0,3.63892e-07,-7.06813e-07,-5.86793e-06,0.236871,0.134714,1.75832,0
13,11,5,10.0,4.16678e-07,-6.02179e-07,-5.72972e-06,0.236864,0.134714,1.75828,0
14,11,5,10.0,4.4393e-07,-4.32612e-07,-5.30802e-06,0.236859,0.134713,1.75825,0
15,11,5,10.0,4.67159e-07,-3.87641e-07,-5.03211e-06,0.236858,0.134713,1.75824,0
16,11,5,10.0,4.64269e-07,-3.81819e-07,-4.71533e-06,0.236866,0.134714,1.75829,0
17,11,5,10.0,4.67437e-07,-4.49956e-07,-4.3638e-06,0.236934,0.134722,1.75869,0
18,11,5,10.0,5.13918e-07,-6.81337e-07,-3.98993e-06,0.236903,0.134718,1.75851,0
19,11,5,10.0,5.00203e-07,-7.38171e-07,-3.58966e-06,0.236883,0.134716,1.75839,0
20,11,5,10.0,5.0667e-07,-8.33865e-07,-3.16157e-06,0.236871,0.134714,1.75832,0
21,11,5,10.0,5.23251e-07,-9.77641e-07,-2.69884e-06,0.236864,0.134714,1.75828,0
22,11,5,10.0,5.21791e-07,-1.18646e-06,-2.19635e-06,0.236861,0.134713,1.75826,0
23,11,5,10.0,5.33177e-07,-1.48832e-06,-1.64682e-06,0.236859,0.134713,1.75825,0
0,12,5,10.0,3.77516e-08,-6.68011e-07,-3.44954e-06,0.238358,0.13476,1.76876,0
1,12,5,10.0,-4.80221e-07,1.84366e-06,-3.4712e-06,0.237563,0.13473,1.76326,0
2,12,5,10.0,-3.41154e-07,1.06623e-06,-3.5751e-06,0.237189,0.134718,1.76063,0
3,12,5,10.0,-1.97052e-07,5.43682e-07,-3.75262e-06,0.237013,0.134714,1.75938,0
4,12,5,10.0,-6.70352e-08,1.36759e-07,-3.98597e-06,0.23693,0.134713,1.75878,0
5,12,5,10.0,-1.57257e-08,-1.75345e-07,-4.24958e-06,0.236891,0.134712,1.75849,0
6,12,5,10.0,7.24854e-08,-3.95897e-07,-4.50602e-06,0.236873,0.134713,1.75836,0
7,12,5,10.0,1.34889e-07,-5.4489e-07,-4.72e-06,0.236864,0.134713,1.75829,0
8,12,5,10.0,1.8308e-07,-6.17132e-07,-4.88449e-06,0.236869,0.134714,1.75832,0
9,12,5,10.0,2.4623e-07,-7.16341e-07,-4.99806e-06,0.236934,0.134722,1.75869,0
10,12,5,10.0,2.97407e-07,-8.82615e-07,-5.04596e-06,0.236904,0.134718,1.75851,0
11,12,5,10.0,3.31705e-07,-8.0599e-07,-5.0158e-06,0.236884,0.134716,1.7584,0
12,12,5,10.0,3.81722e-07,-7.3046e-07,-4.91228e-06,0.236872,0.134714,1.75833,0
13,12,5,10.0,4.43663e-07,-6.24358e-07,-4.77409e-06,0.236864,0.134714,1.75828,0
14,12,5,10.0,4.55476e-07,-4.35917e-07,-4.45379e-06,0.236867,0.134714,1.7583,0
15,12,5,10.0,4.69089e-07,-3.84996e-07,-4.22488e-06,0.236863,0.134714,1.75828,0
16,12,5,10.0,4.83703e-07,-3.88921e-07,-3.96353e-06,0.23687,0.134714,1.75831,0
17,12,5,10.0,4.8228e-07,-4.46064e-07,-3.67748e-06,0.236934,0.134722,1.75869,0
18,12,5,10.0,4.92918e-07,-6.24555e-07,-3.36654e-06,0.236904,0.134718,1.75851,0
19,12,5,10.0,4.91956e-07,-6.79363e-07,-3.03348e-06,0.236884,0.134716,1.7584,0
20,12,5,10.0,5.14356e-07,-7.79594e-07,-2.67462e-06,0.236872,0.134714,1.75832,0
21,12,5,10.0,5.26743e-07,-9.28345e-07,-2.28841e-06,0.236865,0.134714,1.75828,0
22,12,5,10.0,5.34032e-07,-1.1461e-06,-1.8782e-06,0.236861,0.134713,1.75826,0
23,12,5,10.0,5.42626e-07,-1.43663e-06,-1.42331e-06,0.236859,0.134713,1.75825,0
0,13,5,10.0,-1.41646e-08,-6.78573e-07,-2.61494e-06,0.238358,0.13476,1.76876,0
1,13,5,10.0,-4.84208e-07,1.78636e-06,-2.53635e-06,0.237564,0.13473,1.76326,0
2,13,5,10.0,-3.55962e-07,1.02734e-06,-2.62569e-06,0.23719,0.134718,1.76064,0
3,13,5,10.0,-1.98379e-07,4.89229e-07,-2.77644e-06,0.237015,0.134714,1.75939,0
4,13,5,10.0,-5.1976e-08,9.68839e-08,-2.98889e-06,0.236931,0.134713,1.75879,0
5,13,5,10.0,1.44753e-09,-2.30264e-07,-3.24483e-06,0.236891,0.134713,1.7585,0
6,13,5,10.0,1.08977e-07,-3.66825e-07,-3.49002e-06,0.236874,0.134713,1.75836,0
7,13,5,10.0,1.64848e-07,-5.17732e-07,-3.68506e-06,0.236866,0.134713,1.7583,0
8,13,5,10.0,2.20273e-07,-6.26862e-07,-3.8299e-06,0.236871,0.134714,1.75832,0
9,13,5,10.0,2.67204e-07,-7.48115e-07,-3.92779e-06,0.236959,0.134725,1.75884,0
10,13,5,10.0,3.07573e-07,-9.61718e-07,-3.97771e-06,0.23692,0.13472,1.75861,0
11,13,5,10.0,3.5522e-07,-8.91645e-07,-3.92519e-06,0.236894,0.134717,1.75846,0
12,13,5,10.0,4.22631e-07,-7.99079e-07,-3.81545e-06,0.23688,0.134715,1.75837,0
13,13,5,10.0,4.62864e-07,-6.27061e-07,-3.60429e-06,0.23695,0.13472,1.75884,0
14,13,5,10.0,5.36296e-07,-8.4567e-07,-3.47793e-06,0.236909,0.134717,1.75857,0
15,13,5,10.0,5.07234e-07,-7.29631e-07,-3.30949e-06,0.236886,0.134715,1.75842,0
16,13,5,10.0,5.07719e-07,-6.87458e-07,-3.11154e-06,0.236881,0.134715,1.75839,0
17,13,5,10.0,5.09293e-07,-6.9209e-07,-2.89511e-06,0.237022,0.134725,1.75931,0
18,13,5,10.0,5.41521e-07,-7.39569e-07,-2.65523e-06,0.236949,0.13472,1.75883,0
19,13,5,10.0,5.45401e-07,-7.66813e-07,-2.39128e-06,0.236907,0.134717,1.75856,0
20,13,5,10.0,5.71103e-07,-8.41007e-07,-2.1083e-06,0.236886,0.134715,1.75842,0
21,13,5,10.0,5.59246e-07,-9.67329e-07,-1.8151e-06,0.236871,0.134714,1.75833,0
22,13,5,10.0,5.75781e-07,-1.16951e-06,-1.50657e-06,0.236864,0.134713,1.75828,0
23,13,5,10.0,5.86724e-07,-1.46727e-06,-1.15677e-06,0.236861,0.134713,1.75826,0
0,14,5,10.0,1.26066e-07,-6.25503e-07,-4.36599e-07,0.238358,0.13476,1.76876,0
1,14,5,10.0,-5.21028e-07,1.72116e-06,-3.76522e-07,0.237563,0.13473,1.76326,0
2,14,5,10.0,-3.35509e-07,1.03322e-06,-4.45541e-07,0.237189,0.134718,1.76063,0
3,14,5,10.0,-1.99473e-07,5.37802e-07,-5.81864e-07,0.237013,0.134714,1.75938,0
4,14,5,10.0,-6.62753e-08,1.65952e-07,-7.56103e-07,0.23693,0.134713,1.75878,0
5,14,5,10.0,3.47032e-08,-1.10088e-07,-9.30602e-07,0.236891,0.134712,1.75849,0
6,14,5,10.0,1.2076e-07,-3.06023e-07,-1.09986e-06,0.236873,0.134712,1.75836,0
7,14,5,10.0,2.371e-07,-4.54336e-07,-1.23468e-06,0.236864,0.134713,1.75829,0
8,14,5,10.0,2.12681e-07,-5.56324e-07,-1.32998e-06,0.236869,0.134714,1.75831,0
9,14,5,10.0,2.64009e-07,-6.635e-07,-1.40183e-06,0.236934,0.134722,1.75869,0
10,14,5,10.0,3.97121e-07,-8.06313e-07,-1.43604e-06,0.236903,0.134718,1.75851,0
11,14,5,10.0,3.76072e-07,-7.38542e-07,-1.42619e-06,0.236883,0.134716,1.75839,0
12,14,5,10.0,3.84157e-07,-6.18546e-07,-1.39792e-06,0.236871,0.134714,1.75832,0
13,14,5,10.0,3.81244e-07,-5.70916e-07,-1.35633e-06,0.236994,0.134721,1.75914,0
14,14,5,10.0,4.71591e-07,-6.65546e-07,-1.26995e-06,0.236896,0.134715,1.75849,0
15,14,5,10.0,4.91383e-07,-5.93223e-07,-1.20815e-06,0.236877,0.134714,1.75837,0
16,14,5,10.0,4.81763e-07,-5.58402e-07,-1.1465e-06,0.236876,0.134714,1.75836,0
17,14,5,10.0,4.84255e-07,-5.83227e-07,-1.08044e-06,0.236964,0.134722,1.75891,0
18,14,5,10.0,5.47661e-07,-7.29664e-07,-1.00094e-06,0.236917,0.134718,1.75862,0
19,14,5,10.0,5.41408e-07,-7.66423e-07,-9.19928e-07,0.23689,0.134716,1.75844,0
20,14,5,10.0,5.41437e-07,-8.54014e-07,-8.37993e-07,0.236874,0.134714,1.75834,0
21,14,5,10.0,5.53949e-07,-9.93847e-07,-7.52846e-07,0.236866,0.134714,1.75829,0
22,14,5,10.0,5.74021e-07,-1.19584e-06,-6.56708e-07,0.236861,0.134713,1.75826,0
23,14,5,10.0,5.9728e-07,-1.48329e-06,-5.3612e-07,0.236859,0.134713,1.75825,0
0,15,5,10.0,1.33205e-07,-6.16641e-07,7.64592e-07,0.238358,0.13476,1.76876,0
1,15,5,10.0,-5.30393e-07,1.73001e-06,8.09058e-07,0.237563,0.134729,1.76326,0
2,15,5,10.0,-3.40622e-07,1.03173e-06,7.42274e-07,0.237189,0.134718,1.76063,0
3,15,5,10.0,-1.90593e-07,5.3756e-07,6.19197e-07,0.237012,0.134714,1.75938,0
4,15,5,10.0,-7.17508e-08,1.73781e-07,4.72606e-07,0.23693,0.134713,1.75878,0
5,15,5,10.0,3.90893e-08,-1.00194e-07,3.24447e-07,0.23689,0.134712,1.75849,0
6,15,5,10.0,1.3965e-07,-3.08376e-07,1.89713e-07,0.236872,0.134712,1.75835,0
7,15,5,10.0,2.08732e-07,-4.56486e-07,8.15319e-08,0.236864,0.134713,1.75829,0
8,15,5,10.0,2.50777e-07,-5.52779e-07,-1.30275e-08,0.236869,0.134714,1.75831,0
9,15,5,10.0,2.96256e-07,-6.48388e-07,-8.40611e-08,0.236934,0.134722,1.75869,0
10,15,5,10.0,3.59284e-07,-7.75369e-07,-1.25782e-07,0.236903,0.134718,1.75851,0
11,15,5,10.0,3.70014e-07,-7.08606e-07,-1.46294e-07,0.236883,0.134716,1.75839,0
12,15,5,10.0,3.68012e-07,-5.77075e-07,-1.49067e-07,0.23687,0.134714,1.75832,0
13,15,5,10.0,3.80481e-07,-5.29282e-07,-1.46507e-07,0.236994,0.134721,1.75914,0
14,15,5,10.0,4.76064e-07,-6.50289e-07,-1.36807e-07,0.236896,0.134715,1.75849,0
15,15,5,10.0,4.80317e-07,-5.75344e-07,-1.2341e-07,0.236877,0.134714,1.75837,0
16,15,5,10.0,4.86859e-07,-5.50325e-07,-1.17261e-07,0.236876,0.134714,1.75836,0
17,15,5,10.0,5.03101e-07,-5.69367e-07,-1.14724e-07,0.236964,0.134722,1.75891,0
18,15,5,10.0,5.33566e-07,-7.15004e-07,-1.10485e-07,0.236917,0.134718,1.75862,0
19,15,5,10.0,5.3433e-07,-7.57877e-07,-1.20107e-07,0.236889,0.134715,1.75844,0
20,15,5,10.0,5.34964e-07,-8.51112e-07,-1.39334e-07,0.236874,0.134714,1.75834,0
21,15,5,10.0,5.44284e-07,-9.95562e-07,-1.62531e-07,0.236865,0.134713,1.75829,0
22,15,5,10.0,5.65025e-07,-1.20004e-06,-1.81834e-07,0.236861,0.134713,1.75826,0
23,15,5,10.0,5.92601e-07,-1.49015e-06,-1.85898e-07,0.236858,0.134713,1.75825,0
0,16,5,10.0,1.2466e-07,-6.18425e-07,1.96556e-06,0.238357,0.13476,1.76875,0
1,16,5,10.0,-5.35921e-07,1.72751e-06,2.00474e-06,0.237562,0.134729,1.76325,0
2,16,5,10.0,-3.49243e-07,1.03669e-06,1.94529e-06,0.237187,0.134718,1.76063,0
3,16,5,10.0,-1.9021e-07,5.38412e-07,1.83804e-06,0.237011,0.134714,1.75937,0
4,16,5,10.0,-7.03854e-08,1.75085e-07,1.70421e-06,0.236928,0.134712,1.75877,0
5,16,5,10.0,2.0579e-08,-9.25439e-08,1.56867e-06,0.236889,0.134712,1.75848,0
6,16,5,10.0,1.05928e-07,-2.83031e-07,1.45059e-06,0.23687,0.134712,1.75835,0
7,16,5,10.0,1.79013e-07,-4.14184e-07,1.35433e-06,0.236862,0.134712,1.75828,0
8,16,5,10.0,1.96191e-07,-5.04411e-07,1.26246e-06,0.236867,0.134713,1.7583,0
9,16,5,10.0,2.50468e-07,-5.96826e-07,1.18346e-06,0.236908,0.134719,1.75854,0
10,16,5,10.0,3.08141e-07,-6.91152e-07,1.11701e-06,0.236887,0.134716,1.75841,0
11,16,5,10.0,3.15379e-07,-6.20487e-07,1.07281e-06,0.236873,0.134714,1.75833,0
12,16,5,10.0,3.15936e-07,-4.86821e-07,1.04568e-06,0.236864,0.134713,1.75828,0
13,16,5,10.0,3.39603e-07,-4.43355e-07,1.02507e-06,0.23698,0.13472,1.75906,0
14,16,5,10.0,4.37281e-07,-5.45351e-07,9.70784e-07,0.236893,0.134715,1.75848,0
15,16,5,10.0,4.39187e-07,-4.89608e-07,9.44047e-07,0.236876,0.134714,1.75836,0
16,16,5,10.0,4.54797e-07,-4.78481e-07,9.09664e-07,0.236875,0.134714,1.75835,0
17,16,5,10.0,4.73527e-07,-5.07057e-07,8.59512e-07,0.236954,0.134721,1.75886,0
18,16,5,10.0,5.01617e-07,-7.20928e-07,7.90394e-07,0.236908,0.134717,1.75856,0
19,16,5,10.0,5.07304e-07,-7.72711e-07,6.97273e-07,0.236883,0.134715,1.7584,0
20,16,5,10.0,5.11952e-07,-8.72211e-07,5.7807e-07,0.236869,0.134714,1.75832,0
21,16,5,10.0,5.24571e-07,-1.02089e-06,4.46356e-07,0.236862,0.134713,1.75827,0
22,16,5,10.0,5.47054e-07,-1.22911e-06,3.09069e-07,0.236858,0.134713,1.75825,0
23,16,5,10.0,5.74964e-07,-1.52518e-06,1.77651e-07,0.236856,0.134713,1.75823,0
0,17,5,10.0,1.39902e-07,-6.5372e-07,3.16901e-06,0.238358,0.13476,1.76876,0
1,17,5,10.0,-5.0737e-07,1.72105e-06,3.18494e-06,0.237564,0.13473,1.76326,0
2,17,5,10.0,-3.22669e-07,9.99773e-07,3.13352e-06,0.23719,0.134718,1.76064,0
3,17,5,10.0,-1.91027e-07,4.9985e-07,3.03408e-06,0.237014,0.134714,1.75938,0
4,17,5,10.0,-5.86088e-08,1.3598e-07,2.91596e-06,0.236931,0.134713,1.75879,0
5,17,5,10.0,6.05535e-08,-1.37348e-07,2.78785e-06,0.236892,0.134713,1.7585,0
6,17,5,10.0,1.32944e-07,-3.50735e-07,2.66698e-06,0.236874,0.134713,1.75836,0
7,17,5,10.0,1.19554e-07,-4.81839e-07,2.55508e-06,0.236866,0.134713,1.7583,0
8,17,5,10.0,1.8082e-07,-5.76826e-07,2.45519e-06,0.236871,0.134714,1.75832,0
9,17,5,10.0,2.06585e-07,-6.77441e-07,2.3619e-06,0.23696,0.134725,1.75885,0
10,17,5,10.0,2.67865e-07,-8.53472e-07,2.28006e-06,0.23692,0.13472,1.75861,0
11,17,5,10.0,3.0553e-07,-7.79264e-07,2.22517e-06,0.236894,0.134717,1.75846,0
12,17,5,10.0,3.3364e-07,-6.49548e-07,2.1856e-06,0.236877,0.134715,1.75836,0
13,17,5,10.0,3.16603e-07,-5.78685e-07,2.14377e-06,0.237008,0.134723,1.75923,0
14,17,5,10.0,4.17629e-07,-7.39355e-07,2.04289e-06,0.236899,0.134716,1.75851,0
15,17,5,10.0,4.40924e-07,-6.61713e-07,1.98657e-06,0.236879,0.134714,1.75838,0
16,17,5,10.0,4.27838e-07,-6.00282e-07,1.90926e-06,0.236877,0.134715,1.75836,0
17,17,5,10.0,4.38295e-07,-6.28205e-07,1.80743e-06,0.236973,0.134723,1.75897,0
18,17,5,10.0,4.83286e-07,-7.20275e-07,1.67404e-06,0.236926,0.134719,1.75867,0
19,17,5,10.0,4.78466e-07,-7.67326e-07,1.50296e-06,0.236897,0.134716,1.75848,0
20,17,5,10.0,4.92883e-07,-8.63221e-07,1.28565e-06,0.236879,0.134715,1.75837,0
21,17,5,10.0,4.87014e-07,-1.00782e-06,1.04284e-06,0.236869,0.134714,1.75831,0
22,17,5,10.0,5.11867e-07,-1.21494e-06,7.89932e-07,0.236864,0.134714,1.75828,0
23,17,5,10.0,5.46494e-07,-1.50786e-06,5.3367e-07,0.236861,0.134713,1.75826,0
0,18,5,10.0,1.12212e-07,-6.59597e-07,4.36283e-06,0.238358,0.13476,1.76876,0
1,18,5,10.0,-4.96854e-07,1.76437e-06,4.33635e-06,0.237563,0.13473,1.76326,0
2,18,5,10.0,-3.1545e-07,1.00033e-06,4.28761e-06,0.237189,0.134718,1.76063,0
3,18,5,10.0,-1.65054e-07,4.80422e-07,4.21301e-06,0.237013,0.134714,1.75938,0
4,18,5,10.0,-2.84189e-08,1.14619e-07,4.11488e-06,0.23693,0.134713,1.75878,0
5,18,5,10.0,6.67394e-08,-1.31562e-07,4.00683e-06,0.236891,0.134712,1.75849,0
6,18,5,10.0,1.09569e-07,-3.18041e-07,3.88325e-06,0.236873,0.134713,1.75836,0
7,18,5,10.0,1.71686e-07,-4.62093e-07,3.75519e-06,0.236864,0.134713,1.75829,0
8,18,5,10.0,1.6241e-07,-5.31933e-07,3.64175e-06,0.236869,0.134714,1.75831,0
9,18,5,10.0,2.21636e-07,-6.43327e-07,3.54234e-06,0.236935,0.134722,1.75869,0
10,18,5,10.0,2.85386e-07,-7.86308e-07,3.45018e-06,0.236904,0.134718,1.75851,0
11,18,5,10.0,2.9365e-07,-7.08541e-07,3.39344e-06,0.236883,0.134716,1.7584,0
12,18,5,10.0,2.96475e-07,-5.48425e-07,3.34841e-06,0.236871,0.134714,1.75832,0
13,18,5,10.0,3.17582e-07,-5.15926e-07,3.28696e-06,0.236994,0.134721,1.75914,0
14,18,5,10.0,3.96688e-07,-6.67987e-07,3.13218e-06,0.236896,0.134715,1.7585,0
15,18,5,10.0,3.87346e-07,-5.82018e-07,3.04112e-06,0.236877,0.134714,1.75837,0
16,18,5,10.0,3.97923e-07,-5.69856e-07,2.91242e-06,0.236876,0.134714,1.75836,0
17,18,5,10.0,4.11769e-07,-5.96034e-07,2.74933e-06,0.236964,0.134722,1.75891,0
18,18,5,10.0,4.34223e-07,-7.50923e-07,2.53736e-06,0.236917,0.134718,1.75862,0
19,18,5,10.0,3.81824e-07,-8.00625e-07,2.26897e-06,0.23689,0.134716,1.75844,0
20,18,5,10.0,4.17639e-07,-8.95497e-07,1.95953e-06,0.236874,0.134714,1.75835,0
21,18,5,10.0,4.5706e-07,-1.0444e-06,1.61304e-06,0.236866,0.134714,1.75829,0
22,18,5,10.0,4.75071e-07,-1.24903e-06,1.24629e-06,0.236861,0.134713,1.75826,0
23,18,5,10.0,5.0395e-07,-1.55123e-06,8.69575e-07,0.236859,0.134713,1.75825,0
0,19,5,10.0,2.07882e-08,-6.83126e-07,5.40544e-06,0.238358,0.13476,1.76876,0
1,19,5,10.0,-4.47135e-07,1.71271e-06,5.44598e-06,0.237563,0.13473,1.76326,0
2,19,5,10.0,-2.945e-07,9.73944e-07,5.42406e-06,0.237189,0.134718,1.76063,0
3,19,5,10.0,-1.53854e-07,4.87281e-07,5.38546e-06,0.237013,0.134714,1.75938,0
4,19,5,10.0,-6.50784e-09,1.22132e-07,5.3263e-06,0.23693,0.134713,1.75878,0
5,19,5,10.0,6.29506e-08,-1.33717e-07,5.23767e-06,0.236891,0.134712,1.75849,0
6,19,5,10.0,1.18395e-07,-3.03861e-07,5.12589e-06,0.236873,0.134712,1.75836,0
7,19,5,10.0,1.4987e-07,-4.22955e-07,5.00942e-06,0.236864,0.134713,1.75829,0
8,19,5,10.0,1.89383e-07,-5.17379e-07,4.89387e-06,0.236869,0.134714,1.75831,0
9,19,5,10.0,2.08684e-07,-6.1985e-07,4.79216e-06,0.236934,0.134722,1.75869,0
10,19,5,10.0,3.06805e-07,-7.43541e-07,4.70768e-06,0.236903,0.134718,1.75851,0
11,19,5,10.0,2.97823e-07,-6.67755e-07,4.64153e-06,0.236883,0.134716,1.75839,0
12,19,5,10.0,2.85174e-07,-5.14521e-07,4.57955e-06,0.236871,0.134714,1.75832,0
13,19,5,10.0,2.85772e-07,-4.77948e-07,4.4994e-06,0.236994,0.134721,1.75914,0
14,19,5,10.0,3.95637e-07,-6.35717e-07,4.28314e-06,0.236896,0.134715,1.75849,0
15,19,5,10.0,3.51228e-07,-5.76088e-07,4.1381e-06,0.236877,0.134714,1.75837,0
16,19,5,10.0,3.94669e-07,-5.4371e-07,3.95239e-06,0.236876,0.134714,1.75836,0
17,19,5,10.0,3.56772e-07,-5.83019e-07,3.71608e-06,0.236964,0.134722,1.75891,0
18,19,5,10.0,3.67586e-07,-7.6437e-07,3.41095e-06,0.236917,0.134718,1.75862,0
19,19,5,10.0,3.84359e-07,-8.16765e-07,3.04501e-06,0.23689,0.134716,1.75844,0
20,19,5,10.0,3.87077e-07,-9.14989e-07,2.63525e-06,0.236874,0.134714,1.75834,0
21,19,5,10.0,4.08074e-07,-1.05282e-06,2.18984e-06,0.236866,0.134713,1.75829,0
22,19,5,10.0,4.30991e-07,-1.26191e-06,1.7115e-06,0.236861,0.134713,1.75826,0
23,19,5,10.0,4.57161e-07,-1.56301e-06,1.21368e-06,0.236859,0.134713,1.75825,0
0,20,5,10.0,1.41744e-07,-6.71616e-07,6.43833e-06,0.238358,0.13476,1.76876,0
1,20,5,10.0,-4.13776e-07,1.68941e-06,6.51415e-06,0.237563,0.13473,1.76326,0
2,20,5,10.0,-2.4932e-07,9.68565e-07,6.52432e-06,0.237189,0.134718,1.76063,0
3,20,5,10.0,-1.12261e-07,4.93218e-07,6.52471e-06,0.237013,0.134714,1.75938,0
4,20,5,10.0,-2.1226e-08,1.41154e-07,6.50719e-06,0.23693,0.134713,1.75878,0
5,20,5,10.0,6.78087e-08,-8.15e-08,6.45454e-06,0.236891,0.134712,1.75849,0
6,20,5,10.0,1.37547e-07,-2.56746e-07,6.37264e-06,0.236873,0.134712,1.75836,0
7,20,5,10.0,1.5009e-07,-3.78287e-07,6.27936e-06,0.236864,0.134713,1.75829,0
8,20,5,10.0,1.80664e-07,-4.69943e-07,6.18802e-06,0.236869,0.134714,1.75831,0
9,20,5,10.0,2.2206e-07,-5.74598e-07,6.10402e-06,0.236934,0.134722,1.75869,0
10,20,5,10.0,2.51782e-07,-6.98811e-07,6.03237e-06,0.236903,0.134718,1.75851,0
11,20,5,10.0,2.75234e-07,-6.14919e-07,5.96203e-06,0.236883,0.134716,1.75839,0
12,20,5,10.0,2.77307e-07,-4.64223e-07,5.88085e-06,0.236871,0.134714,1.75832,0
13,20,5,10.0,2.8369e-07,-4.35976e-07,5.77769e-06,0.236994,0.134721,1.75914,0
14,20,5,10.0,3.35217e-07,-5.95477e-07,5.48645e-06,0.236896,0.134715,1.75849,0
15,20,5,10.0,3.45302e-07,-5.43353e-07,5.27775e-06,0.236877,0.134714,1.75837,0
16,20,5,10.0,3.25288e-07,-4.93099e-07,5.02257e-06,0.236876,0.134714,1.75836,0
17,20,5,10.0,3.05926e-07,-5.6053e-07,4.70102e-06,0.236964,0.134722,1.75891,0
18,20,5,10.0,3.51473e-07,-7.53252e-07,4.31135e-06,0.236917,0.134718,1.75862,0
19,20,5,10.0,3.52056e-07,-8.02137e-07,3.86034e-06,0.23689,0.134716,1.75844,0
20,20,5,10.0,3.71666e-07,-8.97503e-07,3.34868e-06,0.236874,0.134714,1.75834,0
21,20,5,10.0,3.67535e-07,-1.0411e-06,2.7932e-06,0.236866,0.134713,1.75829,0
22,20,5,10.0,3.91093e-07,-1.24728e-06,2.20444e-06,0.236861,0.134713,1.75826,0
23,20,5,10.0,4.19943e-07,-1.54577e-06,1.58696e-06,0.236859,0.134713,1.75825,0
0,21,5,10.0,1.143e-07,-6.45292e-07,7.4985e-06,0.238358,0.13476,1.76876,0
1,21,5,10.0,-3.5823e-07,1.66418e-06,7.49254e-06,0.237563,0.13473,1.76326,0
2,21,5,10.0,-2.13628e-07,9.68033e-07,7.51969e-06,0.237189,0.134718,1.76063,0
3,21,5,10.0,-1.06059e-07,5.08419e-07,7.55491e-06,0.237013,0.134714,1.75938,0
4,21,5,10.0,-1.88635e-08,1.83999e-07,7.57204e-06,0.23693,0.134713,1.75878,0
5,21,5,10.0,4.81752e-08,-4.0939e-08,7.56248e-06,0.236891,0.134712,1.75849,0
6,21,5,10.0,1.01216e-07,-2.04536e-07,7.52821e-06,0.236873,0.134712,1.75836,0
7,21,5,10.0,1.3836e-07,-3.27172e-07,7.47356e-06,0.236864,0.134713,1.75829,0
8,21,5,10.0,1.61363e-07,-4.21413e-07,7.41698e-06,0.236869,0.134714,1.75831,0
9,21,5,10.0,1.90927e-07,-5.23061e-07,7.36167e-06,0.236934,0.134722,1.75869,0
10,21,5,10.0,2.31122e-07,-6.42302e-07,7.30087e-06,0.236903,0.134718,1.75851,0
11,21,5,10.0,2.36286e-07,-5.60423e-07,7.22997e-06,0.236883,0.134716,1.75839,0
12,21,5,10.0,2.24595e-07,-4.15494e-07,7.13333e-06,0.236871,0.134714,1.75832,0
13,21,5,10.0,2.38824e-07,-3.96417e-07,7.00834e-06,0.236994,0.134721,1.75914,0
14,21,5,10.0,2.95984e-07,-5.59236e-07,6.63596e-06,0.236896,0.134715,1.75849,0
15,21,5,10.0,2.89729e-07,-4.98257e-07,6.37306e-06,0.236877,0.134714,1.75837,0
16,21,5,10.0,2.74736e-07,-4.79544e-07,6.04338e-06,0.236876,0.134714,1.75836,0
17,21,5,10.0,2.70683e-07,-5.28404e-07,5.64732e-06,0.236964,0.134722,1.75891,0
18,21,5,10.0,3.16142e-07,-7.10071e-07,5.18616e-06,0.236917,0.134718,1.75862,0
19,21,5,10.0,2.63311e-07,-7.69599e-07,4.64411e-06,0.23689,0.134716,1.75844,0
20,21,5,10.0,2.86203e-07,-8.66756e-07,4.04302e-06,0.236874,0.134714,1.75834,0
21,21,5,10.0,3.17653e-07,-1.00522e-06,3.39111e-06,0.236866,0.134713,1.75829,0
22,21,5,10.0,3.27081e-07,-1.21534e-06,2.69758e-06,0.236861,0.134713,1.75826,0
23,21,5,10.0,3.54852e-07,-1.50828e-06,1.96645e-06,0.236859,0.134713,1.75825,0
0,22,5,10.0,8.9638e-08,-6.14731e-07,8.336e-06,0.238358,0.13476,1.76876,0
1,22,5,10.0,-2.77843e-07,1.63819e-06,8.30031e-06,0.237563,0.13473,1.76326,0
2,22,5,10.0,-1.69755e-07,9.74459e-07,8.33509e-06,0.237189,0.134718,1.76063,0
3,22,5,10.0,-8.98956e-08,5.32673e-07,8.38745e-06,0.237013,0.134714,1.75938,0
4,22,5,10.0,-1.10195e-08,2.25315e-07,8.43605e-06,0.23693,0.134713,1.75878,0
5,22,5,10.0,3.4933e-08,1.10161e-08,8.4654e-06,0.236891,0.134712,1.75849,0
6,22,5,10.0,6.74215e-08,-1.54544e-07,8.47371e-06,0.236873,0.134712,1.75836,0
7,22,5,10.0,1.1049e-07,-2.76683e-07,8.46684e-06,0.236864,0.134713,1.75829,0
8,22,5,10.0,1.3138e-07,-3.6989e-07,8.44866e-06,0.236869,0.134714,1.75831,0
9,22,5,10.0,1.52641e-07,-4.72712e-07,8.42052e-06,0.236934,0.134722,1.75869,0
10,22,5,10.0,1.82044e-07,-5.86065e-07,8.37242e-06,0.236903,0.134718,1.75851,0
11,22,5,10.0,1.82399e-07,-5.04834e-07,8.29892e-06,0.236883,0.134716,1.75839,0
12,22,5,10.0,1.74722e-07,-3.73966e-07,8.18933e-06,0.236871,0.134714,1.75832,0
13,22,5,10.0,1.86095e-07,-3.51488e-07,8.04872e-06,0.236994,0.134721,1.75914,0
14,22,5,10.0,2.32079e-07,-5.14695e-07,7.61493e-06,0.236896,0.134715,1.75849,0
15,22,5,10.0,2.20815e-07,-4.61919e-07,7.30141e-06,0.236877,0.134714,1.75837,0
16,22,5,10.0,2.20166e-07,-4.508e-07,6.91772e-06,0.236876,0.134714,1.75836,0
17,22,5,10.0,2.15711e-07,-4.94906e-07,6.46364e-06,0.236964,0.134722,1.75891,0
18,22,5,10.0,2.17931e-07,-6.68077e-07,5.93957e-06,0.236917,0.134718,1.75862,0
19,22,5,10.0,2.29701e-07,-7.24618e-07,5.32458e-06,0.23689,0.134716,1.75844,0
20,22,5,10.0,2.42342e-07,-8.20867e-07,4.64991e-06,0.236874,0.134714,1.75834,0
21,22,5,10.0,2.45186e-07,-9.6798e-07,3.91864e-06,0.236866,0.134713,1.75829,0
22,22,5,10.0,2.58936e-07,-1.1739e-06,3.13338e-06,0.236861,0.134713,1.75826,0
23,22,5,10.0,2.76416e-07,-1.46288e-06,2.30243e-06,0.236859,0.134713,1.75825,0
0,23,5,10.0,5.98491e-08,-5.83252e-07,8.94013e-06,0.238358,0.13476,1.76876,0
1,23,5,10.0,-1.89943e-07,1.63118e-06,8.8896e-06,0.237563,0.13473,1.76326,0
2,23,5,10.0,-1.18245e-07,9.92718e-07,8.92335e-06,0.237189,0.134718,1.76063,0
3,23,5,10.0,-3.73905e-08,5.70748e-07,8.98444e-06,0.237013,0.134714,1.75938,0
4,23,5,10.0,-2.01184e-08,2.75137e-07,9.05151e-06,0.23693,0.134713,1.75878,0
5,23,5,10.0,1.32816e-08,6.51648e-08,9.10518e-06,0.236891,0.134712,1.75849,0
6,23,5,10.0,6.71725e-08,-1.01195e-07,9.15047e-06,0.236873,0.134712,1.75836,0
7,23,5,10.0,8.37075e-08,-2.17046e-07,9.18308e-06,0.236864,0.134713,1.75829,0
8,23,5,10.0,1.00577e-07,-3.09418e-07,9.19682e-06,0.236869,0.134714,1.75831,0
9,23,5,10.0,1.18474e-07,-4.08898e-07,9.19006e-06,0.236934,0.134722,1.75869,0
10,23,5,10.0,1.38242e-07,-5.18418e-07,9.15346e-06,0.236903,0.134718,1.75851,0
11,23,5,10.0,1.35039e-07,-4.40113e-07,9.07976e-06,0.236883,0.134716,1.75839,0
12,23,5,10.0,1.27431e-07,-3.20856e-07,8.96416e-06,0.236871,0.134714,1.75832,0
13,23,5,10.0,1.35053e-07,-2.9931e-07,8.81284e-06,0.236994,0.134721,1.75914,0
14,23,5,10.0,1.68096e-07,-4.63757e-07,8.33672e-06,0.236896,0.134715,1.75849,0
15,23,5,10.0,1.61314e-07,-4.19039e-07,7.98868e-06,0.236877,0.134714,1.75837,0
16,23,5,10.0,1.5356e-07,-4.10153e-07,7.56579e-06,0.236876,0.134714,1.75836,0
17,23,5,10.0,1.49652e-07,-4.51604e-07,7.07077e-06,0.236964,0.134722,1.75891,0
18,23,5,10.0,1.60637e-07,-6.14016e-07,6.50297e-06,0.236917,0.134718,1.75862,0
19,23,5,10.0,1.7013e-07,-6.69417e-07,5.84738e-06,0.23689,0.134716,1.75844,0
20,23,5,10.0,1.70869e-07,-7.72016e-07,5.11826e-06,0.236874,0.134714,1.75834,0
21,23,5,10.0,1.759e-07,-9.23068e-07,4.32123e-06,0.236866,0.134713,1.75829,0
22,23,5,10.0,1.87859e-07,-1.13131e-06,3.46717e-06,0.236861,0.134713,1.75826,0
23,23,5,10.0,1.9491e-07,-1.41375e-06,2.55666e-06,0.236859,0.134713,1.75825,0
0,0,6,10.0,-5.77937e-09,-6.79159e-07,-1.37802e-05,0.238345,0.134746,1.76885,0
1,0,6,10.0,-4.06918e-08,5.53785e-07,-1.36556e-05,0.237538,0.134707,1.76336,0
2,0,6,10.0,-4.60659e-08,-1.25694e-07,-1.38591e-05,0.237155,0.134692,1.76072,0
3,0,6,10.0,-5.00346e-08,-5.93292e-07,-1.42672e-05,0.236974,0.134686,1.75945,0
4,0,6,10.0,-5.95088e-08,-9.60901e-07,-1.48341e-05,0.236888,0.134684,1.75884,0
5,0,6,10.0,-5.55682e-08,-1.21149e-06,-1.55234e-05,0.236847,0.134684,1.75854,0
6,0,6,10.0,-5.68963e-08,-1.42925e-06,-1.62664e-05,0.236828,0.134683,1.7584,0
7,0,6,10.0,-5.17904e-08,-1.58093e-06,-1.70072e-05,0.236819,0.134683,1.75833,0
8,0,6,10.0,-5.01281e-08,-1.70368e-06,-1.76859e-05,0.236823,0.134685,1.75835,0
9,0,6,10.0,-4.56506e-08,-1.81726e-06,-1.82583e-05,0.236888,0.134696,1.75869,0
10,0,6,10.0,-3.99724e-08,-1.91437e-06,-1.86669e-05,0.236858,0.134691,1.75853,0
11,0,6,10.0,-4.36971e-08,-1.8499e-06,-1.88531e-05,0.236838,0.134688,1.75842,0
12,0,6,10.0,-4.59084e-08,-1.75667e-06,-1.88661e-05,0.236825,0.134686,1.75836,0
13,0,6,10.0,-4.05743e-08,-1.56681e-06,-1.8518e-05,0.236915,0.134695,1.7589,0
14,0,6,10.0,-2.42339e-08,-1.67421e-06,-1.81959e-05,0.23687,0.13469,1.75863,0
15,0,6,10.0,-1.92657e-08,-1.5746e-06,-1.76706e-05,0.236843,0.134687,1.75847,0
16,0,6,10.0,-1.62271e-08,-1.49782e-06,-1.69611e-05,0.236837,0.134687,1.75843,0
17,0,6,10.0,-1.08468e-08,-1.4496e-06,-1.6089e-05,0.236957,0.134696,1.7592,0
18,0,6,10.0,-2.47363e-09,-1.4545e-06,-1.50553e-05,0.23689,0.134691,1.75877,0
19,0,6,10.0,-1.65737e-09,-1.38224e-06,-1.38077e-05,0.236853,0.134687,1.75854,0
20,0,6,10.0,1.31179e-09,-1.33532e-06,-1.23696e-05,0.236832,0.134686,1.75841,0
21,0,6,10.0,4.39856e-09,-1.33084e-06,-1.07391e-05,0.236822,0.134685,1.75834,0
22,0,6,10.0,9.27739e-09,-1.39122e-06,-8.89731e-06,0.236816,0.134684,1.75831,0
23,0,6,10.0,1.22831e-08,-1.51742e-06,-6.80677e-06,0.236813,0.134684,1.75829,0
0,1,6,10.0,-1.18829e-08,-5.0604e-07,-1.36226e-05,0.238355,0.134747,1.7689,0
1,1,6,10.0,-1.06169e-07,1.64982e-06,-1.35299e-05,0.237558,0.13471,1.76347,0
2,1,6,10.0,-1.18447e-07,1.06845e-06,-1.3722e-05,0.237183,0.134696,1.76087,0
3,1,6,10.0,-1.34396e-07,6.66254e-07,-1.4101e-05,0.237006,0.134691,1.75963,0
4,1,6,10.0,-1.55338e-07,3.80193e-07,-1.46271e-05,0.236923,0.134689,1.75903,0
5,1,6,10.0,-1.58252e-07,1.8059e-07,-1.5257e-05,0.236883,0.134689,1.75874,0
6,1,6,10.0,-1.51318e-07,2.47239e-08,-1.59392e-05,0.236865,0.134689,1.75861,0
7,1,6,10.0,-1.43489e-07,-9.48871e-08,-1.66135e-05,0.236856,0.134689,1.75854,0
8,1,6,10.0,-1.42973e-07,-1.82011e-07,-1.72331e-05,0.236861,0.134691,1.75856,0
9,1,6,10.0,-1.31664e-07,-2.80072e-07,-1.77561e-05,0.236925,0.134701,1.75889,0
10,1,6,10.0,-1.22159e-07,-4.11303e-07,-1.81346e-05,0.236895,0.134696,1.75873,0
11,1,6,10.0,-1.34192e-07,-3.69366e-07,-1.83224e-05,0.236875,0.134693,1.75863,0
12,1,6,10.0,-1.37625e-07,-3.15708e-07,-1.83485e-05,0.236863,0.134691,1.75856,0
13,1,6,10.0,-1.20582e-07,-2.23125e-07,-1.80228e-05,0.23695,0.1347,1.75909,0
14,1,6,10.0,-7.53417e-08,-4.61219e-07,-1.77014e-05,0.236906,0.134696,1.75883,0
15,1,6,10.0,-6.79504e-08,-4.25492e-07,-1.71886e-05,0.23688,0.134693,1.75867,0
16,1,6,10.0,-5.7605e-08,-4.09063e-07,-1.65004e-05,0.236874,0.134692,1.75863,0
17,1,6,10.0,-4.16154e-08,-4.37586e-07,-1.56511e-05,0.23699,0.134701,1.75938,0
18,1,6,10.0,-2.50842e-09,-6.08182e-07,-1.46505e-05,0.236925,0.134696,1.75896,0
19,1,6,10.0,1.07456e-09,-6.25958e-07,-1.34411e-05,0.236889,0.134693,1.75874,0
20,1,6,10.0,1.10124e-08,-6.88e-07,-1.20426e-05,0.23687,0.134691,1.75861,0
21,1,6,10.0,2.20537e-08,-8.1309e-07,-1.04523e-05,0.236859,0.13469,1.75855,0
22,1,6,10.0,4.03469e-08,-1.01866e-06,-8.65129e-06,0.236854,0.13469,1.75852,0
23,1,6,10.0,5.5573e-08,-1.31609e-06,-6.60722e-06,0.236851,0.13469,1.7585,0
0,2,6,10.0,-6.12763e-09,-5.22571e-07,-1.3503e-05,0.238355,0.134747,1.7689,0
1,2,6,10.0,-9.38016e-08,1.63818e-06,-1.34188e-05,0.237558,0.134711,1.76347,0
2,2,6,10.0,-1.08425e-07,1.03995e-06,-1.36075e-05,0.237183,0.134696,1.76087,0
3,2,6,10.0,-1.29253e-07,6.20294e-07,-1.39702e-05,0.237006,0.134691,1.75963,0
4,2,6,10.0,-1.35073e-07,3.29434e-07,-1.44656e-05,0.236923,0.13469,1.75903,0
5,2,6,10.0,-1.12532e-07,1.19118e-07,-1.50429e-05,0.236884,0.134689,1.75874,0
6,2,6,10.0,-8.50379e-08,-2.61537e-08,-1.56601e-05,0.236865,0.134689,1.75861,0
7,2,6,10.0,-6.98407e-08,-1.4274e-07,-1.62705e-05,0.236857,0.134689,1.75854,0
8,2,6,10.0,-3.80458e-08,-2.2259e-07,-1.68233e-05,0.236862,0.134691,1.75856,0
9,2,6,10.0,-7.22694e-09,-3.11054e-07,-1.72925e-05,0.236925,0.134701,1.7589,0
10,2,6,10.0,-8.46838e-09,-4.43728e-07,-1.76443e-05,0.236895,0.134696,1.75874,0
11,2,6,10.0,-1.66042e-08,-4.07302e-07,-1.78272e-05,0.236875,0.134693,1.75863,0
12,2,6,10.0,-1.53136e-08,-3.54684e-07,-1.78587e-05,0.236864,0.134691,1.75857,0
13,2,6,10.0,-5.8792e-09,-2.61217e-07,-1.75436e-05,0.23695,0.1347,1.75909,0
14,2,6,10.0,4.68878e-08,-5.10292e-07,-1.72171e-05,0.236907,0.134696,1.75883,0
15,2,6,10.0,5.88535e-08,-4.69286e-07,-1.67099e-05,0.236881,0.134693,1.75867,0
16,2,6,10.0,6.0937e-08,-4.51901e-07,-1.60358e-05,0.236875,0.134692,1.75863,0
17,2,6,10.0,6.28373e-08,-4.78555e-07,-1.52035e-05,0.236991,0.134701,1.75938,0
18,2,6,10.0,1.23751e-07,-6.45958e-07,-1.42239e-05,0.236925,0.134696,1.75897,0
19,2,6,10.0,1.14382e-07,-6.66698e-07,-1.30506e-05,0.236889,0.134693,1.75874,0
20,2,6,10.0,1.19127e-07,-7.2891e-07,-1.16917e-05,0.23687,0.134691,1.75862,0
21,2,6,10.0,1.24332e-07,-8.56179e-07,-1.0145e-05,0.23686,0.13469,1.75855,0
22,2,6,10.0,1.32368e-07,-1.05479e-06,-8.39077e-06,0.236855,0.13469,1.75852,0
23,2,6,10.0,1.50008e-07,-1.35346e-06,-6.39925e-06,0.236852,0.13469,1.7585,0
0,3,6,10.0,-2.52657e-08,-5.45254e-07,-1.34183e-05,0.238355,0.134747,1.7689,0
1,3,6,10.0,-1.16786e-07,1.65386e-06,-1.33164e-05,0.237558,0.134711,1.76347,0
2,3,6,10.0,-1.29867e-07,1.02121e-06,-1.35083e-05,0.237183,0.134696,1.76087,0
3,3,6,10.0,-1.43162e-07,5.79418e-07,-1.38744e-05,0.237006,0.134691,1.75963,0
4,3,6,10.0,-1.36872e-07,2.55067e-07,-1.43494e-05,0.236923,0.13469,1.75903,0
5,3,6,10.0,-1.19826e-07,5.27239e-08,-1.48839e-05,0.236884,0.134689,1.75874,0
6,3,6,10.0,-9.77957e-08,-1.09962e-07,-1.54429e-05,0.236865,0.134689,1.75861,0
7,3,6,10.0,-2.16026e-08,-2.1434e-07,-1.59824e-05,0.236857,0.134689,1.75854,0
8,3,6,10.0,-1.31922e-08,-2.85332e-07,-1.64748e-05,0.236862,0.134691,1.75856,0
9,3,6,10.0,1.48628e-08,-3.73203e-07,-1.68905e-05,0.236925,0.134701,1.7589,0
10,3,6,10.0,7.02795e-08,-5.06242e-07,-1.72085e-05,0.236895,0.134696,1.75874,0
11,3,6,10.0,5.42328e-08,-4.73226e-07,-1.73835e-05,0.236875,0.134693,1.75863,0
12,3,6,10.0,4.14112e-08,-4.10854e-07,-1.74167e-05,0.236864,0.134691,1.75857,0
13,3,6,10.0,4.94175e-08,-3.17388e-07,-1.71082e-05,0.23695,0.1347,1.75909,0
14,3,6,10.0,1.07578e-07,-5.65463e-07,-1.6777e-05,0.236907,0.134696,1.75883,0
15,3,6,10.0,1.01248e-07,-5.15599e-07,-1.62767e-05,0.236881,0.134693,1.75867,0
16,3,6,10.0,1.0976e-07,-4.92285e-07,-1.56127e-05,0.236875,0.134692,1.75863,0
17,3,6,10.0,1.10031e-07,-5.15196e-07,-1.4796e-05,0.236991,0.134701,1.75938,0
18,3,6,10.0,1.63413e-07,-6.68754e-07,-1.38323e-05,0.236925,0.134696,1.75897,0
19,3,6,10.0,1.69358e-07,-6.88525e-07,-1.26872e-05,0.236889,0.134693,1.75874,0
20,3,6,10.0,1.65361e-07,-7.54456e-07,-1.13654e-05,0.23687,0.134691,1.75862,0
21,3,6,10.0,1.81829e-07,-8.78059e-07,-9.85941e-06,0.23686,0.13469,1.75855,0
22,3,6,10.0,1.93666e-07,-1.08172e-06,-8.15309e-06,0.236855,0.13469,1.75852,0
23,3,6,10.0,2.07809e-07,-1.36882e-06,-6.21474e-06,0.236852,0.13469,1.7585,0
0,4,6,10.0,-1.26414e-08,-5.79224e-07,-1.33616e-05,0.238355,0.134747,1.7689,0
1,4,6,10.0,-1.36466e-07,1.69292e-06,-1.32048e-05,0.237558,0.134711,1.76347,0
2,4,6,10.0,-1.54747e-07,9.99128e-07,-1.34145e-05,0.237183,0.134696,1.76087,0
3,4,6,10.0,-1.44731e-07,5.3251e-07,-1.37974e-05,0.237006,0.134691,1.75963,0
4,4,6,10.0,-1.37887e-07,1.89574e-07,-1.427e-05,0.236923,0.13469,1.75903,0
5,4,6,10.0,-1.38333e-07,-4.80011e-08,-1.47879e-05,0.236884,0.134689,1.75874,0
6,4,6,10.0,-6.51927e-08,-1.81126e-07,-1.52987e-05,0.236865,0.134689,1.75861,0
7,4,6,10.0,-2.09862e-08,-2.73053e-07,-1.57758e-05,0.236857,0.134689,1.75854,0
8,4,6,10.0,1.36553e-08,-3.69658e-07,-1.62202e-05,0.236862,0.134691,1.75856,0
9,4,6,10.0,5.29842e-08,-4.5339e-07,-1.65909e-05,0.236925,0.134701,1.7589,0
10,4,6,10.0,6.84608e-08,-5.72914e-07,-1.68703e-05,0.236895,0.134696,1.75874,0
11,4,6,10.0,7.0103e-08,-5.29428e-07,-1.70295e-05,0.236875,0.134693,1.75863,0
12,4,6,10.0,7.09249e-08,-4.91838e-07,-1.7056e-05,0.236864,0.134691,1.75857,0
13,4,6,10.0,1.10233e-07,-3.76403e-07,-1.67374e-05,0.23695,0.1347,1.75909,0
14,4,6,10.0,1.44446e-07,-6.15744e-07,-1.64064e-05,0.236907,0.134696,1.75883,0
15,4,6,10.0,1.67651e-07,-5.75383e-07,-1.59115e-05,0.236881,0.134693,1.75867,0
16,4,6,10.0,1.54435e-07,-5.18053e-07,-1.52567e-05,0.236875,0.134692,1.75863,0
17,4,6,10.0,1.73259e-07,-5.61584e-07,-1.44515e-05,0.236991,0.134701,1.75938,0
18,4,6,10.0,2.3844e-07,-6.96784e-07,-1.35056e-05,0.236925,0.134696,1.75897,0
19,4,6,10.0,2.20513e-07,-7.27101e-07,-1.23849e-05,0.236889,0.134693,1.75874,0
20,4,6,10.0,2.25669e-07,-7.92108e-07,-1.10961e-05,0.23687,0.134691,1.75862,0
21,4,6,10.0,2.30106e-07,-9.06739e-07,-9.62618e-06,0.23686,0.13469,1.75855,0
22,4,6,10.0,2.51615e-07,-1.10839e-06,-7.9616e-06,0.236855,0.13469,1.75852,0
23,4,6,10.0,2.68738e-07,-1.3929e-06,-6.0722e-06,0.236852,0.13469,1.7585,0
0,5,6,10.0,1.30967e-08,-5.74298e-07,-1.31587e-05,0.238355,0.134747,1.7689,0
1,5,6,10.0,-1.84567e-07,1.7164e-06,-1.30001e-05,0.237558,0.134711,1.76347,0
2,5,6,10.0,-1.3251e-07,1.00842e-06,-1.32274e-05,0.237183,0.134696,1.76087,0
3,5,6,10.0,-1.2023e-07,5.04493e-07,-1.36366e-05,0.237006,0.134691,1.75963,0
4,5,6,10.0,-1.48281e-07,1.46326e-07,-1.4141e-05,0.236923,0.13469,1.75903,0
5,5,6,10.0,-6.64798e-08,-1.01829e-07,-1.46562e-05,0.236884,0.134689,1.75874,0
6,5,6,10.0,-2.46283e-08,-2.35549e-07,-1.51409e-05,0.236865,0.134689,1.75861,0
7,5,6,10.0,-3.91499e-08,-3.65029e-07,-1.55915e-05,0.236857,0.134689,1.75854,0
8,5,6,10.0,5.43845e-08,-3.86147e-07,-1.59905e-05,0.236862,0.134691,1.75856,0
9,5,6,10.0,7.84588e-08,-5.15966e-07,-1.63195e-05,0.236925,0.134701,1.7589,0
10,5,6,10.0,9.11902e-08,-6.55457e-07,-1.6571e-05,0.236895,0.134696,1.75874,0
11,5,6,10.0,1.1779e-07,-6.15131e-07,-1.66988e-05,0.236875,0.134693,1.75863,0
12,5,6,10.0,1.42011e-07,-5.35755e-07,-1.66988e-05,0.236864,0.134691,1.75856,0
13,5,6,10.0,1.77262e-07,-4.12865e-07,-1.63436e-05,0.23695,0.1347,1.75909,0
14,5,6,10.0,2.29769e-07,-6.6597e-07,-1.60091e-05,0.236907,0.134696,1.75883,0
15,5,6,10.0,2.44793e-07,-5.87568e-07,-1.55124e-05,0.236881,0.134693,1.75867,0
16,5,6,10.0,2.37037e-07,-5.68407e-07,-1.4868e-05,0.236875,0.134692,1.75863,0
17,5,6,10.0,2.42395e-07,-5.85725e-07,-1.40798e-05,0.236991,0.134701,1.75938,0
18,5,6,10.0,3.20172e-07,-7.09356e-07,-1.31471e-05,0.236925,0.134696,1.75897,0
19,5,6,10.0,3.02487e-07,-7.38969e-07,-1.20576e-05,0.236889,0.134693,1.75874,0
20,5,6,10.0,3.10207e-07,-8.0007e-07,-1.08007e-05,0.23687,0.134691,1.75862,0
21,5,6,10.0,3.12838e-07,-9.24361e-07,-9.37083e-06,0.23686,0.13469,1.75855,0
22,5,6,10.0,3.23028e-07,-1.1138e-06,-7.75213e-06,0.236855,0.13469,1.75852,0
23,5,6,10.0,3.43448e-07,-1.39985e-06,-5.91614e-06,0.236852,0.13469,1.7585,0
0,6,6,10.0,2.02067e-08,-5.80781e-07,-1.28218e-05,0.238355,0.134747,1.7689,0
1,6,6,10.0,-2.14942e-07,1.71567e-06,-1.26271e-05,0.237558,0.134711,1.76347,0
2,6,6,10.0,-1.88935e-07,1.05109e-06,-1.28527e-05,0.237183,0.134696,1.76087,0
3,6,6,10.0,-1.3493e-07,5.05519e-07,-1.32899e-05,0.237006,0.134691,1.75963,0
4,6,6,10.0,-6.40926e-08,1.07268e-07,-1.38263e-05,0.236923,0.13469,1.75903,0
5,6,6,10.0,-3.24326e-08,-1.13571e-07,-1.435e-05,0.236884,0.134689,1.75874,0
6,6,6,10.0,-3.71222e-08,-3.02144e-07,-1.48459e-05,0.236865,0.134689,1.75861,0
7,6,6,10.0,2.46823e-08,-4.11519e-07,-1.52925e-05,0.236857,0.134689,1.75854,0
8,6,6,10.0,6.84544e-08,-4.83549e-07,-1.56599e-05,0.236862,0.134691,1.75856,0
9,6,6,10.0,1.31139e-07,-5.70853e-07,-1.59555e-05,0.236925,0.134701,1.7589,0
10,6,6,10.0,1.75077e-07,-6.97017e-07,-1.61679e-05,0.236895,0.134696,1.75874,0
11,6,6,10.0,1.92028e-07,-6.41658e-07,-1.62563e-05,0.236875,0.134693,1.75863,0
12,6,6,10.0,2.06067e-07,-5.67797e-07,-1.62221e-05,0.236864,0.134691,1.75857,0
13,6,6,10.0,2.33709e-07,-4.31778e-07,-1.58146e-05,0.23695,0.1347,1.75909,0
14,6,6,10.0,3.07605e-07,-6.72381e-07,-1.54644e-05,0.236907,0.134696,1.75883,0
15,6,6,10.0,3.06442e-07,-6.06083e-07,-1.49652e-05,0.236881,0.134693,1.75867,0
16,6,6,10.0,3.22896e-07,-5.73296e-07,-1.4329e-05,0.236875,0.134692,1.75863,0
17,6,6,10.0,3.24455e-07,-5.92807e-07,-1.35582e-05,0.236991,0.134701,1.75938,0
18,6,6,10.0,3.8124e-07,-7.06986e-07,-1.26448e-05,0.236925,0.134696,1.75897,0
19,6,6,10.0,3.87527e-07,-7.32545e-07,-1.15848e-05,0.236889,0.134693,1.75874,0
20,6,6,10.0,3.78716e-07,-7.98408e-07,-1.03694e-05,0.23687,0.134691,1.75862,0
21,6,6,10.0,3.86984e-07,-9.15545e-07,-8.99084e-06,0.23686,0.13469,1.75855,0
22,6,6,10.0,4.00181e-07,-1.11067e-06,-7.43398e-06,0.236855,0.13469,1.75852,0
23,6,6,10.0,4.14496e-07,-1.39049e-06,-5.67139e-06,0.236852,0.13469,1.7585,0
0,7,6,10.0,7.26158e-08,-5.99321e-07,-1.2236e-05,0.238355,0.134747,1.7689,0
1,7,6,10.0,-2.4714e-07,1.7548e-06,-1.2047e-05,0.237558,0.134711,1.76347,0
2,7,6,10.0,-2.10705e-07,1.04962e-06,-1.22837e-05,0.237183,0.134696,1.76087,0
3,7,6,10.0,-1.23249e-07,5.05971e-07,-1.27223e-05,0.237006,0.134691,1.75963,0
4,7,6,10.0,-1.21767e-09,1.36379e-07,-1.32574e-05,0.236923,0.13469,1.75903,0
5,7,6,10.0,-2.05069e-08,-1.42448e-07,-1.38057e-05,0.236884,0.134689,1.75874,0
6,7,6,10.0,3.82485e-08,-3.32159e-07,-1.43265e-05,0.236865,0.134689,1.75861,0
7,7,6,10.0,8.59292e-08,-4.41931e-07,-1.4776e-05,0.236857,0.134689,1.75854,0
8,7,6,10.0,1.09018e-07,-5.09557e-07,-1.51429e-05,0.236862,0.134691,1.75856,0
9,7,6,10.0,1.54732e-07,-5.95749e-07,-1.54157e-05,0.236925,0.134701,1.7589,0
10,7,6,10.0,2.05287e-07,-7.25643e-07,-1.55954e-05,0.236895,0.134696,1.75874,0
11,7,6,10.0,2.30592e-07,-6.60357e-07,-1.56557e-05,0.236875,0.134693,1.75863,0
12,7,6,10.0,2.52033e-07,-5.80173e-07,-1.55909e-05,0.236863,0.134691,1.75856,0
13,7,6,10.0,2.91511e-07,-4.40542e-07,-1.51321e-05,0.23695,0.1347,1.75909,0
14,7,6,10.0,3.55216e-07,-6.7304e-07,-1.47585e-05,0.236907,0.134696,1.75883,0
15,7,6,10.0,3.67833e-07,-6.04554e-07,-1.42514e-05,0.236881,0.134693,1.75867,0
16,7,6,10.0,3.77908e-07,-5.747e-07,-1.36179e-05,0.236875,0.134692,1.75863,0
17,7,6,10.0,3.93055e-07,-5.93412e-07,-1.28607e-05,0.236991,0.134701,1.75938,0
18,7,6,10.0,4.63769e-07,-6.91062e-07,-1.19687e-05,0.236925,0.134696,1.75897,0
19,7,6,10.0,4.57692e-07,-7.19808e-07,-1.09448e-05,0.236889,0.134693,1.75874,0
20,7,6,10.0,4.5555e-07,-7.87643e-07,-9.78405e-06,0.23687,0.134691,1.75862,0
21,7,6,10.0,4.53491e-07,-9.04861e-07,-8.47267e-06,0.23686,0.13469,1.75855,0
22,7,6,10.0,4.62807e-07,-1.09642e-06,-6.99553e-06,0.236855,0.13469,1.75852,0
23,7,6,10.0,4.81722e-07,-1.37758e-06,-5.32697e-06,0.236852,0.13469,1.7585,0
0,8,6,10.0,8.71625e-08,-5.94091e-07,-1.14433e-05,0.238355,0.134747,1.7689,0
1,8,6,10.0,-3.47034e-07,1.75163e-06,-1.13154e-05,0.237558,0.134711,1.76347,0
2,8,6,10.0,-2.14871e-07,1.05063e-06,-1.15541e-05,0.237183,0.134696,1.76087,0
3,8,6,10.0,-9.72461e-08,5.32998e-07,-1.19818e-05,0.237006,0.134691,1.75963,0
4,8,6,10.0,-7.45354e-08,1.29788e-07,-1.25161e-05,0.236923,0.13469,1.75903,0
5,8,6,10.0,9.75675e-09,-1.54742e-07,-1.30787e-05,0.236884,0.134689,1.75874,0
6,8,6,10.0,6.14622e-08,-3.42896e-07,-1.3612e-05,0.236865,0.134689,1.75861,0
7,8,6,10.0,9.81552e-08,-4.65665e-07,-1.40779e-05,0.236857,0.134689,1.75854,0
8,8,6,10.0,1.55114e-07,-5.38584e-07,-1.44563e-05,0.236862,0.134691,1.75856,0
9,8,6,10.0,1.92105e-07,-6.16112e-07,-1.47343e-05,0.236916,0.1347,1.75884,0
10,8,6,10.0,2.2915e-07,-7.31412e-07,-1.49125e-05,0.236886,0.134695,1.75869,0
11,8,6,10.0,2.49452e-07,-6.54608e-07,-1.49634e-05,0.236868,0.134692,1.75859,0
12,8,6,10.0,2.76176e-07,-5.7101e-07,-1.48859e-05,0.236858,0.134691,1.75854,0
13,8,6,10.0,3.09027e-07,-4.22587e-07,-1.43834e-05,0.236926,0.134697,1.75896,0
14,8,6,10.0,3.77978e-07,-6.44005e-07,-1.39774e-05,0.236892,0.134694,1.75874,0
15,8,6,10.0,3.94757e-07,-5.86432e-07,-1.34546e-05,0.236872,0.134692,1.75862,0
16,8,6,10.0,4.07753e-07,-5.49796e-07,-1.28203e-05,0.23687,0.134692,1.7586,0
17,8,6,10.0,4.33016e-07,-5.76915e-07,-1.2074e-05,0.236991,0.134701,1.75938,0
18,8,6,10.0,4.94777e-07,-7.43429e-07,-1.12098e-05,0.236925,0.134696,1.75897,0
19,8,6,10.0,4.91606e-07,-7.69236e-07,-1.02337e-05,0.23689,0.134693,1.75874,0
20,8,6,10.0,4.8916e-07,-8.34029e-07,-9.13611e-06,0.23687,0.134691,1.75862,0
21,8,6,10.0,4.89862e-07,-9.48856e-07,-7.90336e-06,0.23686,0.13469,1.75855,0
22,8,6,10.0,4.98902e-07,-1.13629e-06,-6.51708e-06,0.236855,0.13469,1.75852,0
23,8,6,10.0,5.13048e-07,-1.40796e-06,-4.95245e-06,0.236852,0.13469,1.7585,0
0,9,6,10.0,8.00169e-08,-5.97658e-07,-1.06148e-05,0.238355,0.134747,1.7689,0
1,9,6,10.0,-3.75697e-07,1.74145e-06,-1.05222e-05,0.237558,0.134711,1.76347,0
2,9,6,10.0,-2.65949e-07,1.05901e-06,-1.07541e-05,0.237183,0.134696,1.76087,0
3,9,6,10.0,-1.60958e-07,5.23396e-07,-1.11716e-05,0.237006,0.134691,1.75963,0
4,9,6,10.0,-3.60697e-08,1.08177e-07,-1.17085e-05,0.236923,0.13469,1.75903,0
5,9,6,10.0,-2.29707e-08,-1.52182e-07,-1.22826e-05,0.236884,0.134689,1.75874,0
6,9,6,10.0,5.39216e-08,-3.58563e-07,-1.2828e-05,0.236865,0.134689,1.75861,0
7,9,6,10.0,1.06494e-07,-4.84863e-07,-1.33122e-05,0.236857,0.134689,1.75854,0
8,9,6,10.0,1.48308e-07,-5.44072e-07,-1.37031e-05,0.236862,0.134691,1.75856,0
9,9,6,10.0,1.83931e-07,-6.35791e-07,-1.40006e-05,0.236934,0.134702,1.75895,0
10,9,6,10.0,2.29967e-07,-7.88418e-07,-1.41978e-05,0.236904,0.134697,1.75879,0
11,9,6,10.0,2.61777e-07,-7.33574e-07,-1.42574e-05,0.236882,0.134694,1.75867,0
12,9,6,10.0,2.93528e-07,-6.51503e-07,-1.41784e-05,0.236869,0.134692,1.75859,0
13,9,6,10.0,3.1161e-07,-5.64874e-07,-1.39711e-05,0.23686,0.134691,1.75854,0
14,9,6,10.0,3.81932e-07,-4.20355e-07,-1.32017e-05,0.236853,0.13469,1.7585,0
15,9,6,10.0,4.0235e-07,-3.80628e-07,-1.26666e-05,0.236851,0.13469,1.75849,0
16,9,6,10.0,4.21711e-07,-3.87182e-07,-1.20357e-05,0.236859,0.134691,1.75854,0
17,9,6,10.0,4.42181e-07,-4.40845e-07,-1.13092e-05,0.236928,0.134701,1.75891,0
18,9,6,10.0,4.86228e-07,-6.51903e-07,-1.04902e-05,0.236897,0.134696,1.75875,0
19,9,6,10.0,4.87135e-07,-7.06278e-07,-9.56992e-06,0.236876,0.134693,1.75863,0
20,9,6,10.0,4.88416e-07,-7.91776e-07,-8.54077e-06,0.236864,0.134691,1.75857,0
21,9,6,10.0,4.9258e-07,-9.23859e-07,-7.3873e-06,0.236857,0.13469,1.75853,0
22,9,6,10.0,5.0288e-07,-1.11799e-06,-6.0908e-06,0.236853,0.13469,1.75851,0
23,9,6,10.0,5.14872e-07,-1.40191e-06,-4.62858e-06,0.236851,0.13469,1.7585,0
0,10,6,10.0,8.18926e-08,-6.16597e-07,-9.79303e-06,0.238355,0.134747,1.7689,0
1,10,6,10.0,-4.03712e-07,1.74895e-06,-9.69728e-06,0.237558,0.134711,1.76347,0
2,10,6,10.0,-2.88585e-07,1.03178e-06,-9.93341e-06,0.237183,0.134696,1.76087,0
3,10,6,10.0,-1.69859e-07,5.0634e-07,-1.03546e-05,0.237006,0.134691,1.75963,0
4,10,6,10.0,-6.9437e-08,1.33197e-07,-1.08851e-05,0.236923,0.13469,1.75903,0
5,10,6,10.0,-3.91895e-09,-1.77699e-07,-1.14707e-05,0.236884,0.134689,1.75874,0
6,10,6,10.0,5.37666e-08,-3.65472e-07,-1.20339e-05,0.236865,0.134689,1.75861,0
7,10,6,10.0,1.22048e-07,-4.85494e-07,-1.25278e-05,0.236857,0.134689,1.75854,0
8,10,6,10.0,1.51695e-07,-5.54779e-07,-1.29391e-05,0.236862,0.134691,1.75856,0
9,10,6,10.0,1.89198e-07,-6.48439e-07,-1.32495e-05,0.236925,0.134701,1.7589,0
10,10,6,10.0,2.64595e-07,-7.86531e-07,-1.34495e-05,0.236895,0.134696,1.75874,0
11,10,6,10.0,2.92426e-07,-7.17251e-07,-1.35106e-05,0.236875,0.134693,1.75863,0
12,10,6,10.0,3.29397e-07,-6.32664e-07,-1.34275e-05,0.236864,0.134691,1.75857,0
13,10,6,10.0,3.6957e-07,-5.43088e-07,-1.32137e-05,0.236857,0.13469,1.75853,0
14,10,6,10.0,4.2092e-07,-3.91125e-07,-1.24385e-05,0.236851,0.13469,1.7585,0
15,10,6,10.0,4.5322e-07,-3.65088e-07,-1.19103e-05,0.23685,0.13469,1.75849,0
16,10,6,10.0,4.56719e-07,-3.55046e-07,-1.13013e-05,0.236858,0.134691,1.75853,0
17,10,6,10.0,4.68317e-07,-4.22429e-07,-1.06088e-05,0.236925,0.134701,1.7589,0
18,10,6,10.0,5.07514e-07,-6.40654e-07,-9.84106e-06,0.236895,0.134696,1.75874,0
19,10,6,10.0,4.98972e-07,-6.9291e-07,-8.9831e-06,0.236875,0.134693,1.75863,0
20,10,6,10.0,5.03584e-07,-7.82375e-07,-8.02332e-06,0.236863,0.134691,1.75856,0
21,10,6,10.0,5.10516e-07,-9.15807e-07,-6.94803e-06,0.236857,0.13469,1.75853,0
22,10,6,10.0,5.11579e-07,-1.11325e-06,-5.73972e-06,0.236853,0.13469,1.75851,0
23,10,6,10.0,5.24209e-07,-1.39655e-06,-4.37228e-06,0.236851,0.13469,1.7585,0
0,11,6,10.0,5.80245e-08,-6.04451e-07,-8.98596e-06,0.238355,0.134747,1.7689,0
1,11,6,10.0,-4.7447e-07,1.73562e-06,-8.86031e-06,0.237558,0.134711,1.76347,0
2,11,6,10.0,-3.07542e-07,1.05338e-06,-9.08611e-06,0.237183,0.134696,1.76087,0
3,11,6,10.0,-1.80101e-07,5.06204e-07,-9.50564e-06,0.237006,0.134691,1.75963,0
4,11,6,10.0,-8.71462e-08,9.71246e-08,-1.00334e-05,0.236923,0.13469,1.75903,0
5,11,6,10.0,-2.24803e-09,-1.45671e-07,-1.06125e-05,0.236884,0.134689,1.75874,0
6,11,6,10.0,9.12463e-08,-3.48563e-07,-1.11821e-05,0.236865,0.134689,1.75861,0
7,11,6,10.0,1.23638e-07,-4.91002e-07,-1.16845e-05,0.236857,0.134689,1.75854,0
8,11,6,10.0,1.93466e-07,-5.63008e-07,-1.20957e-05,0.236862,0.134691,1.75856,0
9,11,6,10.0,2.39062e-07,-6.47654e-07,-1.24068e-05,0.236925,0.134701,1.7589,0
10,11,6,10.0,2.68612e-07,-7.75267e-07,-1.26064e-05,0.236895,0.134696,1.75874,0
11,11,6,10.0,3.3313e-07,-7.17339e-07,-1.26588e-05,0.236875,0.134693,1.75863,0
12,11,6,10.0,3.77768e-07,-6.35926e-07,-1.25717e-05,0.236864,0.134691,1.75857,0
13,11,6,10.0,3.97315e-07,-5.54656e-07,-1.23603e-05,0.236857,0.13469,1.75853,0
14,11,6,10.0,4.6427e-07,-3.88153e-07,-1.16301e-05,0.236851,0.13469,1.7585,0
15,11,6,10.0,4.74548e-07,-3.44718e-07,-1.11341e-05,0.23685,0.13469,1.75849,0
16,11,6,10.0,4.96295e-07,-3.55335e-07,-1.05661e-05,0.236858,0.134691,1.75853,0
17,11,6,10.0,4.91481e-07,-4.1257e-07,-9.92774e-06,0.236925,0.134701,1.7589,0
18,11,6,10.0,5.01423e-07,-6.28167e-07,-9.22205e-06,0.236895,0.134696,1.75874,0
19,11,6,10.0,5.11795e-07,-6.82397e-07,-8.42901e-06,0.236875,0.134693,1.75863,0
20,11,6,10.0,5.17409e-07,-7.73435e-07,-7.54145e-06,0.236863,0.134691,1.75856,0
21,11,6,10.0,5.16187e-07,-9.1267e-07,-6.5473e-06,0.236857,0.13469,1.75853,0
22,11,6,10.0,5.25966e-07,-1.11142e-06,-5.42751e-06,0.236853,0.13469,1.75851,0
23,11,6,10.0,5.35008e-07,-1.38961e-06,-4.15168e-06,0.236851,0.13469,1.7585,0
0,12,6,10.0,9.14159e-08,-6.28617e-07,-8.14254e-06,0.238355,0.134747,1.7689,0
1,12,6,10.0,-4.71852e-07,1.70562e-06,-7.97221e-06,0.237559,0.134711,1.76347,0
2,12,6,10.0,-3.42669e-07,9.95004e-07,-8.18549e-06,0.237183,0.134696,1.76087,0
3,12,6,10.0,-1.93657e-07,4.89139e-07,-8.5854e-06,0.237007,0.134691,1.75963,0
4,12,6,10.0,-9.33086e-08,1.50143e-07,-9.09956e-06,0.236924,0.13469,1.75903,0
5,12,6,10.0,-1.0096e-08,-1.3896e-07,-9.67132e-06,0.236884,0.134689,1.75875,0
6,12,6,10.0,8.29773e-08,-3.41257e-07,-1.02159e-05,0.236866,0.134689,1.75861,0
7,12,6,10.0,1.6581e-07,-4.65307e-07,-1.07024e-05,0.236857,0.134689,1.75854,0
8,12,6,10.0,2.11249e-07,-5.136e-07,-1.10995e-05,0.236862,0.134691,1.75856,0
9,12,6,10.0,2.47327e-07,-6.31295e-07,-1.14049e-05,0.236925,0.134701,1.7589,0
10,12,6,10.0,3.19537e-07,-7.89953e-07,-1.16175e-05,0.236895,0.134696,1.75874,0
11,12,6,10.0,3.59329e-07,-7.02926e-07,-1.16592e-05,0.236876,0.134693,1.75863,0
12,12,6,10.0,3.94955e-07,-6.591e-07,-1.15771e-05,0.236864,0.134691,1.75857,0
13,12,6,10.0,4.15367e-07,-5.73488e-07,-1.13905e-05,0.236857,0.134691,1.75853,0
14,12,6,10.0,4.67569e-07,-3.95926e-07,-1.07516e-05,0.236859,0.134691,1.75854,0
15,12,6,10.0,4.93551e-07,-3.5595e-07,-1.03034e-05,0.236856,0.13469,1.75852,0
16,12,6,10.0,4.99954e-07,-3.36071e-07,-9.78346e-06,0.236862,0.134691,1.75856,0
17,12,6,10.0,4.96297e-07,-4.03193e-07,-9.21246e-06,0.236925,0.134701,1.7589,0
18,12,6,10.0,5.11813e-07,-5.78606e-07,-8.58164e-06,0.236895,0.134696,1.75874,0
19,12,6,10.0,5.12701e-07,-6.22989e-07,-7.85793e-06,0.236876,0.134693,1.75863,0
20,12,6,10.0,5.13707e-07,-7.24921e-07,-7.04668e-06,0.236864,0.134691,1.75857,0
21,12,6,10.0,5.23356e-07,-8.73493e-07,-6.13892e-06,0.236857,0.134691,1.75853,0
22,12,6,10.0,5.28052e-07,-1.06398e-06,-5.11085e-06,0.236854,0.13469,1.75851,0
23,12,6,10.0,5.39663e-07,-1.35384e-06,-3.92982e-06,0.236852,0.13469,1.7585,0
0,13,6,10.0,1.22256e-07,-6.1969e-07,-7.1215e-06,0.238356,0.134747,1.76891,0
1,13,6,10.0,-5.04347e-07,1.66808e-06,-6.95978e-06,0.237559,0.134711,1.76348,0
2,13,6,10.0,-3.25519e-07,1.02903e-06,-7.15767e-06,0.237184,0.134697,1.76088,0
3,13,6,10.0,-1.87965e-07,4.68849e-07,-7.53369e-06,0.237008,0.134692,1.75963,0
4,13,6,10.0,-8.22191e-08,8.15951e-08,-8.03285e-06,0.236926,0.13469,1.75904,0
5,13,6,10.0,4.91715e-08,-1.74813e-07,-8.57296e-06,0.236887,0.13469,1.75876,0
6,13,6,10.0,1.01716e-07,-3.25355e-07,-9.06942e-06,0.236867,0.134689,1.75862,0
7,13,6,10.0,1.78322e-07,-4.83362e-07,-9.52168e-06,0.236858,0.134689,1.75855,0
8,13,6,10.0,2.26662e-07,-5.95687e-07,-9.91019e-06,0.236863,0.134691,1.75857,0
9,13,6,10.0,2.63056e-07,-6.79526e-07,-1.02142e-05,0.236946,0.134704,1.75902,0
10,13,6,10.0,4.12491e-07,-8.39516e-07,-1.04156e-05,0.23691,0.134698,1.75882,0
11,13,6,10.0,3.79226e-07,-7.94115e-07,-1.04729e-05,0.236885,0.134694,1.75868,0
12,13,6,10.0,4.054e-07,-7.55798e-07,-1.04091e-05,0.23687,0.134692,1.7586,0
13,13,6,10.0,4.61634e-07,-5.71182e-07,-1.00544e-05,0.236976,0.134703,1.75924,0
14,13,6,10.0,5.32747e-07,-7.80475e-07,-9.73943e-06,0.236912,0.134696,1.75886,0
15,13,6,10.0,5.56805e-07,-6.94957e-07,-9.3425e-06,0.23688,0.134692,1.75868,0
16,13,6,10.0,5.06262e-07,-6.47026e-07,-8.89443e-06,0.236875,0.134692,1.75863,0
17,13,6,10.0,5.20806e-07,-6.46363e-07,-8.39871e-06,0.237009,0.134703,1.75949,0
18,13,6,10.0,5.69699e-07,-6.72375e-07,-7.84164e-06,0.236939,0.134698,1.75904,0
19,13,6,10.0,5.42535e-07,-7.03992e-07,-7.20369e-06,0.236898,0.134694,1.75879,0
20,13,6,10.0,5.38766e-07,-7.89373e-07,-6.48071e-06,0.236876,0.134692,1.75865,0
21,13,6,10.0,5.52779e-07,-9.19756e-07,-5.66463e-06,0.236866,0.134691,1.75858,0
22,13,6,10.0,5.53909e-07,-1.08972e-06,-4.74115e-06,0.23686,0.134691,1.75854,0
23,13,6,10.0,5.67239e-07,-1.3584e-06,-3.66835e-06,0.236854,0.13469,1.75851,0
0,14,6,10.0,1.36932e-07,-5.78991e-07,-4.69003e-06,0.238355,0.134747,1.7689,0
1,14,6,10.0,-5.45156e-07,1.60021e-06,-4.57939e-06,0.237558,0.134711,1.76347,0
2,14,6,10.0,-3.65278e-07,9.57115e-07,-4.74982e-06,0.237183,0.134696,1.76087,0
3,14,6,10.0,-2.09448e-07,4.87133e-07,-5.06971e-06,0.237006,0.134691,1.75963,0
4,14,6,10.0,-9.15127e-08,1.52182e-07,-5.47397e-06,0.236923,0.13469,1.75903,0
5,14,6,10.0,3.27478e-08,-9.61264e-08,-5.92165e-06,0.236884,0.134689,1.75874,0
6,14,6,10.0,1.44959e-07,-2.84359e-07,-6.36382e-06,0.236865,0.134689,1.75861,0
7,14,6,10.0,1.84298e-07,-4.22271e-07,-6.76755e-06,0.236857,0.134689,1.75854,0
8,14,6,10.0,2.66348e-07,-5.16136e-07,-7.10806e-06,0.236862,0.134691,1.75856,0
9,14,6,10.0,3.19278e-07,-6.08778e-07,-7.38165e-06,0.236925,0.134701,1.7589,0
10,14,6,10.0,3.45785e-07,-7.30437e-07,-7.57689e-06,0.236895,0.134696,1.75874,0
11,14,6,10.0,3.77475e-07,-6.80469e-07,-7.67095e-06,0.236875,0.134693,1.75863,0
12,14,6,10.0,3.88603e-07,-5.67125e-07,-7.68401e-06,0.236863,0.134691,1.75856,0
13,14,6,10.0,4.04003e-07,-5.32032e-07,-7.63338e-06,0.236986,0.1347,1.75936,0
14,14,6,10.0,4.99351e-07,-6.28529e-07,-7.33056e-06,0.236888,0.134693,1.75873,0
15,14,6,10.0,4.62148e-07,-5.65692e-07,-7.08165e-06,0.23687,0.134691,1.75861,0
16,14,6,10.0,4.74026e-07,-5.36045e-07,-6.79055e-06,0.236868,0.134692,1.7586,0
17,14,6,10.0,5.2012e-07,-5.49845e-07,-6.45245e-06,0.236955,0.134701,1.75912,0
18,14,6,10.0,5.39777e-07,-6.93283e-07,-6.06196e-06,0.236909,0.134696,1.75884,0
19,14,6,10.0,5.47191e-07,-7.24388e-07,-5.60976e-06,0.236882,0.134693,1.75868,0
20,14,6,10.0,5.488e-07,-8.05924e-07,-5.09185e-06,0.236866,0.134691,1.75859,0
21,14,6,10.0,5.54477e-07,-9.36758e-07,-4.49561e-06,0.236858,0.13469,1.75854,0
22,14,6,10.0,5.71209e-07,-1.12319e-06,-3.7973e-06,0.236854,0.13469,1.75851,0
23,14,6,10.0,5.9565e-07,-1.39338e-06,-2.9668e-06,0.236851,0.13469,1.7585,0
0,15,6,10.0,1.31645e-07,-5.71545e-07,-3.43066e-06,0.238355,0.134747,1.7689,0
1,15,6,10.0,-5.34307e-07,1.58253e-06,-3.33929e-06,0.237558,0.13471,1.76347,0
2,15,6,10.0,-3.54397e-07,9.41256e-07,-3.50835e-06,0.237183,0.134696,1.76087,0
3,15,6,10.0,-2.0576e-07,4.82029e-07,-3.81692e-06,0.237006,0.134691,1.75963,0
4,15,6,10.0,-7.40365e-08,1.41641e-07,-4.20559e-06,0.236923,0.134689,1.75903,0
5,15,6,10.0,3.64808e-08,-1.04393e-07,-4.62292e-06,0.236883,0.134689,1.75874,0
6,15,6,10.0,1.31615e-07,-2.8145e-07,-5.02797e-06,0.236865,0.134689,1.75861,0
7,15,6,10.0,2.05614e-07,-4.14604e-07,-5.40175e-06,0.236856,0.134689,1.75854,0
8,15,6,10.0,2.6498e-07,-5.0297e-07,-5.72375e-06,0.236861,0.134691,1.75856,0
9,15,6,10.0,3.08706e-07,-5.87435e-07,-5.98822e-06,0.236925,0.134701,1.7589,0
10,15,6,10.0,3.6028e-07,-7.0231e-07,-6.19272e-06,0.236895,0.134696,1.75874,0
11,15,6,10.0,3.72874e-07,-6.49042e-07,-6.31007e-06,0.236875,0.134693,1.75863,0
12,15,6,10.0,3.84677e-07,-5.34816e-07,-6.35208e-06,0.236863,0.134691,1.75856,0
13,15,6,10.0,4.06957e-07,-4.92063e-07,-6.33854e-06,0.236986,0.1347,1.75936,0
14,15,6,10.0,4.84014e-07,-6.08531e-07,-6.14533e-06,0.236888,0.134693,1.75873,0
15,15,6,10.0,4.8099e-07,-5.48222e-07,-5.96532e-06,0.23687,0.134691,1.75861,0
16,15,6,10.0,4.88658e-07,-5.17071e-07,-5.73725e-06,0.236868,0.134692,1.7586,0
17,15,6,10.0,5.03516e-07,-5.33971e-07,-5.46246e-06,0.236955,0.134701,1.75912,0
18,15,6,10.0,5.32564e-07,-6.77215e-07,-5.1484e-06,0.236909,0.134696,1.75884,0
19,15,6,10.0,5.28453e-07,-7.15568e-07,-4.78526e-06,0.236882,0.134693,1.75868,0
20,15,6,10.0,5.30022e-07,-8.01129e-07,-4.36956e-06,0.236866,0.134691,1.75859,0
21,15,6,10.0,5.40075e-07,-9.34308e-07,-3.8839e-06,0.236858,0.13469,1.75854,0
22,15,6,10.0,5.57899e-07,-1.12515e-06,-3.3036e-06,0.236853,0.13469,1.75851,0
23,15,6,10.0,5.83405e-07,-1.39613e-06,-2.59877e-06,0.236851,0.13469,1.7585,0
0,16,6,10.0,1.21519e-07,-5.74282e-07,-2.251e-06,0.238355,0.134747,1.7689,0
1,16,6,10.0,-5.1095e-07,1.59743e-06,-2.16917e-06,0.237558,0.13471,1.76347,0
2,16,6,10.0,-3.43325e-07,9.49859e-07,-2.33831e-06,0.237182,0.134696,1.76087,0
3,16,6,10.0,-2.00943e-07,4.88394e-07,-2.64627e-06,0.237005,0.134691,1.75962,0
4,16,6,10.0,-7.82e-08,1.46248e-07,-3.032e-06,0.236921,0.134689,1.75902,0
5,16,6,10.0,3.43617e-08,-9.24617e-08,-3.43792e-06,0.236882,0.134689,1.75874,0
6,16,6,10.0,1.13342e-07,-2.64585e-07,-3.83264e-06,0.236863,0.134689,1.7586,0
7,16,6,10.0,1.59364e-07,-3.84943e-07,-4.19349e-06,0.236855,0.134689,1.75853,0
8,16,6,10.0,2.23187e-07,-4.58876e-07,-4.50434e-06,0.23686,0.13469,1.75855,0
9,16,6,10.0,2.49581e-07,-5.44672e-07,-4.77277e-06,0.236899,0.134697,1.75875,0
10,16,6,10.0,2.96862e-07,-6.3192e-07,-4.9926e-06,0.236878,0.134694,1.75864,0
11,16,6,10.0,3.23513e-07,-5.71719e-07,-5.12709e-06,0.236865,0.134692,1.75857,0
12,16,6,10.0,3.44172e-07,-4.50776e-07,-5.1889e-06,0.236857,0.13469,1.75853,0
13,16,6,10.0,3.60289e-07,-4.14177e-07,-5.20017e-06,0.236972,0.134698,1.75928,0
14,16,6,10.0,4.32766e-07,-5.15624e-07,-5.09031e-06,0.236885,0.134692,1.75872,0
15,16,6,10.0,4.44055e-07,-4.70102e-07,-4.95209e-06,0.236868,0.134691,1.75861,0
16,16,6,10.0,4.48173e-07,-4.53664e-07,-4.7744e-06,0.236868,0.134691,1.75859,0
17,16,6,10.0,4.63514e-07,-4.82066e-07,-4.5591e-06,0.236946,0.134699,1.75907,0
18,16,6,10.0,5.0452e-07,-6.86426e-07,-4.312e-06,0.2369,0.134695,1.75879,0
19,16,6,10.0,4.94312e-07,-7.30799e-07,-4.03544e-06,0.236875,0.134692,1.75864,0
20,16,6,10.0,4.97239e-07,-8.2063e-07,-3.71745e-06,0.236861,0.13469,1.75856,0
21,16,6,10.0,5.08223e-07,-9.57629e-07,-3.33808e-06,0.236854,0.13469,1.75852,0
22,16,6,10.0,5.28902e-07,-1.15218e-06,-2.86913e-06,0.236851,0.134689,1.7585,0
23,16,6,10.0,5.57697e-07,-1.42537e-06,-2.28064e-06,0.236849,0.134689,1.75849,0
0,17,6,10.0,7.61821e-08,-5.82008e-07,-1.19907e-06,0.238356,0.134747,1.76891,0
1,17,6,10.0,-5.19903e-07,1.59297e-06,-1.08387e-06,0.237559,0.134711,1.76348,0
2,17,6,10.0,-3.51193e-07,9.13551e-07,-1.25218e-06,0.237184,0.134697,1.76088,0
3,17,6,10.0,-1.97439e-07,4.37503e-07,-1.5601e-06,0.237008,0.134692,1.75963,0
4,17,6,10.0,-5.67407e-08,9.90726e-08,-1.9424e-06,0.236925,0.13469,1.75904,0
5,17,6,10.0,2.09187e-08,-1.50191e-07,-2.35433e-06,0.236885,0.13469,1.75875,0
6,17,6,10.0,9.36325e-08,-3.18954e-07,-2.76089e-06,0.236867,0.13469,1.75861,0
7,17,6,10.0,1.77147e-07,-4.44858e-07,-3.1308e-06,0.236858,0.13469,1.75855,0
8,17,6,10.0,1.62737e-07,-5.17101e-07,-3.45596e-06,0.236863,0.134691,1.75857,0
9,17,6,10.0,2.19064e-07,-6.06359e-07,-3.73069e-06,0.236951,0.134705,1.75904,0
10,17,6,10.0,3.11842e-07,-7.67382e-07,-3.96029e-06,0.236912,0.134698,1.75883,0
11,17,6,10.0,3.16449e-07,-7.08238e-07,-4.10642e-06,0.236886,0.134695,1.75869,0
12,17,6,10.0,3.15581e-07,-5.83734e-07,-4.1809e-06,0.23687,0.134692,1.7586,0
13,17,6,10.0,3.29872e-07,-5.41072e-07,-4.21296e-06,0.237,0.134702,1.75943,0
14,17,6,10.0,4.39723e-07,-6.94169e-07,-4.15467e-06,0.236891,0.134693,1.75875,0
15,17,6,10.0,4.2382e-07,-6.10704e-07,-4.05181e-06,0.236871,0.134691,1.75862,0
16,17,6,10.0,4.42989e-07,-5.77356e-07,-3.91636e-06,0.236869,0.134692,1.7586,0
17,17,6,10.0,4.39516e-07,-5.92196e-07,-3.76077e-06,0.236964,0.134702,1.75917,0
18,17,6,10.0,4.35015e-07,-6.82863e-07,-3.58189e-06,0.236918,0.134697,1.75889,0
19,17,6,10.0,4.39985e-07,-7.26144e-07,-3.38614e-06,0.236889,0.134694,1.75872,0
20,17,6,10.0,4.34963e-07,-8.13583e-07,-3.16393e-06,0.236871,0.134692,1.75861,0
21,17,6,10.0,4.65005e-07,-9.45839e-07,-2.87961e-06,0.236862,0.134691,1.75856,0
22,17,6,10.0,4.845e-07,-1.1356e-06,-2.5126e-06,0.236857,0.13469,1.75853,0
23,17,6,10.0,5.07281e-07,-1.41288e-06,-2.02992e-06,0.236854,0.13469,1.75851,0
0,18,6,10.0,1.17342e-07,-6.20871e-07,-1.8639e-07,0.238355,0.134747,1.7689,0
1,18,6,10.0,-4.96563e-07,1.60652e-06,-3.35157e-08,0.237558,0.134711,1.76347,0
2,18,6,10.0,-3.32763e-07,9.1274e-07,-1.95444e-07,0.237183,0.134696,1.76087,0
3,18,6,10.0,-1.68877e-07,4.54804e-07,-4.86009e-07,0.237006,0.134691,1.75963,0
4,18,6,10.0,-4.75278e-08,9.75588e-08,-8.47761e-07,0.236923,0.13469,1.75903,0
5,18,6,10.0,5.19239e-08,-1.44763e-07,-1.25203e-06,0.236884,0.134689,1.75874,0
6,18,6,10.0,1.44698e-07,-3.03264e-07,-1.65378e-06,0.236865,0.134689,1.75861,0
7,18,6,10.0,1.73655e-07,-3.81919e-07,-2.02477e-06,0.236857,0.134689,1.75854,0
8,18,6,10.0,2.27466e-07,-4.93222e-07,-2.3625e-06,0.236862,0.134691,1.75856,0
9,18,6,10.0,2.077e-07,-5.78504e-07,-2.65394e-06,0.236925,0.134701,1.7589,0
10,18,6,10.0,2.77767e-07,-6.94594e-07,-2.8796e-06,0.236895,0.134696,1.75874,0
11,18,6,10.0,3.06372e-07,-6.34413e-07,-3.03139e-06,0.236876,0.134693,1.75863,0
12,18,6,10.0,3.21344e-07,-5.1955e-07,-3.11789e-06,0.236863,0.134691,1.75856,0
13,18,6,10.0,3.36089e-07,-4.64533e-07,-3.17443e-06,0.236986,0.1347,1.75936,0
14,18,6,10.0,3.90759e-07,-6.0551e-07,-3.17873e-06,0.236889,0.134693,1.75873,0
15,18,6,10.0,4.01739e-07,-5.60734e-07,-3.12321e-06,0.23687,0.134691,1.75861,0
16,18,6,10.0,3.93909e-07,-5.11129e-07,-3.04241e-06,0.236868,0.134692,1.7586,0
17,18,6,10.0,4.05434e-07,-5.64686e-07,-2.95983e-06,0.236955,0.134701,1.75912,0
18,18,6,10.0,4.00826e-07,-7.13293e-07,-2.8833e-06,0.236909,0.134696,1.75884,0
19,18,6,10.0,3.9153e-07,-7.63386e-07,-2.77639e-06,0.236882,0.134693,1.75868,0
20,18,6,10.0,4.35855e-07,-8.51062e-07,-2.64127e-06,0.236866,0.134691,1.75859,0
21,18,6,10.0,4.36465e-07,-9.77182e-07,-2.45025e-06,0.236858,0.13469,1.75854,0
22,18,6,10.0,4.62187e-07,-1.17557e-06,-2.18142e-06,0.236854,0.13469,1.75851,0
23,18,6,10.0,4.90561e-07,-1.45331e-06,-1.80239e-06,0.236852,0.13469,1.7585,0
0,19,6,10.0,1.45382e-07,-6.25507e-07,8.91799e-07,0.238355,0.134747,1.7689,0
1,19,6,10.0,-4.71334e-07,1.60143e-06,1.04294e-06,0.237558,0.134711,1.76347,0
2,19,6,10.0,-2.80526e-07,9.26168e-07,9.09755e-07,0.237183,0.134696,1.76087,0
3,19,6,10.0,-1.3644e-07,4.2635e-07,6.5889e-07,0.237006,0.134691,1.75963,0
4,19,6,10.0,-3.65052e-08,9.26397e-08,3.32157e-07,0.236923,0.13469,1.75903,0
5,19,6,10.0,9.76684e-08,-1.27742e-07,-3.063e-08,0.236884,0.134689,1.75874,0
6,19,6,10.0,1.68703e-07,-2.76376e-07,-4.01267e-07,0.236865,0.134689,1.75861,0
7,19,6,10.0,1.84279e-07,-3.95778e-07,-7.62976e-07,0.236857,0.134689,1.75854,0
8,19,6,10.0,1.93759e-07,-4.46476e-07,-1.09439e-06,0.236862,0.134691,1.75856,0
9,19,6,10.0,2.64208e-07,-5.57711e-07,-1.38382e-06,0.236925,0.134701,1.7589,0
10,19,6,10.0,2.83849e-07,-6.81656e-07,-1.62021e-06,0.236895,0.134696,1.75874,0
11,19,6,10.0,3.19496e-07,-6.1746e-07,-1.77233e-06,0.236875,0.134693,1.75863,0
12,19,6,10.0,3.25928e-07,-4.70246e-07,-1.87059e-06,0.236863,0.134691,1.75856,0
13,19,6,10.0,3.31814e-07,-4.48204e-07,-1.95483e-06,0.236986,0.1347,1.75936,0
14,19,6,10.0,3.86302e-07,-6.00735e-07,-2.05742e-06,0.236888,0.134693,1.75873,0
15,19,6,10.0,4.02886e-07,-5.42191e-07,-2.05735e-06,0.23687,0.134691,1.75861,0
16,19,6,10.0,3.43352e-07,-5.20629e-07,-2.05499e-06,0.236868,0.134692,1.7586,0
17,19,6,10.0,3.57163e-07,-5.59176e-07,-2.06031e-06,0.236955,0.134701,1.75912,0
18,19,6,10.0,4.29907e-07,-7.3139e-07,-2.07379e-06,0.236909,0.134696,1.75884,0
19,19,6,10.0,4.00917e-07,-7.65346e-07,-2.06863e-06,0.236882,0.134693,1.75868,0
20,19,6,10.0,4.08142e-07,-8.51856e-07,-2.02714e-06,0.236866,0.134691,1.75859,0
21,19,6,10.0,4.16724e-07,-9.91477e-07,-1.94041e-06,0.236858,0.13469,1.75854,0
22,19,6,10.0,4.39543e-07,-1.18049e-06,-1.77667e-06,0.236854,0.13469,1.75851,0
23,19,6,10.0,4.7364e-07,-1.46226e-06,-1.5083e-06,0.236851,0.13469,1.7585,0
0,20,6,10.0,1.40818e-07,-6.25692e-07,2.02125e-06,0.238355,0.134747,1.7689,0
1,20,6,10.0,-4.41996e-07,1.57788e-06,2.155e-06,0.237558,0.134711,1.76347,0
2,20,6,10.0,-2.60114e-07,8.96612e-07,2.05306e-06,0.237183,0.134696,1.76087,0
3,20,6,10.0,-1.12543e-07,4.30189e-07,1.85145e-06,0.237006,0.134691,1.75963,0
4,20,6,10.0,2.02315e-08,1.168e-07,1.58189e-06,0.236923,0.13469,1.75903,0
5,20,6,10.0,1.0185e-07,-1.04217e-07,1.27516e-06,0.236884,0.134689,1.75874,0
6,20,6,10.0,1.45696e-07,-2.27647e-07,9.44053e-07,0.236865,0.134689,1.75861,0
7,20,6,10.0,1.83163e-07,-3.51166e-07,6.10555e-07,0.236857,0.134689,1.75854,0
8,20,6,10.0,2.17791e-07,-4.24517e-07,3.03341e-07,0.236862,0.134691,1.75856,0
9,20,6,10.0,2.30063e-07,-5.25088e-07,3.8414e-08,0.236925,0.134701,1.7589,0
10,20,6,10.0,3.36905e-07,-6.34861e-07,-1.81288e-07,0.236895,0.134696,1.75874,0
11,20,6,10.0,3.32786e-07,-5.73389e-07,-3.35805e-07,0.236875,0.134693,1.75863,0
12,20,6,10.0,3.07503e-07,-4.25482e-07,-4.54582e-07,0.236863,0.134691,1.75856,0
13,20,6,10.0,3.33142e-07,-4.17143e-07,-5.66589e-07,0.236986,0.1347,1.75936,0
14,20,6,10.0,4.00253e-07,-5.77585e-07,-7.6103e-07,0.236888,0.134693,1.75873,0
15,20,6,10.0,3.57381e-07,-5.11806e-07,-8.32203e-07,0.23687,0.134691,1.75861,0
16,20,6,10.0,3.62631e-07,-5.02824e-07,-9.15445e-07,0.236868,0.134692,1.7586,0
17,20,6,10.0,3.61111e-07,-5.4622e-07,-1.01088e-06,0.236955,0.134701,1.75912,0
18,20,6,10.0,3.70553e-07,-7.15346e-07,-1.11267e-06,0.236909,0.134696,1.75884,0
19,20,6,10.0,3.48716e-07,-7.6544e-07,-1.21079e-06,0.236882,0.134693,1.75868,0
20,20,6,10.0,3.57779e-07,-8.49758e-07,-1.28333e-06,0.236866,0.134691,1.75859,0
21,20,6,10.0,3.92138e-07,-9.77793e-07,-1.30349e-06,0.236858,0.13469,1.75854,0
22,20,6,10.0,4.09524e-07,-1.17056e-06,-1.25554e-06,0.236854,0.13469,1.75851,0
23,20,6,10.0,4.39369e-07,-1.45088e-06,-1.11212e-06,0.236851,0.13469,1.7585,0
0,21,6,10.0,1.41011e-07,-6.04346e-07,3.12705e-06,0.238355,0.134747,1.7689,0
1,21,6,10.0,-3.82267e-07,1.55412e-06,3.22279e-06,0.237558,0.134711,1.76347,0
2,21,6,10.0,-2.13447e-07,8.95439e-07,3.14681e-06,0.237183,0.134696,1.76087,0
3,21,6,10.0,-8.44388e-08,4.46266e-07,2.9948e-06,0.237006,0.134691,1.75963,0
4,21,6,10.0,1.3839e-08,1.45664e-07,2.78763e-06,0.236923,0.13469,1.75903,0
5,21,6,10.0,8.64581e-08,-5.20112e-08,2.53413e-06,0.236884,0.134689,1.75874,0
6,21,6,10.0,1.42345e-07,-2.00341e-07,2.25246e-06,0.236865,0.134689,1.75861,0
7,21,6,10.0,1.79378e-07,-3.13304e-07,1.96558e-06,0.236857,0.134689,1.75854,0
8,21,6,10.0,2.02948e-07,-3.92814e-07,1.69549e-06,0.236862,0.134691,1.75856,0
9,21,6,10.0,2.34028e-07,-4.89236e-07,1.45729e-06,0.236925,0.134701,1.7589,0
10,21,6,10.0,2.74829e-07,-5.98101e-07,1.26259e-06,0.236895,0.134696,1.75874,0
11,21,6,10.0,2.77876e-07,-5.28159e-07,1.10673e-06,0.236875,0.134693,1.75863,0
12,21,6,10.0,2.62872e-07,-3.90116e-07,9.71046e-07,0.236863,0.134691,1.75856,0
13,21,6,10.0,2.76699e-07,-3.76761e-07,8.39574e-07,0.236986,0.1347,1.75936,0
14,21,6,10.0,3.28769e-07,-5.34431e-07,5.67968e-07,0.236888,0.134693,1.75873,0
15,21,6,10.0,3.16693e-07,-4.89621e-07,4.30807e-07,0.23687,0.134691,1.75861,0
16,21,6,10.0,3.10935e-07,-4.64169e-07,2.78519e-07,0.236868,0.134692,1.7586,0
17,21,6,10.0,3.0851e-07,-5.16752e-07,1.03756e-07,0.236955,0.134701,1.75912,0
18,21,6,10.0,3.1092e-07,-6.9803e-07,-9.13872e-08,0.236909,0.134696,1.75884,0
19,21,6,10.0,3.04565e-07,-7.36425e-07,-2.85638e-07,0.236882,0.134693,1.75868,0
20,21,6,10.0,3.42751e-07,-8.15658e-07,-4.55242e-07,0.236866,0.134691,1.75859,0
21,21,6,10.0,3.41472e-07,-9.51733e-07,-5.83586e-07,0.236858,0.13469,1.75854,0
22,21,6,10.0,3.61802e-07,-1.13943e-06,-6.55067e-07,0.236854,0.13469,1.75851,0
23,21,6,10.0,3.86924e-07,-1.41893e-06,-6.46591e-07,0.236851,0.13469,1.7585,0
0,22,6,10.0,1.16572e-07,-5.77495e-07,4.08189e-06,0.238355,0.134747,1.7689,0
1,22,6,10.0,-2.98468e-07,1.53258e-06,4.1418e-06,0.237558,0.134711,1.76347,0
2,22,6,10.0,-1.59558e-07,8.95744e-07,4.08287e-06,0.237183,0.134696,1.76087,0
3,22,6,10.0,-5.52851e-08,4.75374e-07,3.96632e-06,0.237006,0.134691,1.75963,0
4,22,6,10.0,6.94269e-09,1.87117e-07,3.79808e-06,0.236923,0.13469,1.75903,0
5,22,6,10.0,6.97974e-08,-1.25776e-08,3.59426e-06,0.236884,0.134689,1.75874,0
6,22,6,10.0,1.24896e-07,-1.58331e-07,3.36686e-06,0.236865,0.134689,1.75861,0
7,22,6,10.0,1.53392e-07,-2.66456e-07,3.12777e-06,0.236857,0.134689,1.75854,0
8,22,6,10.0,1.75426e-07,-3.51518e-07,2.89578e-06,0.236862,0.134691,1.75856,0
9,22,6,10.0,1.97793e-07,-4.51336e-07,2.68621e-06,0.236925,0.134701,1.7589,0
10,22,6,10.0,2.3003e-07,-5.5466e-07,2.50428e-06,0.236895,0.134696,1.75874,0
11,22,6,10.0,2.28655e-07,-4.84163e-07,2.35218e-06,0.236875,0.134693,1.75863,0
12,22,6,10.0,2.13773e-07,-3.52192e-07,2.20976e-06,0.236863,0.134691,1.75856,0
13,22,6,10.0,2.24272e-07,-3.43232e-07,2.06748e-06,0.236986,0.1347,1.75936,0
14,22,6,10.0,2.68605e-07,-5.04006e-07,1.74367e-06,0.236888,0.134693,1.75873,0
15,22,6,10.0,2.57317e-07,-4.57671e-07,1.56156e-06,0.23687,0.134691,1.75861,0
16,22,6,10.0,2.40813e-07,-4.39622e-07,1.35521e-06,0.236868,0.134692,1.7586,0
17,22,6,10.0,2.3764e-07,-4.85756e-07,1.12206e-06,0.236955,0.134701,1.75912,0
18,22,6,10.0,2.80214e-07,-6.58474e-07,8.64714e-07,0.236909,0.134696,1.75884,0
19,22,6,10.0,2.74116e-07,-6.97044e-07,5.9846e-07,0.236882,0.134693,1.75868,0
20,22,6,10.0,2.72253e-07,-7.85628e-07,3.46031e-07,0.236866,0.134691,1.75859,0
21,22,6,10.0,2.80952e-07,-9.13138e-07,1.1679e-07,0.236858,0.13469,1.75854,0
22,22,6,10.0,2.91563e-07,-1.11143e-06,-6.74044e-08,0.236854,0.13469,1.75851,0
23,22,6,10.0,3.16045e-07,-1.38236e-06,-1.88308e-07,0.236851,0.13469,1.7585,0
0,23,6,10.0,8.67341e-08,-5.49748e-07,4.79902e-06,0.238355,0.134747,1.7689,0
1,23,6,10.0,-1.86766e-07,1.52125e-06,4.83593e-06,0.237558,0.134711,1.76347,0
2,23,6,10.0,-8.7529e-08,9.14185e-07,4.78326e-06,0.237183,0.134696,1.76087,0
3,23,6,10.0,-3.67259e-08,5.14771e-07,4.6782e-06,0.237006,0.134691,1.75963,0
4,23,6,10.0,4.10945e-08,2.24617e-07,4.53315e-06,0.236923,0.13469,1.75903,0
5,23,6,10.0,7.98446e-08,4.8558e-08,4.36356e-06,0.236884,0.134689,1.75874,0
6,23,6,10.0,9.61617e-08,-1.05043e-07,4.17236e-06,0.236865,0.134689,1.75861,0
7,23,6,10.0,1.35955e-07,-2.19623e-07,3.9729e-06,0.236857,0.134689,1.75854,0
8,23,6,10.0,1.5626e-07,-3.0042e-07,3.775e-06,0.236862,0.134691,1.75856,0
9,23,6,10.0,1.72654e-07,-3.9647e-07,3.59172e-06,0.236925,0.134701,1.7589,0
10,23,6,10.0,1.9037e-07,-4.98497e-07,3.42571e-06,0.236895,0.134696,1.75874,0
11,23,6,10.0,1.86255e-07,-4.28599e-07,3.28043e-06,0.236875,0.134693,1.75863,0
12,23,6,10.0,1.74644e-07,-3.06804e-07,3.13878e-06,0.236863,0.134691,1.75856,0
13,23,6,10.0,1.78781e-07,-2.96104e-07,2.99384e-06,0.236986,0.1347,1.75936,0
14,23,6,10.0,2.08587e-07,-4.57218e-07,2.64506e-06,0.236888,0.134693,1.75873,0
15,23,6,10.0,1.96333e-07,-4.18906e-07,2.43518e-06,0.23687,0.134691,1.75861,0
16,23,6,10.0,1.86759e-07,-4.01651e-07,2.19404e-06,0.236868,0.134692,1.7586,0
17,23,6,10.0,1.84516e-07,-4.44359e-07,1.92663e-06,0.236955,0.134701,1.75912,0
18,23,6,10.0,2.10625e-07,-6.04719e-07,1.6376e-06,0.236909,0.134696,1.75884,0
19,23,6,10.0,2.01668e-07,-6.51179e-07,1.32454e-06,0.236882,0.134693,1.75868,0
20,23,6,10.0,2.09888e-07,-7.39027e-07,1.00573e-06,0.236866,0.134691,1.75859,0
21,23,6,10.0,2.15896e-07,-8.75986e-07,6.99446e-07,0.236858,0.13469,1.75854,0
22,23,6,10.0,2.20022e-07,-1.07181e-06,4.21886e-07,0.236854,0.13469,1.75851,0
23,23,6,10.0,2.41173e-07,-1.33692e-06,1.95019e-07,0.236851,0.13469,1.7585,0
0,0,7,10.0,-1.56016e-08,-5.7906e-07,-1.75832e-05,0.238339,0.134716,1.7692,0
1,0,7,10.0,-6.63758e-08,4.70018e-07,-1.73584e-05,0.237529,0.134663,1.76389,0
2,0,7,10.0,-7.50768e-08,-1.24275e-07,-1.76524e-05,0.237145,0.134641,1.76131,0
3,0,7,10.0,-8.82815e-08,-5.44169e-07,-1.82144e-05,0.236962,0.134632,1.76007,0
4,0,7,10.0,-9.67467e-08,-8.40738e-07,-1.89732e-05,0.236875,0.134629,1.75947,0
5,0,7,10.0,-9.79702e-08,-1.04496e-06,-1.98556e-05,0.236834,0.134628,1.75918,0
6,0,7,10.0,-9.5599e-08,-1.20416e-06,-2.08044e-05,0.236814,0.134627,1.75904,0
7,0,7,10.0,-8.90249e-08,-1.31257e-06,-2.1736e-05,0.236805,0.134627,1.75897,0
8,0,7,10.0,-8.52472e-08,-1.39487e-06,-2.25931e-05,0.23681,0.134629,1.75898,0
9,0,7,10.0,-7.74683e-08,-1.46798e-06,-2.33164e-05,0.236871,0.134643,1.75925,0
10,0,7,10.0,-7.38208e-08,-1.53955e-06,-2.38459e-05,0.236842,0.134637,1.75912,0
11,0,7,10.0,-7.63693e-08,-1.4986e-06,-2.4124e-05,0.236823,0.134633,1.75903,0
12,0,7,10.0,-7.59484e-08,-1.43054e-06,-2.41912e-05,0.236811,0.13463,1.75898,0
13,0,7,10.0,-6.95334e-08,-1.28258e-06,-2.38409e-05,0.236899,0.134642,1.75947,0
14,0,7,10.0,-4.96408e-08,-1.35947e-06,-2.34675e-05,0.236855,0.134636,1.75922,0
15,0,7,10.0,-4.70993e-08,-1.28654e-06,-2.28496e-05,0.236829,0.134632,1.75908,0
16,0,7,10.0,-4.19727e-08,-1.22853e-06,-2.2011e-05,0.236822,0.134632,1.75904,0
17,0,7,10.0,-3.45863e-08,-1.19846e-06,-2.09585e-05,0.236941,0.134644,1.75976,0
18,0,7,10.0,-2.47839e-08,-1.2042e-06,-1.96884e-05,0.236875,0.134637,1.75936,0
19,0,7,10.0,-2.10976e-08,-1.1536e-06,-1.81357e-05,0.236838,0.134632,1.75915,0
20,0,7,10.0,-1.65623e-08,-1.1197e-06,-1.63135e-05,0.236818,0.13463,1.75903,0
21,0,7,10.0,-1.06828e-08,-1.12053e-06,-1.42155e-05,0.236808,0.134629,1.75897,0
22,0,7,10.0,-6.05957e-09,-1.16576e-06,-1.18122e-05,0.236803,0.134628,1.75894,0
23,0,7,10.0,2.0436e-09,-1.28591e-06,-9.06287e-06,0.2368,0.134628,1.75892,0
0,1,7,10.0,-2.72248e-08,-4.29292e-07,-1.73599e-05,0.238349,0.134718,1.76925,0
1,1,7,10.0,-1.38819e-07,1.41027e-06,-1.71954e-05,0.237549,0.134667,1.76397,0
2,1,7,10.0,-1.62781e-07,8.98215e-07,-1.7471e-05,0.237171,0.134647,1.76143,0
3,1,7,10.0,-1.9598e-07,5.42493e-07,-1.80021e-05,0.236993,0.134639,1.76021,0
4,1,7,10.0,-2.21148e-07,2.97767e-07,-1.87134e-05,0.236908,0.134636,1.75962,0
5,1,7,10.0,-2.29101e-07,1.29252e-07,-1.95408e-05,0.236868,0.134635,1.75933,0
6,1,7,10.0,-2.24494e-07,1.0645e-08,-2.04242e-05,0.23685,0.134635,1.7592,0
7,1,7,10.0,-2.19017e-07,-8.48623e-08,-2.12923e-05,0.236841,0.134635,1.75913,0
8,1,7,10.0,-2.10679e-07,-1.52954e-07,-2.20846e-05,0.236845,0.134637,1.75914,0
9,1,7,10.0,-1.95641e-07,-2.24037e-07,-2.27565e-05,0.236906,0.134651,1.75941,0
10,1,7,10.0,-1.88035e-07,-3.24086e-07,-2.32627e-05,0.236877,0.134644,1.75928,0
11,1,7,10.0,-1.94949e-07,-3.01749e-07,-2.35435e-05,0.236858,0.13464,1.75919,0
12,1,7,10.0,-1.92886e-07,-2.60738e-07,-2.36268e-05,0.236847,0.134638,1.75914,0
13,1,7,10.0,-1.7587e-07,-1.88462e-07,-2.33089e-05,0.236932,0.13465,1.75962,0
14,1,7,10.0,-1.27669e-07,-3.72938e-07,-2.29393e-05,0.236889,0.134644,1.75938,0
15,1,7,10.0,-1.16082e-07,-3.45576e-07,-2.23368e-05,0.236864,0.13464,1.75924,0
16,1,7,10.0,-1.04945e-07,-3.38262e-07,-2.15146e-05,0.236858,0.134639,1.7592,0
17,1,7,10.0,-8.73949e-08,-3.68414e-07,-2.0483e-05,0.236973,0.134651,1.7599,0
18,1,7,10.0,-3.77987e-08,-5.03812e-07,-1.92433e-05,0.236908,0.134644,1.75952,0
19,1,7,10.0,-3.21384e-08,-5.26185e-07,-1.77255e-05,0.236873,0.13464,1.75931,0
20,1,7,10.0,-2.01427e-08,-5.81599e-07,-1.59433e-05,0.236854,0.134638,1.75919,0
21,1,7,10.0,-4.11825e-09,-6.86415e-07,-1.3889e-05,0.236844,0.134637,1.75913,0
22,1,7,10.0,9.53702e-09,-8.5764e-07,-1.15344e-05,0.236838,0.134636,1.7591,0
23,1,7,10.0,3.21838e-08,-1.11156e-06,-8.83642e-06,0.236836,0.134636,1.75909,0
0,2,7,10.0,-3.32006e-08,-4.42162e-07,-1.72693e-05,0.238349,0.134718,1.76925,0
1,2,7,10.0,-1.07896e-07,1.40107e-06,-1.71046e-05,0.237549,0.134667,1.76397,0
2,2,7,10.0,-1.40772e-07,8.77612e-07,-1.73778e-05,0.237171,0.134647,1.76143,0
3,2,7,10.0,-1.71888e-07,5.11718e-07,-1.78976e-05,0.236993,0.134639,1.76021,0
4,2,7,10.0,-1.92377e-07,2.56943e-07,-1.85805e-05,0.236909,0.134636,1.75962,0
5,2,7,10.0,-1.92787e-07,8.9312e-08,-1.93647e-05,0.236869,0.134635,1.75934,0
6,2,7,10.0,-1.63734e-07,-3.45737e-08,-2.01882e-05,0.23685,0.134635,1.7592,0
7,2,7,10.0,-1.1862e-07,-1.15611e-07,-2.09865e-05,0.236841,0.134635,1.75913,0
8,2,7,10.0,-1.03832e-07,-1.87924e-07,-2.17144e-05,0.236846,0.134637,1.75914,0
9,2,7,10.0,-7.70711e-08,-2.54268e-07,-2.23307e-05,0.236906,0.134651,1.75941,0
10,2,7,10.0,-4.2267e-08,-3.52917e-07,-2.28029e-05,0.236878,0.134644,1.75928,0
11,2,7,10.0,-6.18653e-08,-3.30523e-07,-2.30817e-05,0.236859,0.13464,1.75919,0
12,2,7,10.0,-7.01127e-08,-2.89693e-07,-2.3174e-05,0.236847,0.134638,1.75914,0
13,2,7,10.0,-5.17827e-08,-2.17925e-07,-2.28704e-05,0.236932,0.13465,1.75962,0
14,2,7,10.0,2.27628e-09,-4.13132e-07,-2.24972e-05,0.23689,0.134644,1.75938,0
15,2,7,10.0,9.09174e-09,-3.81383e-07,-2.18984e-05,0.236864,0.13464,1.75924,0
16,2,7,10.0,1.55606e-08,-3.70805e-07,-2.10825e-05,0.236858,0.13464,1.7592,0
17,2,7,10.0,3.74796e-08,-4.01337e-07,-2.0058e-05,0.236973,0.134651,1.75991,0
18,2,7,10.0,9.51254e-08,-5.38726e-07,-1.88326e-05,0.236909,0.134644,1.75952,0
19,2,7,10.0,8.86512e-08,-5.59252e-07,-1.7344e-05,0.236873,0.13464,1.75931,0
20,2,7,10.0,8.83814e-08,-6.15899e-07,-1.55996e-05,0.236854,0.134638,1.75919,0
21,2,7,10.0,9.90774e-08,-7.17321e-07,-1.35864e-05,0.236844,0.134637,1.75914,0
22,2,7,10.0,1.13318e-07,-8.98158e-07,-1.12808e-05,0.236839,0.134636,1.7591,0
23,2,7,10.0,1.29635e-07,-1.14059e-06,-8.63645e-06,0.236836,0.134636,1.75909,0
0,3,7,10.0,-3.03745e-08,-4.63973e-07,-1.72517e-05,0.238349,0.134718,1.76925,0
1,3,7,10.0,-9.3853e-08,1.42193e-06,-1.70632e-05,0.237549,0.134667,1.76397,0
2,3,7,10.0,-1.32146e-07,8.57413e-07,-1.73498e-05,0.237171,0.134647,1.76143,0
3,3,7,10.0,-1.70984e-07,4.74708e-07,-1.78852e-05,0.236993,0.134639,1.76021,0
4,3,7,10.0,-2.05977e-07,2.05698e-07,-1.85696e-05,0.236909,0.134636,1.75962,0
5,3,7,10.0,-1.8641e-07,1.29005e-08,-1.93272e-05,0.236869,0.134635,1.75934,0
6,3,7,10.0,-1.25058e-07,-8.99933e-08,-2.00945e-05,0.23685,0.134635,1.7592,0
7,3,7,10.0,-1.04895e-07,-1.79443e-07,-2.0827e-05,0.236841,0.134635,1.75913,0
8,3,7,10.0,-5.29165e-08,-2.50252e-07,-2.14965e-05,0.236846,0.134637,1.75914,0
9,3,7,10.0,-2.16664e-08,-3.15766e-07,-2.20613e-05,0.236906,0.134651,1.75941,0
10,3,7,10.0,-2.83075e-08,-4.10284e-07,-2.25036e-05,0.236878,0.134644,1.75928,0
11,3,7,10.0,-2.89447e-08,-3.81601e-07,-2.27723e-05,0.236859,0.13464,1.75919,0
12,3,7,10.0,-1.93583e-08,-3.50813e-07,-2.28623e-05,0.236847,0.134638,1.75914,0
13,3,7,10.0,8.98771e-09,-2.64195e-07,-2.25495e-05,0.236932,0.13465,1.75962,0
14,3,7,10.0,5.91111e-08,-4.60207e-07,-2.21663e-05,0.23689,0.134644,1.75938,0
15,3,7,10.0,7.91518e-08,-4.29495e-07,-2.15636e-05,0.236864,0.13464,1.75924,0
16,3,7,10.0,7.46037e-08,-4.0566e-07,-2.07487e-05,0.236858,0.13464,1.7592,0
17,3,7,10.0,8.05483e-08,-4.39528e-07,-1.97256e-05,0.236973,0.134651,1.75991,0
18,3,7,10.0,1.64497e-07,-5.60115e-07,-1.85031e-05,0.236909,0.134644,1.75952,0
19,3,7,10.0,1.52675e-07,-5.8836e-07,-1.70383e-05,0.236873,0.13464,1.75931,0
20,3,7,10.0,1.57782e-07,-6.38865e-07,-1.5325e-05,0.236854,0.134638,1.75919,0
21,3,7,10.0,1.60546e-07,-7.45165e-07,-1.33498e-05,0.236844,0.134637,1.75914,0
22,3,7,10.0,1.76451e-07,-9.18842e-07,-1.10877e-05,0.236839,0.134636,1.7591,0
23,3,7,10.0,1.97063e-07,-1.16467e-06,-8.48997e-06,0.236836,0.134636,1.75909,0
0,4,7,10.0,-3.32634e-08,-4.45999e-07,-1.72659e-05,0.238349,0.134718,1.76925,0
1,4,7,10.0,-1.14866e-07,1.43217e-06,-1.70249e-05,0.237549,0.134667,1.76397,0
2,4,7,10.0,-1.42284e-07,8.86976e-07,-1.73384e-05,0.237171,0.134647,1.76143,0
3,4,7,10.0,-1.78909e-07,4.48265e-07,-1.79189e-05,0.236993,0.134639,1.76021,0
4,4,7,10.0,-2.01543e-07,1.52751e-07,-1.86392e-05,0.236909,0.134636,1.75962,0
5,4,7,10.0,-1.59978e-07,-3.06481e-08,-1.93896e-05,0.236869,0.134635,1.75934,0
6,4,7,10.0,-1.392e-07,-1.55436e-07,-2.01206e-05,0.23685,0.134635,1.7592,0
7,4,7,10.0,-9.84443e-08,-2.54254e-07,-2.08135e-05,0.236841,0.134635,1.75913,0
8,4,7,10.0,-4.52423e-08,-2.70357e-07,-2.14345e-05,0.236846,0.134637,1.75914,0
9,4,7,10.0,-2.2446e-08,-3.78672e-07,-2.19615e-05,0.236906,0.134651,1.75941,0
10,4,7,10.0,7.27947e-09,-4.85042e-07,-2.238e-05,0.236878,0.134644,1.75928,0
11,4,7,10.0,2.00933e-08,-4.61953e-07,-2.26243e-05,0.236859,0.13464,1.75919,0
12,4,7,10.0,3.33254e-08,-3.87021e-07,-2.26897e-05,0.236847,0.134638,1.75914,0
13,4,7,10.0,5.88426e-08,-3.05846e-07,-2.23351e-05,0.236932,0.13465,1.75962,0
14,4,7,10.0,1.11137e-07,-5.11316e-07,-2.19387e-05,0.23689,0.134644,1.75938,0
15,4,7,10.0,1.19245e-07,-4.44399e-07,-2.13242e-05,0.236864,0.13464,1.75924,0
16,4,7,10.0,1.4566e-07,-4.50767e-07,-2.05058e-05,0.236858,0.13464,1.7592,0
17,4,7,10.0,1.3787e-07,-4.63662e-07,-1.94864e-05,0.236973,0.134651,1.75991,0
18,4,7,10.0,2.00348e-07,-5.84732e-07,-1.82664e-05,0.236909,0.134644,1.75952,0
19,4,7,10.0,1.9838e-07,-6.02764e-07,-1.68193e-05,0.236873,0.13464,1.75931,0
20,4,7,10.0,1.99886e-07,-6.58914e-07,-1.51295e-05,0.236854,0.134638,1.75919,0
21,4,7,10.0,2.1489e-07,-7.7147e-07,-1.31848e-05,0.236844,0.134637,1.75914,0
22,4,7,10.0,2.30609e-07,-9.35796e-07,-1.09576e-05,0.236839,0.134636,1.7591,0
23,4,7,10.0,2.5125e-07,-1.17783e-06,-8.39883e-06,0.236836,0.134636,1.75909,0
0,5,7,10.0,-1.42571e-08,-4.97833e-07,-1.71961e-05,0.238349,0.134718,1.76925,0
1,5,7,10.0,-1.41664e-07,1.45357e-06,-1.68902e-05,0.237549,0.134667,1.76397,0
2,5,7,10.0,-1.82934e-07,8.98608e-07,-1.72313e-05,0.237171,0.134647,1.76143,0
3,5,7,10.0,-1.64787e-07,4.37649e-07,-1.78638e-05,0.236993,0.134639,1.76021,0
4,5,7,10.0,-1.19968e-07,1.21564e-07,-1.86231e-05,0.236909,0.134636,1.75962,0
5,5,7,10.0,-1.39599e-07,-7.89746e-08,-1.94002e-05,0.236869,0.134635,1.75934,0
6,5,7,10.0,-1.23391e-07,-2.21933e-07,-2.01376e-05,0.23685,0.134635,1.7592,0
7,5,7,10.0,-4.55569e-08,-2.716e-07,-2.08113e-05,0.236841,0.134635,1.75913,0
8,5,7,10.0,-3.4734e-08,-3.68732e-07,-2.14043e-05,0.236846,0.134637,1.75914,0
9,5,7,10.0,9.07051e-09,-4.41619e-07,-2.19029e-05,0.236906,0.134651,1.75941,0
10,5,7,10.0,7.0599e-08,-5.33786e-07,-2.22784e-05,0.236878,0.134644,1.75928,0
11,5,7,10.0,8.93712e-08,-4.81604e-07,-2.24778e-05,0.236859,0.13464,1.75919,0
12,5,7,10.0,9.68345e-08,-4.4868e-07,-2.25005e-05,0.236847,0.134638,1.75914,0
13,5,7,10.0,1.44807e-07,-3.40575e-07,-2.20744e-05,0.236932,0.13465,1.75962,0
14,5,7,10.0,1.95302e-07,-5.36861e-07,-2.16593e-05,0.23689,0.134644,1.75938,0
15,5,7,10.0,2.05811e-07,-5.01226e-07,-2.10313e-05,0.236864,0.13464,1.75924,0
16,5,7,10.0,2.23587e-07,-4.55829e-07,-2.02039e-05,0.236858,0.13464,1.7592,0
17,5,7,10.0,2.21935e-07,-4.91085e-07,-1.91899e-05,0.236973,0.134651,1.75991,0
18,5,7,10.0,2.84053e-07,-6.04777e-07,-1.79842e-05,0.236909,0.134644,1.75952,0
19,5,7,10.0,2.88713e-07,-6.27307e-07,-1.65534e-05,0.236873,0.13464,1.75931,0
20,5,7,10.0,2.8426e-07,-6.82993e-07,-1.4889e-05,0.236854,0.134638,1.75919,0
21,5,7,10.0,2.95691e-07,-7.81072e-07,-1.29751e-05,0.236844,0.134637,1.75914,0
22,5,7,10.0,3.16285e-07,-9.51291e-07,-1.07867e-05,0.236839,0.134636,1.7591,0
23,5,7,10.0,3.32793e-07,-1.18879e-06,-8.27664e-06,0.236836,0.134636,1.75909,0
0,6,7,10.0,4.20462e-08,-4.99706e-07,-1.68375e-05,0.238349,0.134718,1.76925,0
1,6,7,10.0,-2.3135e-07,1.4796e-06,-1.65474e-05,0.237549,0.134667,1.76397,0
2,6,7,10.0,-1.46908e-07,8.8307e-07,-1.69038e-05,0.237171,0.134647,1.76143,0
3,6,7,10.0,-1.01748e-07,4.4572e-07,-1.75668e-05,0.236993,0.134639,1.76021,0
4,6,7,10.0,-8.42029e-08,1.3525e-07,-1.83639e-05,0.236909,0.134636,1.75962,0
5,6,7,10.0,-6.68968e-08,-1.06802e-07,-1.91858e-05,0.236869,0.134635,1.75934,0
6,6,7,10.0,-2.85141e-08,-2.39052e-07,-1.99562e-05,0.23685,0.134635,1.7592,0
7,6,7,10.0,-2.28994e-08,-3.37038e-07,-2.0635e-05,0.236841,0.134635,1.75913,0
8,6,7,10.0,3.73923e-08,-3.88212e-07,-2.12186e-05,0.236846,0.134637,1.75914,0
9,6,7,10.0,8.04574e-08,-4.75923e-07,-2.16826e-05,0.236906,0.134651,1.75941,0
10,6,7,10.0,1.16854e-07,-5.77037e-07,-2.20106e-05,0.236878,0.134644,1.75928,0
11,6,7,10.0,1.4817e-07,-5.31399e-07,-2.21592e-05,0.236859,0.13464,1.75919,0
12,6,7,10.0,1.79509e-07,-4.54078e-07,-2.21255e-05,0.236847,0.134638,1.75914,0
13,6,7,10.0,2.33579e-07,-3.52246e-07,-2.16082e-05,0.236932,0.13465,1.75962,0
14,6,7,10.0,2.95203e-07,-5.51097e-07,-2.11621e-05,0.23689,0.134644,1.75938,0
15,6,7,10.0,3.14508e-07,-4.98575e-07,-2.05166e-05,0.236864,0.13464,1.75924,0
16,6,7,10.0,3.10618e-07,-4.66539e-07,-1.96863e-05,0.236858,0.13464,1.7592,0
17,6,7,10.0,3.21356e-07,-4.89535e-07,-1.86777e-05,0.236973,0.134651,1.75991,0
18,6,7,10.0,4.11323e-07,-5.9789e-07,-1.74818e-05,0.236909,0.134644,1.75952,0
19,6,7,10.0,3.9592e-07,-6.18931e-07,-1.60749e-05,0.236873,0.13464,1.75931,0
20,6,7,10.0,3.97831e-07,-6.74583e-07,-1.44491e-05,0.236854,0.134638,1.75919,0
21,6,7,10.0,3.96644e-07,-7.79238e-07,-1.25852e-05,0.236844,0.134637,1.75914,0
22,6,7,10.0,4.08334e-07,-9.41285e-07,-1.04583e-05,0.236839,0.134636,1.7591,0
23,6,7,10.0,4.28631e-07,-1.18357e-06,-8.02255e-06,0.236836,0.134636,1.75909,0
0,7,7,10.0,6.89088e-08,-4.87946e-07,-1.62373e-05,0.238349,0.134718,1.76925,0
1,7,7,10.0,-2.8663e-07,1.47936e-06,-1.59829e-05,0.237549,0.134667,1.76397,0
2,7,7,10.0,-1.71444e-07,9.00734e-07,-1.63379e-05,0.237171,0.134647,1.76143,0
3,7,7,10.0,-1.03598e-07,4.68811e-07,-1.70036e-05,0.236993,0.134639,1.76021,0
4,7,7,10.0,-6.45551e-08,1.04945e-07,-1.78287e-05,0.236909,0.134636,1.75962,0
5,7,7,10.0,7.14264e-09,-1.08784e-07,-1.86758e-05,0.236869,0.134635,1.75934,0
6,7,7,10.0,3.31919e-08,-2.63902e-07,-1.94801e-05,0.23685,0.134635,1.7592,0
7,7,7,10.0,3.62981e-08,-3.74342e-07,-2.01928e-05,0.236841,0.134635,1.75913,0
8,7,7,10.0,8.42524e-08,-4.24386e-07,-2.07739e-05,0.236846,0.134637,1.75914,0
9,7,7,10.0,1.3495e-07,-4.99045e-07,-2.12123e-05,0.236906,0.134651,1.75941,0
10,7,7,10.0,1.96112e-07,-6.08239e-07,-2.15047e-05,0.236877,0.134644,1.75928,0
11,7,7,10.0,2.26936e-07,-5.33852e-07,-2.16042e-05,0.236859,0.13464,1.75919,0
12,7,7,10.0,2.55197e-07,-4.7702e-07,-2.15268e-05,0.236847,0.134638,1.75914,0
13,7,7,10.0,2.93742e-07,-3.61897e-07,-2.09294e-05,0.236932,0.13465,1.75962,0
14,7,7,10.0,3.55913e-07,-5.5704e-07,-2.04457e-05,0.23689,0.134644,1.75938,0
15,7,7,10.0,3.72627e-07,-5.05609e-07,-1.97796e-05,0.236864,0.13464,1.75924,0
16,7,7,10.0,3.77735e-07,-4.7163e-07,-1.89431e-05,0.236858,0.13464,1.7592,0
17,7,7,10.0,3.9597e-07,-4.93902e-07,-1.79396e-05,0.236973,0.134651,1.75991,0
18,7,7,10.0,4.76672e-07,-5.89531e-07,-1.67549e-05,0.236909,0.134644,1.75952,0
19,7,7,10.0,4.69984e-07,-6.12282e-07,-1.53851e-05,0.236873,0.13464,1.75931,0
20,7,7,10.0,4.62201e-07,-6.67455e-07,-1.38133e-05,0.236854,0.134638,1.75919,0
21,7,7,10.0,4.64954e-07,-7.72911e-07,-1.20204e-05,0.236844,0.134637,1.75914,0
22,7,7,10.0,4.74622e-07,-9.37042e-07,-9.97861e-06,0.236839,0.134636,1.7591,0
23,7,7,10.0,4.90171e-07,-1.17483e-06,-7.64334e-06,0.236836,0.134636,1.75909,0
0,8,7,10.0,8.27446e-08,-4.93831e-07,-1.54709e-05,0.238349,0.134718,1.76925,0
1,8,7,10.0,-3.27567e-07,1.49544e-06,-1.5268e-05,0.237549,0.134667,1.76397,0
2,8,7,10.0,-2.27419e-07,9.00917e-07,-1.56222e-05,0.237171,0.134647,1.76143,0
3,8,7,10.0,-1.34707e-07,4.45648e-07,-1.62792e-05,0.236993,0.134639,1.76021,0
4,8,7,10.0,4.28783e-09,1.09392e-07,-1.70965e-05,0.236909,0.134636,1.75962,0
5,8,7,10.0,7.57117e-09,-1.07475e-07,-1.79617e-05,0.236869,0.134635,1.75934,0
6,8,7,10.0,3.82496e-08,-2.87346e-07,-1.87903e-05,0.23685,0.134635,1.7592,0
7,8,7,10.0,1.04655e-07,-3.95494e-07,-1.95244e-05,0.236841,0.134635,1.75913,0
8,8,7,10.0,1.37146e-07,-4.53528e-07,-2.01205e-05,0.236846,0.134637,1.75914,0
9,8,7,10.0,1.62555e-07,-5.22263e-07,-2.05629e-05,0.236897,0.134649,1.75937,0
10,8,7,10.0,1.89365e-07,-6.07045e-07,-2.08502e-05,0.236869,0.134643,1.75924,0
11,8,7,10.0,2.10047e-07,-5.45538e-07,-2.09411e-05,0.236852,0.134639,1.75916,0
12,8,7,10.0,2.3499e-07,-4.67638e-07,-2.08446e-05,0.236843,0.134637,1.75912,0
13,8,7,10.0,2.85112e-07,-3.45703e-07,-2.01806e-05,0.23691,0.134645,1.75951,0
14,8,7,10.0,3.55633e-07,-5.37807e-07,-1.9649e-05,0.236875,0.134641,1.75931,0
15,8,7,10.0,3.72978e-07,-4.80481e-07,-1.89547e-05,0.236856,0.134638,1.7592,0
16,8,7,10.0,3.88772e-07,-4.65379e-07,-1.8111e-05,0.236853,0.134639,1.75918,0
17,8,7,10.0,4.15195e-07,-4.83866e-07,-1.71134e-05,0.236973,0.134651,1.75991,0
18,8,7,10.0,4.8211e-07,-6.38138e-07,-1.59572e-05,0.236909,0.134644,1.75952,0
19,8,7,10.0,4.80966e-07,-6.59898e-07,-1.4634e-05,0.236873,0.13464,1.75931,0
20,8,7,10.0,4.81135e-07,-7.16525e-07,-1.31279e-05,0.236854,0.134638,1.75919,0
21,8,7,10.0,4.84272e-07,-8.15635e-07,-1.14154e-05,0.236844,0.134637,1.75914,0
22,8,7,10.0,4.93966e-07,-9.71153e-07,-9.46801e-06,0.236839,0.134636,1.7591,0
23,8,7,10.0,5.12587e-07,-1.20939e-06,-7.24332e-06,0.236836,0.134636,1.75909,0
0,9,7,10.0,7.93537e-08,-5.16725e-07,-1.46902e-05,0.238349,0.134718,1.76925,0
1,9,7,10.0,-3.72034e-07,1.50828e-06,-1.44967e-05,0.237549,0.134667,1.76397,0
2,9,7,10.0,-2.55318e-07,8.85446e-07,-1.48486e-05,0.237171,0.134647,1.76143,0
3,9,7,10.0,-1.32956e-07,4.41864e-07,-1.54957e-05,0.236993,0.134639,1.76021,0
4,9,7,10.0,-8.49604e-08,1.2356e-07,-1.63041e-05,0.236909,0.134636,1.75962,0
5,9,7,10.0,5.70617e-09,-1.41997e-07,-1.71824e-05,0.236869,0.134635,1.75934,0
6,9,7,10.0,5.58329e-08,-2.9759e-07,-1.80268e-05,0.23685,0.134635,1.7592,0
7,9,7,10.0,9.62058e-08,-3.91025e-07,-1.8766e-05,0.236841,0.134635,1.75913,0
8,9,7,10.0,1.42962e-07,-4.50594e-07,-1.93802e-05,0.236846,0.134637,1.75914,0
9,9,7,10.0,1.65636e-07,-5.37547e-07,-1.98461e-05,0.236915,0.134653,1.75945,0
10,9,7,10.0,2.09683e-07,-6.68179e-07,-2.0159e-05,0.236886,0.134646,1.75932,0
11,9,7,10.0,2.39311e-07,-6.05495e-07,-2.02647e-05,0.236865,0.134642,1.75922,0
12,9,7,10.0,2.64466e-07,-5.3849e-07,-2.0169e-05,0.236852,0.134639,1.75916,0
13,9,7,10.0,2.76014e-07,-4.68146e-07,-1.98926e-05,0.236844,0.134638,1.75912,0
14,9,7,10.0,3.57837e-07,-3.47623e-07,-1.88646e-05,0.236837,0.134636,1.75909,0
15,9,7,10.0,3.87357e-07,-3.25053e-07,-1.81478e-05,0.236835,0.134636,1.75908,0
16,9,7,10.0,4.04186e-07,-3.23443e-07,-1.73025e-05,0.236843,0.134637,1.75912,0
17,9,7,10.0,4.28198e-07,-3.75179e-07,-1.63255e-05,0.236909,0.134651,1.75943,0
18,9,7,10.0,4.76676e-07,-5.57953e-07,-1.52166e-05,0.236879,0.134645,1.75929,0
19,9,7,10.0,4.78896e-07,-6.02446e-07,-1.39509e-05,0.23686,0.134641,1.7592,0
20,9,7,10.0,4.83358e-07,-6.74907e-07,-1.25124e-05,0.236848,0.134638,1.75914,0
21,9,7,10.0,4.89519e-07,-7.87655e-07,-1.08805e-05,0.236841,0.134637,1.75911,0
22,9,7,10.0,4.98151e-07,-9.58669e-07,-9.02683e-06,0.236838,0.134636,1.75909,0
23,9,7,10.0,5.15173e-07,-1.19741e-06,-6.90776e-06,0.236836,0.134636,1.75908,0
0,10,7,10.0,6.42292e-08,-5.1267e-07,-1.39069e-05,0.238349,0.134718,1.76925,0
1,10,7,10.0,-4.27861e-07,1.48769e-06,-1.37096e-05,0.237549,0.134667,1.76397,0
2,10,7,10.0,-2.85907e-07,9.12379e-07,-1.40536e-05,0.237171,0.134647,1.76143,0
3,10,7,10.0,-1.83013e-07,4.45869e-07,-1.46972e-05,0.236993,0.134639,1.76021,0
4,10,7,10.0,-8.397e-08,8.26655e-08,-1.55108e-05,0.236909,0.134636,1.75962,0
5,10,7,10.0,3.86421e-09,-1.19959e-07,-1.6385e-05,0.236869,0.134635,1.75934,0
6,10,7,10.0,7.43394e-08,-2.93728e-07,-1.72284e-05,0.23685,0.134635,1.7592,0
7,10,7,10.0,1.00481e-07,-4.17423e-07,-1.79829e-05,0.236841,0.134635,1.75913,0
8,10,7,10.0,1.42209e-07,-4.6986e-07,-1.86074e-05,0.236846,0.134637,1.75914,0
9,10,7,10.0,1.92277e-07,-5.46149e-07,-1.90856e-05,0.236906,0.134651,1.75941,0
10,10,7,10.0,2.57049e-07,-6.54674e-07,-1.94071e-05,0.236878,0.134644,1.75928,0
11,10,7,10.0,3.09117e-07,-5.88085e-07,-1.9511e-05,0.236859,0.13464,1.7592,0
12,10,7,10.0,3.48924e-07,-5.25456e-07,-1.94145e-05,0.236848,0.134638,1.75914,0
13,10,7,10.0,3.64022e-07,-4.4733e-07,-1.91343e-05,0.236841,0.134637,1.75911,0
14,10,7,10.0,4.33692e-07,-3.31055e-07,-1.80911e-05,0.236836,0.134636,1.75908,0
15,10,7,10.0,4.48639e-07,-3.02682e-07,-1.73787e-05,0.236835,0.134636,1.75908,0
16,10,7,10.0,4.67274e-07,-3.11885e-07,-1.65513e-05,0.236842,0.134637,1.75911,0
17,10,7,10.0,4.744e-07,-3.62254e-07,-1.56088e-05,0.236906,0.134651,1.75941,0
18,10,7,10.0,5.02735e-07,-5.44704e-07,-1.45544e-05,0.236878,0.134645,1.75928,0
19,10,7,10.0,5.09877e-07,-5.88368e-07,-1.3347e-05,0.236859,0.13464,1.75919,0
20,10,7,10.0,5.10816e-07,-6.64383e-07,-1.19784e-05,0.236847,0.134638,1.75914,0
21,10,7,10.0,5.0926e-07,-7.81167e-07,-1.04278e-05,0.236841,0.134637,1.75911,0
22,10,7,10.0,5.18054e-07,-9.48931e-07,-8.6638e-06,0.236837,0.134636,1.75909,0
23,10,7,10.0,5.27986e-07,-1.19185e-06,-6.64298e-06,0.236836,0.134636,1.75908,0
0,11,7,10.0,7.91185e-08,-5.35232e-07,-1.31366e-05,0.238349,0.134718,1.76925,0
1,11,7,10.0,-4.33046e-07,1.50087e-06,-1.28889e-05,0.237549,0.134667,1.76397,0
2,11,7,10.0,-3.39307e-07,8.70274e-07,-1.32198e-05,0.237171,0.134647,1.76143,0
3,11,7,10.0,-1.98435e-07,4.46959e-07,-1.38555e-05,0.236993,0.134639,1.76021,0
4,11,7,10.0,-7.08901e-08,1.2155e-07,-1.46545e-05,0.236909,0.134636,1.75962,0
5,11,7,10.0,3.35284e-08,-1.37278e-07,-1.55085e-05,0.236869,0.134635,1.75934,0
6,11,7,10.0,6.6211e-08,-2.95399e-07,-1.63545e-05,0.23685,0.134635,1.7592,0
7,11,7,10.0,1.33046e-07,-4.07971e-07,-1.71126e-05,0.236841,0.134635,1.75913,0
8,11,7,10.0,1.88112e-07,-4.63357e-07,-1.77311e-05,0.236846,0.134637,1.75914,0
9,11,7,10.0,2.27933e-07,-5.55545e-07,-1.82064e-05,0.236906,0.134651,1.75941,0
10,11,7,10.0,3.19355e-07,-6.58347e-07,-1.85208e-05,0.236878,0.134644,1.75928,0
11,11,7,10.0,3.43411e-07,-5.87874e-07,-1.86242e-05,0.236859,0.13464,1.75919,0
12,11,7,10.0,3.671e-07,-5.31726e-07,-1.85347e-05,0.236848,0.134638,1.75914,0
13,11,7,10.0,3.99084e-07,-4.58199e-07,-1.82699e-05,0.236841,0.134637,1.75911,0
14,11,7,10.0,4.55475e-07,-3.34191e-07,-1.72754e-05,0.236836,0.134636,1.75908,0
15,11,7,10.0,4.8882e-07,-3.1377e-07,-1.65966e-05,0.236835,0.134636,1.75908,0
16,11,7,10.0,4.89901e-07,-2.94232e-07,-1.58077e-05,0.236842,0.134637,1.75911,0
17,11,7,10.0,4.94677e-07,-3.6044e-07,-1.4918e-05,0.236906,0.134651,1.75941,0
18,11,7,10.0,5.29067e-07,-5.39727e-07,-1.39198e-05,0.236878,0.134644,1.75928,0
19,11,7,10.0,5.20954e-07,-5.83391e-07,-1.27775e-05,0.236859,0.13464,1.75919,0
20,11,7,10.0,5.17993e-07,-6.63436e-07,-1.14851e-05,0.236847,0.134638,1.75914,0
21,11,7,10.0,5.23237e-07,-7.82444e-07,-1.00199e-05,0.236841,0.134637,1.75911,0
22,11,7,10.0,5.2198e-07,-9.44833e-07,-8.34707e-06,0.236837,0.134636,1.75909,0
23,11,7,10.0,5.33739e-07,-1.19095e-06,-6.4193e-06,0.236836,0.134636,1.75908,0
0,12,7,10.0,6.61419e-08,-4.93765e-07,-1.22572e-05,0.238349,0.134718,1.76925,0
1,12,7,10.0,-5.42171e-07,1.47889e-06,-1.1992e-05,0.237549,0.134667,1.76397,0
2,12,7,10.0,-3.75621e-07,8.8116e-07,-1.23104e-05,0.237171,0.134647,1.76143,0
3,12,7,10.0,-2.32123e-07,4.22794e-07,-1.2917e-05,0.236993,0.134639,1.76021,0
4,12,7,10.0,-8.56816e-08,9.00473e-08,-1.36801e-05,0.236909,0.134636,1.75962,0
5,12,7,10.0,-2.72754e-08,-9.25287e-08,-1.45131e-05,0.236869,0.134635,1.75934,0
6,12,7,10.0,8.20786e-08,-2.82834e-07,-1.53425e-05,0.236851,0.134635,1.7592,0
7,12,7,10.0,1.3212e-07,-3.95134e-07,-1.60791e-05,0.236842,0.134635,1.75914,0
8,12,7,10.0,1.66713e-07,-4.9596e-07,-1.66923e-05,0.236846,0.134637,1.75914,0
9,12,7,10.0,2.36173e-07,-5.6832e-07,-1.71642e-05,0.236906,0.134651,1.75941,0
10,12,7,10.0,3.01684e-07,-6.52716e-07,-1.74778e-05,0.236878,0.134645,1.75928,0
11,12,7,10.0,3.23036e-07,-6.18397e-07,-1.75985e-05,0.236859,0.134641,1.7592,0
12,12,7,10.0,3.57517e-07,-5.50094e-07,-1.75393e-05,0.236848,0.134638,1.75914,0
13,12,7,10.0,4.06919e-07,-4.72124e-07,-1.72983e-05,0.236841,0.134637,1.75911,0
14,12,7,10.0,4.55524e-07,-3.58057e-07,-1.64185e-05,0.236844,0.134637,1.75912,0
15,12,7,10.0,4.90155e-07,-3.14403e-07,-1.57775e-05,0.23684,0.134637,1.75911,0
16,12,7,10.0,4.98881e-07,-3.25243e-07,-1.50432e-05,0.236846,0.134638,1.75913,0
17,12,7,10.0,4.99476e-07,-3.64107e-07,-1.42141e-05,0.236906,0.134651,1.75941,0
18,12,7,10.0,5.08762e-07,-4.95135e-07,-1.32757e-05,0.236878,0.134645,1.75928,0
19,12,7,10.0,5.00303e-07,-5.45125e-07,-1.22096e-05,0.236859,0.134641,1.7592,0
20,12,7,10.0,5.05392e-07,-6.25125e-07,-1.10001e-05,0.236848,0.134638,1.75914,0
21,12,7,10.0,5.07593e-07,-7.41862e-07,-9.62223e-06,0.236841,0.134637,1.75911,0
22,12,7,10.0,5.17058e-07,-9.17644e-07,-8.04284e-06,0.236838,0.134636,1.75909,0
23,12,7,10.0,5.28343e-07,-1.15629e-06,-6.21072e-06,0.236836,0.134636,1.75908,0
0,13,7,10.0,1.11231e-07,-5.45866e-07,-1.12632e-05,0.23835,0.134718,1.76925,0
1,13,7,10.0,-5.52839e-07,1.43697e-06,-1.09463e-05,0.23755,0.134667,1.76398,0
2,13,7,10.0,-3.94961e-07,8.02789e-07,-1.12287e-05,0.237172,0.134647,1.76144,0
3,13,7,10.0,-2.0812e-07,4.00642e-07,-1.17931e-05,0.236994,0.134639,1.76021,0
4,13,7,10.0,-6.23466e-08,1.32733e-07,-1.25122e-05,0.23691,0.134637,1.75963,0
5,13,7,10.0,2.75743e-08,-1.06306e-07,-1.33142e-05,0.236871,0.134636,1.75934,0
6,13,7,10.0,1.36217e-07,-3.0236e-07,-1.40809e-05,0.236853,0.134636,1.75921,0
7,13,7,10.0,1.97574e-07,-4.44652e-07,-1.47982e-05,0.236844,0.134636,1.75914,0
8,13,7,10.0,2.48223e-07,-5.42076e-07,-1.54153e-05,0.236847,0.134638,1.75915,0
9,13,7,10.0,3.03666e-07,-6.28854e-07,-1.58825e-05,0.236928,0.134655,1.75952,0
10,13,7,10.0,3.28238e-07,-7.61206e-07,-1.62139e-05,0.236892,0.134647,1.75935,0
11,13,7,10.0,3.86958e-07,-6.95341e-07,-1.63557e-05,0.236868,0.134642,1.75924,0
12,13,7,10.0,4.42586e-07,-6.4033e-07,-1.63296e-05,0.236854,0.134639,1.75917,0
13,13,7,10.0,4.63131e-07,-4.70852e-07,-1.5847e-05,0.236938,0.134651,1.75965,0
14,13,7,10.0,5.76972e-07,-7.12395e-07,-1.54016e-05,0.236896,0.134645,1.75941,0
15,13,7,10.0,5.29917e-07,-6.34111e-07,-1.48258e-05,0.23687,0.134641,1.75927,0
16,13,7,10.0,5.49604e-07,-5.9439e-07,-1.4156e-05,0.236859,0.13464,1.75921,0
17,13,7,10.0,5.6194e-07,-5.93427e-07,-1.34e-05,0.236992,0.134655,1.76,0
18,13,7,10.0,5.32498e-07,-6.11591e-07,-1.25416e-05,0.236922,0.134647,1.75958,0
19,13,7,10.0,5.47656e-07,-6.27518e-07,-1.15606e-05,0.236882,0.134642,1.75935,0
20,13,7,10.0,5.49253e-07,-6.88568e-07,-1.04398e-05,0.23686,0.134639,1.75922,0
21,13,7,10.0,5.43538e-07,-8.00321e-07,-9.15952e-06,0.236848,0.134638,1.75915,0
22,13,7,10.0,5.55344e-07,-9.39955e-07,-7.67828e-06,0.236842,0.134637,1.75912,0
23,13,7,10.0,5.70316e-07,-1.18338e-06,-5.95326e-06,0.23684,0.134637,1.7591,0
0,14,7,10.0,1.54238e-07,-4.93892e-07,-8.50285e-06,0.238349,0.134718,1.76925,0
1,14,7,10.0,-5.64218e-07,1.35736e-06,-8.33086e-06,0.237549,0.134667,1.76397,0
2,14,7,10.0,-3.66105e-07,8.01873e-07,-8.5847e-06,0.237171,0.134647,1.76143,0
3,14,7,10.0,-2.15698e-07,4.09684e-07,-9.06761e-06,0.236993,0.134639,1.76021,0
4,14,7,10.0,-8.42272e-08,1.24286e-07,-9.68813e-06,0.236909,0.134636,1.75962,0
5,14,7,10.0,2.71384e-08,-8.92962e-08,-1.03695e-05,0.236869,0.134635,1.75934,0
6,14,7,10.0,1.23768e-07,-2.44702e-07,-1.1057e-05,0.23685,0.134635,1.7592,0
7,14,7,10.0,2.36828e-07,-3.68326e-07,-1.16957e-05,0.236841,0.134635,1.75913,0
8,14,7,10.0,2.74709e-07,-4.47233e-07,-1.2252e-05,0.236846,0.134637,1.75914,0
9,14,7,10.0,3.19528e-07,-5.29916e-07,-1.27078e-05,0.236906,0.134651,1.75941,0
10,14,7,10.0,4.11187e-07,-6.26331e-07,-1.30439e-05,0.236878,0.134644,1.75928,0
11,14,7,10.0,4.09375e-07,-5.76377e-07,-1.32292e-05,0.236859,0.13464,1.75919,0
12,14,7,10.0,4.16202e-07,-4.7685e-07,-1.32788e-05,0.236847,0.134638,1.75914,0
13,14,7,10.0,4.50496e-07,-4.45808e-07,-1.3226e-05,0.236968,0.13465,1.75988,0
14,14,7,10.0,5.13889e-07,-5.5227e-07,-1.27694e-05,0.236872,0.13464,1.7593,0
15,14,7,10.0,5.15883e-07,-5.05362e-07,-1.23682e-05,0.236854,0.134638,1.75919,0
16,14,7,10.0,5.0711e-07,-4.67406e-07,-1.18748e-05,0.236852,0.134638,1.75917,0
17,14,7,10.0,5.11522e-07,-4.83432e-07,-1.1294e-05,0.236937,0.134651,1.75964,0
18,14,7,10.0,5.67503e-07,-6.1323e-07,-1.06248e-05,0.236892,0.134644,1.75939,0
19,14,7,10.0,5.57276e-07,-6.32592e-07,-9.8391e-06,0.236865,0.13464,1.75925,0
20,14,7,10.0,5.52529e-07,-6.97554e-07,-8.92967e-06,0.23685,0.134638,1.75917,0
21,14,7,10.0,5.60395e-07,-8.06076e-07,-7.87304e-06,0.236842,0.134637,1.75912,0
22,14,7,10.0,5.74622e-07,-9.63418e-07,-6.6346e-06,0.236838,0.134636,1.7591,0
23,14,7,10.0,5.98876e-07,-1.19541e-06,-5.16655e-06,0.236836,0.134636,1.75909,0
0,15,7,10.0,1.36667e-07,-4.82415e-07,-7.17955e-06,0.238349,0.134718,1.76925,0
1,15,7,10.0,-5.30957e-07,1.35104e-06,-7.03624e-06,0.237549,0.134667,1.76397,0
2,15,7,10.0,-3.46399e-07,7.9222e-07,-7.29037e-06,0.237171,0.134647,1.76143,0
3,15,7,10.0,-1.95418e-07,3.96703e-07,-7.76422e-06,0.236993,0.134639,1.76021,0
4,15,7,10.0,-7.33527e-08,1.11744e-07,-8.36419e-06,0.236908,0.134636,1.75962,0
5,15,7,10.0,4.39956e-08,-8.04396e-08,-9.01015e-06,0.236868,0.134635,1.75933,0
6,15,7,10.0,1.53369e-07,-2.4613e-07,-9.65444e-06,0.23685,0.134635,1.7592,0
7,15,7,10.0,2.3892e-07,-3.55746e-07,-1.02483e-05,0.236841,0.134635,1.75913,0
8,15,7,10.0,2.95854e-07,-4.26788e-07,-1.07741e-05,0.236845,0.134637,1.75914,0
9,15,7,10.0,3.47762e-07,-5.04747e-07,-1.12117e-05,0.236906,0.134651,1.75941,0
10,15,7,10.0,4.05068e-07,-5.95732e-07,-1.15486e-05,0.236877,0.134644,1.75928,0
11,15,7,10.0,4.18218e-07,-5.39639e-07,-1.17551e-05,0.236859,0.13464,1.75919,0
12,15,7,10.0,4.29416e-07,-4.507e-07,-1.18397e-05,0.236847,0.134638,1.75914,0
13,15,7,10.0,4.44943e-07,-4.15049e-07,-1.1823e-05,0.236968,0.13465,1.75988,0
14,15,7,10.0,5.16699e-07,-5.29624e-07,-1.14987e-05,0.236872,0.13464,1.7593,0
15,15,7,10.0,5.10387e-07,-4.77167e-07,-1.11728e-05,0.236854,0.134638,1.75919,0
16,15,7,10.0,5.11105e-07,-4.51053e-07,-1.07554e-05,0.236852,0.134638,1.75917,0
17,15,7,10.0,5.21786e-07,-4.64642e-07,-1.02493e-05,0.236937,0.134651,1.75964,0
18,15,7,10.0,5.56005e-07,-5.96139e-07,-9.65637e-06,0.236892,0.134644,1.75939,0
19,15,7,10.0,5.47765e-07,-6.2068e-07,-8.96701e-06,0.236865,0.13464,1.75925,0
20,15,7,10.0,5.4312e-07,-6.89969e-07,-8.16551e-06,0.23685,0.134638,1.75916,0
21,15,7,10.0,5.48369e-07,-8.0272e-07,-7.2247e-06,0.236842,0.134637,1.75912,0
22,15,7,10.0,5.63412e-07,-9.6418e-07,-6.10817e-06,0.236838,0.134636,1.7591,0
23,15,7,10.0,5.86491e-07,-1.19468e-06,-4.76793e-06,0.236835,0.134636,1.75908,0
0,16,7,10.0,9.33754e-08,-4.83947e-07,-6.04191e-06,0.238349,0.134718,1.76925,0
1,16,7,10.0,-5.25992e-07,1.36126e-06,-5.89272e-06,0.237548,0.134667,1.76397,0
2,16,7,10.0,-3.73229e-07,8.02459e-07,-6.15285e-06,0.23717,0.134646,1.76143,0
3,16,7,10.0,-2.24197e-07,4.006e-07,-6.63234e-06,0.236991,0.134638,1.76021,0
4,16,7,10.0,-1.18117e-07,1.19747e-07,-7.23547e-06,0.236907,0.134636,1.75962,0
5,16,7,10.0,-1.5012e-08,-8.42556e-08,-7.87745e-06,0.236867,0.134635,1.75933,0
6,16,7,10.0,7.765e-08,-2.24952e-07,-8.50474e-06,0.236848,0.134635,1.75919,0
7,16,7,10.0,1.60962e-07,-3.24848e-07,-9.07592e-06,0.236839,0.134635,1.75913,0
8,16,7,10.0,1.97848e-07,-3.97087e-07,-9.58798e-06,0.236844,0.134637,1.75914,0
9,16,7,10.0,2.47199e-07,-4.67395e-07,-1.00155e-05,0.236882,0.134646,1.7593,0
10,16,7,10.0,2.99241e-07,-5.30243e-07,-1.03614e-05,0.236862,0.134641,1.75921,0
11,16,7,10.0,3.13226e-07,-4.81146e-07,-1.05836e-05,0.236849,0.134638,1.75915,0
12,16,7,10.0,3.19136e-07,-3.87547e-07,-1.06926e-05,0.236841,0.134637,1.75911,0
13,16,7,10.0,3.56974e-07,-3.59336e-07,-1.07002e-05,0.236955,0.134647,1.75982,0
14,16,7,10.0,4.40434e-07,-4.46297e-07,-1.04603e-05,0.236869,0.134639,1.75929,0
15,16,7,10.0,4.39252e-07,-4.03046e-07,-1.0187e-05,0.236852,0.134638,1.75919,0
16,16,7,10.0,4.53873e-07,-3.96834e-07,-9.82555e-06,0.236851,0.134638,1.75917,0
17,16,7,10.0,4.60013e-07,-4.19619e-07,-9.3844e-06,0.236928,0.134649,1.7596,0
18,16,7,10.0,4.76848e-07,-6.0135e-07,-8.86691e-06,0.236883,0.134642,1.75935,0
19,16,7,10.0,4.73945e-07,-6.3487e-07,-8.26579e-06,0.236859,0.134639,1.75922,0
20,16,7,10.0,4.74455e-07,-7.07522e-07,-7.56424e-06,0.236846,0.134637,1.75914,0
21,16,7,10.0,4.8631e-07,-8.21685e-07,-6.72686e-06,0.236839,0.134636,1.75911,0
22,16,7,10.0,5.05818e-07,-9.84523e-07,-5.71673e-06,0.236835,0.134635,1.75909,0
23,16,7,10.0,5.29447e-07,-1.21909e-06,-4.48544e-06,0.236833,0.134635,1.75908,0
0,17,7,10.0,9.44122e-08,-5.09435e-07,-5.08097e-06,0.23835,0.134718,1.76925,0
1,17,7,10.0,-4.96909e-07,1.35651e-06,-4.88982e-06,0.23755,0.134667,1.76398,0
2,17,7,10.0,-3.55748e-07,7.66742e-07,-5.15778e-06,0.237172,0.134647,1.76144,0
3,17,7,10.0,-2.225e-07,3.67314e-07,-5.64888e-06,0.236994,0.134639,1.76021,0
4,17,7,10.0,-1.05015e-07,6.43184e-08,-6.2667e-06,0.23691,0.134637,1.75962,0
5,17,7,10.0,-2.91063e-10,-1.30071e-07,-6.91963e-06,0.23687,0.134636,1.75934,0
6,17,7,10.0,9.98093e-08,-2.77567e-07,-7.55381e-06,0.236852,0.134636,1.7592,0
7,17,7,10.0,1.11461e-07,-3.53269e-07,-8.13204e-06,0.236843,0.134636,1.75914,0
8,17,7,10.0,2.05824e-07,-4.2688e-07,-8.64135e-06,0.236847,0.134638,1.75915,0
9,17,7,10.0,1.91008e-07,-5.06651e-07,-9.07977e-06,0.236931,0.134656,1.75953,0
10,17,7,10.0,2.56273e-07,-6.39812e-07,-9.43911e-06,0.236893,0.134648,1.75936,0
11,17,7,10.0,2.92922e-07,-5.8532e-07,-9.6686e-06,0.236869,0.134642,1.75924,0
12,17,7,10.0,3.22946e-07,-5.07714e-07,-9.78668e-06,0.236853,0.134639,1.75917,0
13,17,7,10.0,3.2297e-07,-4.54926e-07,-9.81691e-06,0.236982,0.134653,1.75995,0
14,17,7,10.0,4.08488e-07,-5.89855e-07,-9.6355e-06,0.236875,0.13464,1.75932,0
15,17,7,10.0,4.25089e-07,-5.35658e-07,-9.40007e-06,0.236855,0.134638,1.7592,0
16,17,7,10.0,4.12485e-07,-4.86892e-07,-9.09008e-06,0.236853,0.134638,1.75918,0
17,17,7,10.0,4.25155e-07,-5.13826e-07,-8.71194e-06,0.236945,0.134652,1.75968,0
18,17,7,10.0,4.23629e-07,-6.06919e-07,-8.26832e-06,0.2369,0.134646,1.75943,0
19,17,7,10.0,4.18419e-07,-6.29693e-07,-7.74837e-06,0.236872,0.134642,1.75928,0
20,17,7,10.0,4.31501e-07,-7.01587e-07,-7.13482e-06,0.236855,0.134639,1.75919,0
21,17,7,10.0,4.34687e-07,-8.13918e-07,-6.38855e-06,0.236846,0.134638,1.75914,0
22,17,7,10.0,4.58028e-07,-9.77909e-07,-5.46837e-06,0.236841,0.134637,1.75911,0
23,17,7,10.0,4.85339e-07,-1.20865e-06,-4.32629e-06,0.236838,0.134636,1.75909,0
0,18,7,10.0,1.06665e-07,-5.0494e-07,-4.17293e-06,0.238349,0.134718,1.76925,0
1,18,7,10.0,-4.90509e-07,1.37835e-06,-3.91268e-06,0.237549,0.134667,1.76397,0
2,18,7,10.0,-3.1742e-07,8.10677e-07,-4.17165e-06,0.237171,0.134647,1.76143,0
3,18,7,10.0,-1.77407e-07,3.62402e-07,-4.65766e-06,0.236993,0.134639,1.76021,0
4,18,7,10.0,-3.80941e-08,7.85101e-08,-5.26338e-06,0.236909,0.134636,1.75962,0
5,18,7,10.0,8.26991e-08,-1.16298e-07,-5.90433e-06,0.236869,0.134635,1.75934,0
6,18,7,10.0,1.47181e-07,-2.28175e-07,-6.53016e-06,0.23685,0.134635,1.7592,0
7,18,7,10.0,2.16808e-07,-3.43939e-07,-7.11283e-06,0.236841,0.134635,1.75913,0
8,18,7,10.0,2.30955e-07,-3.64105e-07,-7.62668e-06,0.236846,0.134637,1.75914,0
9,18,7,10.0,2.63181e-07,-4.75696e-07,-8.07649e-06,0.236906,0.134651,1.75941,0
10,18,7,10.0,3.20353e-07,-5.84495e-07,-8.43911e-06,0.236878,0.134645,1.75928,0
11,18,7,10.0,3.41494e-07,-5.34356e-07,-8.66987e-06,0.236859,0.13464,1.7592,0
12,18,7,10.0,3.5142e-07,-4.17585e-07,-8.7946e-06,0.236847,0.134638,1.75914,0
13,18,7,10.0,3.68539e-07,-4.03457e-07,-8.8576e-06,0.236969,0.13465,1.75988,0
14,18,7,10.0,4.12278e-07,-5.34973e-07,-8.76438e-06,0.236872,0.13464,1.7593,0
15,18,7,10.0,3.96487e-07,-4.57737e-07,-8.58295e-06,0.236854,0.134638,1.75919,0
16,18,7,10.0,4.07427e-07,-4.60354e-07,-8.3422e-06,0.236852,0.134638,1.75917,0
17,18,7,10.0,4.01179e-07,-4.85556e-07,-8.04734e-06,0.236937,0.134651,1.75964,0
18,18,7,10.0,4.04672e-07,-6.21563e-07,-7.70087e-06,0.236892,0.134644,1.75939,0
19,18,7,10.0,3.85447e-07,-6.495e-07,-7.27426e-06,0.236865,0.13464,1.75925,0
20,18,7,10.0,4.06616e-07,-7.19137e-07,-6.74245e-06,0.23685,0.134638,1.75917,0
21,18,7,10.0,4.35941e-07,-8.3937e-07,-6.08114e-06,0.236842,0.134637,1.75912,0
22,18,7,10.0,4.55506e-07,-9.97668e-07,-5.24781e-06,0.236838,0.134636,1.7591,0
23,18,7,10.0,4.80485e-07,-1.2408e-06,-4.19224e-06,0.236836,0.134636,1.75909,0
0,19,7,10.0,1.22292e-07,-5.28363e-07,-3.15012e-06,0.238349,0.134718,1.76925,0
1,19,7,10.0,-4.81931e-07,1.40136e-06,-2.86366e-06,0.237549,0.134667,1.76397,0
2,19,7,10.0,-3.20727e-07,7.6044e-07,-3.09989e-06,0.237171,0.134647,1.76143,0
3,19,7,10.0,-1.53033e-07,3.68274e-07,-3.54765e-06,0.236993,0.134639,1.76021,0
4,19,7,10.0,-6.55754e-09,6.30973e-08,-4.10475e-06,0.236909,0.134636,1.75962,0
5,19,7,10.0,8.43239e-08,-1.22439e-07,-4.70172e-06,0.236869,0.134635,1.75934,0
6,19,7,10.0,1.60309e-07,-2.50471e-07,-5.29679e-06,0.23685,0.134635,1.7592,0
7,19,7,10.0,2.21401e-07,-3.09599e-07,-5.85485e-06,0.236841,0.134635,1.75913,0
8,19,7,10.0,2.32043e-07,-3.88531e-07,-6.36379e-06,0.236846,0.134637,1.75914,0
9,19,7,10.0,2.51634e-07,-4.68413e-07,-6.81388e-06,0.236906,0.134651,1.75941,0
10,19,7,10.0,3.37527e-07,-5.52767e-07,-7.17027e-06,0.236878,0.134644,1.75928,0
11,19,7,10.0,3.40709e-07,-5.0624e-07,-7.40803e-06,0.236859,0.13464,1.75919,0
12,19,7,10.0,3.33338e-07,-3.98578e-07,-7.54868e-06,0.236847,0.134638,1.75914,0
13,19,7,10.0,3.59549e-07,-3.72745e-07,-7.64597e-06,0.236968,0.13465,1.75988,0
14,19,7,10.0,4.12515e-07,-4.98475e-07,-7.66931e-06,0.236872,0.13464,1.7593,0
15,19,7,10.0,3.93547e-07,-4.67228e-07,-7.56367e-06,0.236854,0.134638,1.75919,0
16,19,7,10.0,4.08934e-07,-4.41836e-07,-7.40483e-06,0.236852,0.134638,1.75917,0
17,19,7,10.0,3.71805e-07,-4.80316e-07,-7.21021e-06,0.236937,0.134651,1.75964,0
18,19,7,10.0,3.68225e-07,-6.28287e-07,-6.97502e-06,0.236892,0.134644,1.75939,0
19,19,7,10.0,3.79402e-07,-6.68498e-07,-6.64733e-06,0.236865,0.13464,1.75925,0
20,19,7,10.0,3.85114e-07,-7.36048e-07,-6.21036e-06,0.23685,0.134638,1.75917,0
21,19,7,10.0,4.07523e-07,-8.40715e-07,-5.64052e-06,0.236842,0.134637,1.75912,0
22,19,7,10.0,4.32194e-07,-1.01077e-06,-4.90518e-06,0.236838,0.134636,1.7591,0
23,19,7,10.0,4.60057e-07,-1.25097e-06,-3.95344e-06,0.236836,0.134636,1.75909,0
0,20,7,10.0,1.63897e-07,-5.20571e-07,-1.98277e-06,0.238349,0.134718,1.76925,0
1,20,7,10.0,-4.57476e-07,1.3525e-06,-1.72832e-06,0.237549,0.134667,1.76397,0
2,20,7,10.0,-2.54723e-07,7.69069e-07,-1.93167e-06,0.237171,0.134647,1.76143,0
3,20,7,10.0,-9.29293e-08,3.55087e-07,-2.32119e-06,0.236993,0.134639,1.76021,0
4,20,7,10.0,2.87126e-08,7.34442e-08,-2.80916e-06,0.236909,0.134636,1.75962,0
5,20,7,10.0,1.29073e-07,-8.80333e-08,-3.34326e-06,0.236869,0.134635,1.75934,0
6,20,7,10.0,2.06247e-07,-2.09583e-07,-3.88408e-06,0.23685,0.134635,1.7592,0
7,20,7,10.0,2.20985e-07,-2.87326e-07,-4.41214e-06,0.236841,0.134635,1.75913,0
8,20,7,10.0,2.40275e-07,-3.64685e-07,-4.90296e-06,0.236846,0.134637,1.75914,0
9,20,7,10.0,2.93213e-07,-4.41736e-07,-5.32786e-06,0.236906,0.134651,1.75941,0
10,20,7,10.0,3.259e-07,-5.4209e-07,-5.67013e-06,0.236878,0.134644,1.75928,0
11,20,7,10.0,3.48609e-07,-4.86345e-07,-5.90924e-06,0.236859,0.13464,1.75919,0
12,20,7,10.0,3.389e-07,-3.64587e-07,-6.06978e-06,0.236847,0.134638,1.75914,0
13,20,7,10.0,3.49173e-07,-3.51948e-07,-6.19586e-06,0.236968,0.13465,1.75988,0
14,20,7,10.0,3.94762e-07,-4.87687e-07,-6.32609e-06,0.236872,0.13464,1.7593,0
15,20,7,10.0,3.99988e-07,-4.49059e-07,-6.29235e-06,0.236854,0.134638,1.75919,0
16,20,7,10.0,3.74298e-07,-4.18888e-07,-6.22216e-06,0.236852,0.134638,1.75917,0
17,20,7,10.0,3.75273e-07,-4.75994e-07,-6.12971e-06,0.236937,0.134651,1.75964,0
18,20,7,10.0,3.95834e-07,-6.34946e-07,-5.99866e-06,0.236892,0.134644,1.75939,0
19,20,7,10.0,3.87567e-07,-6.47195e-07,-5.77702e-06,0.236865,0.13464,1.75925,0
20,20,7,10.0,3.947e-07,-7.18505e-07,-5.4506e-06,0.23685,0.134638,1.75917,0
21,20,7,10.0,3.98026e-07,-8.36344e-07,-4.9942e-06,0.236842,0.134637,1.75912,0
22,20,7,10.0,4.22835e-07,-9.98378e-07,-4.37568e-06,0.236838,0.134636,1.7591,0
23,20,7,10.0,4.56704e-07,-1.24062e-06,-3.55284e-06,0.236836,0.134636,1.75909,0
0,21,7,10.0,1.61403e-07,-5.07422e-07,-7.91583e-07,0.238349,0.134718,1.76925,0
1,21,7,10.0,-4.00491e-07,1.33178e-06,-5.89628e-07,0.237549,0.134667,1.76397,0
2,21,7,10.0,-2.12577e-07,7.55632e-07,-7.59201e-07,0.237171,0.134647,1.76143,0
3,21,7,10.0,-6.74303e-08,3.67744e-07,-1.08476e-06,0.236993,0.134639,1.76021,0
4,21,7,10.0,4.67935e-08,1.00711e-07,-1.5009e-06,0.236909,0.134636,1.75962,0
5,21,7,10.0,1.28061e-07,-6.56294e-08,-1.96471e-06,0.236869,0.134635,1.75934,0
6,21,7,10.0,1.82985e-07,-1.83642e-07,-2.45312e-06,0.23685,0.134635,1.7592,0
7,21,7,10.0,2.2063e-07,-2.70618e-07,-2.94185e-06,0.236841,0.134635,1.75913,0
8,21,7,10.0,2.38311e-07,-3.35213e-07,-3.39916e-06,0.236846,0.134637,1.75914,0
9,21,7,10.0,2.63073e-07,-4.20217e-07,-3.79478e-06,0.236906,0.134651,1.75941,0
10,21,7,10.0,3.1024e-07,-5.09879e-07,-4.11945e-06,0.236878,0.134644,1.75928,0
11,21,7,10.0,3.17624e-07,-4.53086e-07,-4.35252e-06,0.236859,0.13464,1.75919,0
12,21,7,10.0,2.97137e-07,-3.35263e-07,-4.52657e-06,0.236847,0.134638,1.75914,0
13,21,7,10.0,3.10259e-07,-3.27589e-07,-4.67242e-06,0.236968,0.13465,1.75988,0
14,21,7,10.0,3.63174e-07,-4.66015e-07,-4.87872e-06,0.236872,0.13464,1.7593,0
15,21,7,10.0,3.50425e-07,-4.27666e-07,-4.90774e-06,0.236854,0.134638,1.75919,0
16,21,7,10.0,3.30729e-07,-4.12442e-07,-4.91269e-06,0.236852,0.134638,1.75917,0
17,21,7,10.0,3.27911e-07,-4.53179e-07,-4.8999e-06,0.236937,0.134651,1.75964,0
18,21,7,10.0,3.69597e-07,-6.05078e-07,-4.85552e-06,0.236892,0.134644,1.75939,0
19,21,7,10.0,3.50918e-07,-6.3565e-07,-4.73679e-06,0.236865,0.13464,1.75925,0
20,21,7,10.0,3.52006e-07,-7.07519e-07,-4.52153e-06,0.23685,0.134638,1.75917,0
21,21,7,10.0,3.6724e-07,-8.06678e-07,-4.18431e-06,0.236842,0.134637,1.75912,0
22,21,7,10.0,3.82393e-07,-9.80645e-07,-3.69789e-06,0.236838,0.134636,1.7591,0
23,21,7,10.0,4.16385e-07,-1.21762e-06,-3.02431e-06,0.236836,0.134636,1.75909,0
0,22,7,10.0,1.42749e-07,-4.86745e-07,2.61937e-07,0.238349,0.134718,1.76925,0
1,22,7,10.0,-3.07709e-07,1.31049e-06,4.22329e-07,0.237549,0.134667,1.76397,0
2,22,7,10.0,-1.50464e-07,7.62586e-07,2.77967e-07,0.237171,0.134647,1.76143,0
3,22,7,10.0,-3.26756e-08,3.82806e-07,-2.25703e-09,0.236993,0.134639,1.76021,0
4,22,7,10.0,6.92007e-08,1.36382e-07,-3.58932e-07,0.236909,0.134636,1.75962,0
5,22,7,10.0,1.22995e-07,-2.26537e-08,-7.68556e-07,0.236869,0.134635,1.75934,0
6,22,7,10.0,1.62548e-07,-1.45946e-07,-1.20778e-06,0.23685,0.134635,1.7592,0
7,22,7,10.0,2.0369e-07,-2.39599e-07,-1.64984e-06,0.236841,0.134635,1.75913,0
8,22,7,10.0,2.23194e-07,-3.08586e-07,-2.07173e-06,0.236846,0.134637,1.75914,0
9,22,7,10.0,2.45244e-07,-3.92913e-07,-2.44391e-06,0.236906,0.134651,1.75941,0
10,22,7,10.0,2.77868e-07,-4.79694e-07,-2.74938e-06,0.236878,0.134644,1.75928,0
11,22,7,10.0,2.77993e-07,-4.2085e-07,-2.97454e-06,0.236859,0.13464,1.75919,0
12,22,7,10.0,2.58077e-07,-3.04957e-07,-3.15145e-06,0.236847,0.134638,1.75914,0
13,22,7,10.0,2.65534e-07,-3.02155e-07,-3.30388e-06,0.236968,0.13465,1.75988,0
14,22,7,10.0,3.10524e-07,-4.43542e-07,-3.55253e-06,0.236872,0.13464,1.7593,0
15,22,7,10.0,2.89997e-07,-3.97755e-07,-3.62315e-06,0.236854,0.134638,1.75919,0
16,22,7,10.0,2.81175e-07,-3.91426e-07,-3.67902e-06,0.236852,0.134638,1.75917,0
17,22,7,10.0,2.8564e-07,-4.27703e-07,-3.71832e-06,0.236937,0.134651,1.75964,0
18,22,7,10.0,3.06855e-07,-5.7634e-07,-3.73307e-06,0.236892,0.134644,1.75939,0
19,22,7,10.0,3.11702e-07,-6.11265e-07,-3.69231e-06,0.236865,0.13464,1.75925,0
20,22,7,10.0,3.1568e-07,-6.67345e-07,-3.57004e-06,0.23685,0.134638,1.75917,0
21,22,7,10.0,3.18219e-07,-7.88507e-07,-3.34487e-06,0.236842,0.134637,1.75912,0
22,22,7,10.0,3.27643e-07,-9.51275e-07,-2.9912e-06,0.236838,0.134636,1.7591,0
23,22,7,10.0,3.56337e-07,-1.18976e-06,-2.46898e-06,0.236836,0.134636,1.75909,0
0,23,7,10.0,1.13457e-07,-4.63839e-07,1.0788e-06,0.238349,0.134718,1.76925,0
1,23,7,10.0,-1.91636e-07,1.30044e-06,1.20859e-06,0.237549,0.134667,1.76397,0
2,23,7,10.0,-6.79022e-08,7.67016e-07,1.07369e-06,0.237171,0.134647,1.76143,0
3,23,7,10.0,4.6253e-08,4.15554e-07,8.24358e-07,0.236993,0.134639,1.76021,0
4,23,7,10.0,8.6197e-08,1.987e-07,4.96326e-07,0.236909,0.134636,1.75962,0
5,23,7,10.0,1.2844e-07,5.22748e-09,1.14118e-07,0.236869,0.134635,1.75934,0
6,23,7,10.0,1.72375e-07,-1.14228e-07,-2.91809e-07,0.23685,0.134635,1.7592,0
7,23,7,10.0,1.94395e-07,-1.99968e-07,-6.96447e-07,0.236841,0.134635,1.75913,0
8,23,7,10.0,2.18438e-07,-2.66193e-07,-1.08253e-06,0.236846,0.134637,1.75914,0
9,23,7,10.0,2.41628e-07,-3.50889e-07,-1.42664e-06,0.236906,0.134651,1.75941,0
10,23,7,10.0,2.63931e-07,-4.32018e-07,-1.7121e-06,0.236878,0.134644,1.75928,0
11,23,7,10.0,2.56954e-07,-3.73674e-07,-1.92537e-06,0.236859,0.13464,1.75919,0
12,23,7,10.0,2.36454e-07,-2.69768e-07,-2.0961e-06,0.236847,0.134638,1.75914,0
13,23,7,10.0,2.37466e-07,-2.65246e-07,-2.2451e-06,0.236968,0.13465,1.75988,0
14,23,7,10.0,2.66568e-07,-4.05127e-07,-2.50342e-06,0.236872,0.13464,1.7593,0
15,23,7,10.0,2.49686e-07,-3.73561e-07,-2.59753e-06,0.236854,0.134638,1.75919,0
16,23,7,10.0,2.36455e-07,-3.54018e-07,-2.67542e-06,0.236852,0.134638,1.75917,0
17,23,7,10.0,2.4017e-07,-3.88429e-07,-2.74157e-06,0.236937,0.134651,1.75964,0
18,23,7,10.0,2.65158e-07,-5.40286e-07,-2.79118e-06,0.236892,0.134644,1.75939,0
19,23,7,10.0,2.66854e-07,-5.67128e-07,-2.79667e-06,0.236865,0.13464,1.75925,0
20,23,7,10.0,2.61754e-07,-6.40591e-07,-2.7445e-06,0.23685,0.134638,1.75917,0
21,23,7,10.0,2.59284e-07,-7.54782e-07,-2.61137e-06,0.236842,0.134637,1.75912,0
22,23,7,10.0,2.68348e-07,-9.21844e-07,-2.36766e-06,0.236838,0.134636,1.7591,0
23,23,7,10.0,2.84693e-07,-1.15355e-06,-1.97663e-06,0.236836,0.134636,1.75909,0
0,0,8,10.0,-2.19433e-08,-4.30338e-07,-2.0692e-05,0.238336,0.134696,1.76943,0
1,0,8,10.0,-8.34884e-08,3.51871e-07,-2.03518e-05,0.237524,0.134634,1.76422,0
2,0,8,10.0,-9.63505e-08,-1.0033e-07,-2.07098e-05,0.237138,0.134608,1.76169,0
3,0,8,10.0,-1.13999e-07,-4.23532e-07,-2.13948e-05,0.236954,0.134597,1.76047,0
4,0,8,10.0,-1.2493e-07,-6.41248e-07,-2.22868e-05,0.236867,0.134593,1.75987,0
5,0,8,10.0,-1.30303e-07,-7.94347e-07,-2.33041e-05,0.236825,0.134592,1.75958,0
6,0,8,10.0,-1.24797e-07,-8.86941e-07,-2.43794e-05,0.236805,0.134591,1.75944,0
7,0,8,10.0,-1.20124e-07,-9.67418e-07,-2.54294e-05,0.236796,0.134591,1.75938,0
8,0,8,10.0,-1.12968e-07,-1.00359e-06,-2.63867e-05,0.2368,0.134593,1.75938,0
9,0,8,10.0,-1.03683e-07,-1.04559e-06,-2.71939e-05,0.23686,0.134609,1.75961,0
10,0,8,10.0,-9.91295e-08,-1.09267e-06,-2.77997e-05,0.236832,0.134602,1.7595,0
11,0,8,10.0,-1.01207e-07,-1.07044e-06,-2.81463e-05,0.236813,0.134597,1.75942,0
12,0,8,10.0,-1.0138e-07,-1.03087e-06,-2.82613e-05,0.236802,0.134594,1.75937,0
13,0,8,10.0,-9.35086e-08,-9.30961e-07,-2.79225e-05,0.236888,0.134608,1.75983,0
14,0,8,10.0,-7.6651e-08,-9.73331e-07,-2.75049e-05,0.236845,0.134601,1.75961,0
15,0,8,10.0,-7.13958e-08,-9.30098e-07,-2.68238e-05,0.236819,0.134597,1.75947,0
16,0,8,10.0,-6.49067e-08,-8.8702e-07,-2.58903e-05,0.236813,0.134596,1.75943,0
17,0,8,10.0,-5.58698e-08,-8.70276e-07,-2.47038e-05,0.236931,0.13461,1.76012,0
18,0,8,10.0,-4.21493e-08,-8.76912e-07,-2.3256e-05,0.236865,0.134602,1.75974,0
19,0,8,10.0,-3.79026e-08,-8.44641e-07,-2.14746e-05,0.236829,0.134597,1.75954,0
20,0,8,10.0,-3.16522e-08,-8.22561e-07,-1.93622e-05,0.236809,0.134594,1.75943,0
21,0,8,10.0,-2.50883e-08,-8.20504e-07,-1.69057e-05,0.236799,0.134593,1.75937,0
22,0,8,10.0,-1.8639e-08,-8.72422e-07,-1.40743e-05,0.236793,0.134592,1.75934,0
23,0,8,10.0,-1.04735e-08,-9.59548e-07,-1.08201e-05,0.236791,0.134592,1.75933,0
0,1,8,10.0,-4.03031e-08,-3.1612e-07,-2.04112e-05,0.238345,0.134699,1.76947,0
1,1,8,10.0,-1.67795e-07,1.05885e-06,-2.01532e-05,0.237543,0.134639,1.76429,0
2,1,8,10.0,-2.02907e-07,6.64799e-07,-2.04888e-05,0.237163,0.134615,1.76179,0
3,1,8,10.0,-2.43764e-07,3.90576e-07,-2.11376e-05,0.236984,0.134605,1.76058,0
4,1,8,10.0,-2.78944e-07,2.02451e-07,-2.19865e-05,0.236899,0.134602,1.76,0
5,1,8,10.0,-2.92304e-07,8.02788e-08,-2.29561e-05,0.236858,0.1346,1.75971,0
6,1,8,10.0,-2.85601e-07,-3.66452e-09,-2.39741e-05,0.23684,0.1346,1.75958,0
7,1,8,10.0,-2.75459e-07,-6.976e-08,-2.49674e-05,0.236831,0.1346,1.75951,0
8,1,8,10.0,-2.65386e-07,-1.13089e-07,-2.58705e-05,0.236835,0.134602,1.75951,0
9,1,8,10.0,-2.45164e-07,-1.56923e-07,-2.66347e-05,0.236893,0.134618,1.75975,0
10,1,8,10.0,-2.36052e-07,-2.23007e-07,-2.72203e-05,0.236866,0.134611,1.75963,0
11,1,8,10.0,-2.45265e-07,-2.13271e-07,-2.75717e-05,0.236847,0.134606,1.75956,0
12,1,8,10.0,-2.44462e-07,-1.91561e-07,-2.77039e-05,0.236836,0.134603,1.75951,0
13,1,8,10.0,-2.22064e-07,-1.41913e-07,-2.73983e-05,0.23692,0.134617,1.75996,0
14,1,8,10.0,-1.80785e-07,-2.65845e-07,-2.69897e-05,0.236878,0.13461,1.75974,0
15,1,8,10.0,-1.66716e-07,-2.48233e-07,-2.63218e-05,0.236853,0.134606,1.75961,0
16,1,8,10.0,-1.49501e-07,-2.43109e-07,-2.5401e-05,0.236847,0.134605,1.75957,0
17,1,8,10.0,-1.28542e-07,-2.67734e-07,-2.42302e-05,0.236961,0.134618,1.76025,0
18,1,8,10.0,-7.72315e-08,-3.64653e-07,-2.28069e-05,0.236897,0.13461,1.75987,0
19,1,8,10.0,-6.63316e-08,-3.8528e-07,-2.10553e-05,0.236862,0.134606,1.75967,0
20,1,8,10.0,-5.29706e-08,-4.25859e-07,-1.89808e-05,0.236843,0.134603,1.75957,0
21,1,8,10.0,-3.53145e-08,-5.0139e-07,-1.65686e-05,0.236833,0.134602,1.75951,0
22,1,8,10.0,-1.8493e-08,-6.41931e-07,-1.37875e-05,0.236828,0.134601,1.75948,0
23,1,8,10.0,7.54896e-09,-8.28881e-07,-1.05828e-05,0.236825,0.134601,1.75947,0
0,2,8,10.0,-4.17512e-08,-3.25549e-07,-2.03242e-05,0.238345,0.134699,1.76947,0
1,2,8,10.0,-1.05325e-07,1.05167e-06,-2.00701e-05,0.237543,0.134639,1.7643,0
2,2,8,10.0,-1.53983e-07,6.49435e-07,-2.04055e-05,0.237163,0.134615,1.76179,0
3,2,8,10.0,-2.04517e-07,3.69703e-07,-2.10493e-05,0.236984,0.134605,1.76058,0
4,2,8,10.0,-2.41146e-07,1.7477e-07,-2.18818e-05,0.236899,0.134602,1.76,0
5,2,8,10.0,-2.37697e-07,4.45304e-08,-2.28166e-05,0.236859,0.134601,1.75972,0
6,2,8,10.0,-2.06925e-07,-3.47074e-08,-2.37847e-05,0.23684,0.1346,1.75958,0
7,2,8,10.0,-1.78423e-07,-9.51823e-08,-2.47182e-05,0.236831,0.1346,1.75951,0
8,2,8,10.0,-1.49026e-07,-1.47575e-07,-2.55678e-05,0.236835,0.134602,1.75951,0
9,2,8,10.0,-1.19552e-07,-1.87525e-07,-2.6284e-05,0.236894,0.134618,1.75975,0
10,2,8,10.0,-1.15222e-07,-2.54339e-07,-2.68449e-05,0.236866,0.134611,1.75964,0
11,2,8,10.0,-1.21075e-07,-2.35491e-07,-2.71932e-05,0.236848,0.134606,1.75956,0
12,2,8,10.0,-1.17399e-07,-2.18185e-07,-2.73312e-05,0.236837,0.134604,1.75951,0
13,2,8,10.0,-9.81364e-08,-1.66635e-07,-2.70362e-05,0.23692,0.134617,1.75996,0
14,2,8,10.0,-5.01626e-08,-2.96764e-07,-2.66237e-05,0.236878,0.13461,1.75974,0
15,2,8,10.0,-3.00591e-08,-2.80834e-07,-2.59554e-05,0.236854,0.134606,1.75961,0
16,2,8,10.0,-1.64495e-08,-2.67527e-07,-2.50335e-05,0.236847,0.134605,1.75957,0
17,2,8,10.0,1.63009e-09,-2.95655e-07,-2.38638e-05,0.236962,0.134618,1.76025,0
18,2,8,10.0,6.82412e-08,-3.94714e-07,-2.24449e-05,0.236898,0.134611,1.75987,0
19,2,8,10.0,6.31037e-08,-4.16522e-07,-2.0715e-05,0.236863,0.134606,1.75967,0
20,2,8,10.0,6.82761e-08,-4.50831e-07,-1.86709e-05,0.236843,0.134603,1.75957,0
21,2,8,10.0,8.15055e-08,-5.38095e-07,-1.62972e-05,0.236834,0.134602,1.75951,0
22,2,8,10.0,8.77058e-08,-6.70369e-07,-1.35637e-05,0.236828,0.134601,1.75948,0
23,2,8,10.0,1.05374e-07,-8.55069e-07,-1.04054e-05,0.236826,0.134601,1.75947,0
0,3,8,10.0,-5.68986e-08,-3.3522e-07,-2.0357e-05,0.238345,0.134699,1.76947,0
1,3,8,10.0,-8.41367e-08,1.06276e-06,-2.00681e-05,0.237543,0.134639,1.7643,0
2,3,8,10.0,-1.46523e-07,6.57227e-07,-2.04248e-05,0.237163,0.134615,1.76179,0
3,3,8,10.0,-2.02914e-07,3.4906e-07,-2.10997e-05,0.236984,0.134605,1.76058,0
4,3,8,10.0,-2.33283e-07,1.42955e-07,-2.19506e-05,0.236899,0.134602,1.76,0
5,3,8,10.0,-2.32879e-07,1.42228e-08,-2.28755e-05,0.236859,0.134601,1.75972,0
6,3,8,10.0,-1.95323e-07,-7.19806e-08,-2.38027e-05,0.23684,0.1346,1.75958,0
7,3,8,10.0,-1.46484e-07,-1.49263e-07,-2.46869e-05,0.236831,0.1346,1.75951,0
8,3,8,10.0,-1.15381e-07,-1.73906e-07,-2.54881e-05,0.236835,0.134602,1.75951,0
9,3,8,10.0,-9.15161e-08,-2.41693e-07,-2.61663e-05,0.236894,0.134618,1.75975,0
10,3,8,10.0,-6.62576e-08,-3.04214e-07,-2.67019e-05,0.236866,0.134611,1.75964,0
11,3,8,10.0,-6.58355e-08,-2.93515e-07,-2.70388e-05,0.236848,0.134606,1.75956,0
12,3,8,10.0,-6.31173e-08,-2.48233e-07,-2.7166e-05,0.236837,0.134604,1.75951,0
13,3,8,10.0,-3.12873e-08,-1.92171e-07,-2.68474e-05,0.23692,0.134617,1.75996,0
14,3,8,10.0,1.48217e-08,-3.36387e-07,-2.64194e-05,0.236878,0.13461,1.75974,0
15,3,8,10.0,3.41778e-08,-2.93857e-07,-2.57351e-05,0.236854,0.134606,1.75961,0
16,3,8,10.0,5.71532e-08,-3.01202e-07,-2.48035e-05,0.236847,0.134605,1.75957,0
17,3,8,10.0,6.63334e-08,-3.15242e-07,-2.36264e-05,0.236962,0.134618,1.76025,0
18,3,8,10.0,1.27429e-07,-4.16674e-07,-2.22046e-05,0.236898,0.134611,1.75987,0
19,3,8,10.0,1.22607e-07,-4.23932e-07,-2.04901e-05,0.236863,0.134606,1.75967,0
20,3,8,10.0,1.23956e-07,-4.7112e-07,-1.84696e-05,0.236843,0.134603,1.75957,0
21,3,8,10.0,1.3456e-07,-5.58281e-07,-1.61271e-05,0.236834,0.134602,1.75951,0
22,3,8,10.0,1.52612e-07,-6.89756e-07,-1.34288e-05,0.236828,0.134601,1.75948,0
23,3,8,10.0,1.7429e-07,-8.63934e-07,-1.0307e-05,0.236826,0.134601,1.75947,0
0,4,8,10.0,-4.58186e-08,-3.55418e-07,-2.04412e-05,0.238345,0.134699,1.76947,0
1,4,8,10.0,-9.93396e-08,1.08044e-06,-2.0088e-05,0.237543,0.134639,1.7643,0
2,4,8,10.0,-1.50684e-07,6.46964e-07,-2.04774e-05,0.237163,0.134615,1.76179,0
3,4,8,10.0,-1.82312e-07,3.49069e-07,-2.12115e-05,0.236984,0.134605,1.76058,0
4,4,8,10.0,-2.14279e-07,1.26802e-07,-2.21138e-05,0.236899,0.134602,1.76,0
5,4,8,10.0,-2.22307e-07,-2.49765e-08,-2.30627e-05,0.236859,0.134601,1.75972,0
6,4,8,10.0,-1.74005e-07,-1.22324e-07,-2.39779e-05,0.23684,0.1346,1.75958,0
7,4,8,10.0,-1.29487e-07,-1.70073e-07,-2.48307e-05,0.236831,0.1346,1.75951,0
8,4,8,10.0,-9.59994e-08,-2.37848e-07,-2.5602e-05,0.236835,0.134602,1.75951,0
9,4,8,10.0,-6.45309e-08,-2.85686e-07,-2.62555e-05,0.236894,0.134618,1.75975,0
10,4,8,10.0,-4.625e-08,-3.44001e-07,-2.67641e-05,0.236866,0.134611,1.75964,0
11,4,8,10.0,-1.90731e-08,-3.00236e-07,-2.70692e-05,0.236848,0.134606,1.75956,0
12,4,8,10.0,-2.09492e-08,-2.92115e-07,-2.71637e-05,0.236837,0.134604,1.75951,0
13,4,8,10.0,3.96256e-08,-2.32826e-07,-2.67816e-05,0.23692,0.134617,1.75996,0
14,4,8,10.0,7.40693e-08,-3.60008e-07,-2.63316e-05,0.236878,0.13461,1.75974,0
15,4,8,10.0,9.98015e-08,-3.49478e-07,-2.5625e-05,0.236854,0.134606,1.75961,0
16,4,8,10.0,1.05493e-07,-2.96039e-07,-2.46762e-05,0.236847,0.134605,1.75957,0
17,4,8,10.0,1.18965e-07,-3.49446e-07,-2.34911e-05,0.236962,0.134618,1.76025,0
18,4,8,10.0,1.90972e-07,-4.41057e-07,-2.207e-05,0.236898,0.134611,1.75987,0
19,4,8,10.0,1.87205e-07,-4.60907e-07,-2.03629e-05,0.236863,0.134606,1.75967,0
20,4,8,10.0,1.91711e-07,-5.0347e-07,-1.83584e-05,0.236843,0.134603,1.75957,0
21,4,8,10.0,2.00706e-07,-5.77582e-07,-1.60368e-05,0.236834,0.134602,1.75951,0
22,4,8,10.0,2.22576e-07,-7.06844e-07,-1.33606e-05,0.236828,0.134601,1.75948,0
23,4,8,10.0,2.43275e-07,-8.82746e-07,-1.02669e-05,0.236826,0.134601,1.75947,0
0,5,8,10.0,-7.88113e-09,-3.1706e-07,-2.04032e-05,0.238345,0.134699,1.76947,0
1,5,8,10.0,-1.58089e-07,1.10315e-06,-2.00018e-05,0.237543,0.134639,1.7643,0
2,5,8,10.0,-1.14234e-07,6.56081e-07,-2.042e-05,0.237163,0.134615,1.76179,0
3,5,8,10.0,-1.44512e-07,3.55641e-07,-2.12148e-05,0.236984,0.134605,1.76058,0
4,5,8,10.0,-1.67392e-07,1.18584e-07,-2.21839e-05,0.236899,0.134602,1.76,0
5,5,8,10.0,-1.38202e-07,-4.63416e-08,-2.31785e-05,0.236859,0.134601,1.75972,0
6,5,8,10.0,-1.1671e-07,-1.33141e-07,-2.41169e-05,0.23684,0.1346,1.75958,0
7,5,8,10.0,-1.17593e-07,-2.17434e-07,-2.49712e-05,0.236831,0.1346,1.75951,0
8,5,8,10.0,-2.96758e-08,-2.19469e-07,-2.5729e-05,0.236835,0.134602,1.75951,0
9,5,8,10.0,-1.75164e-08,-3.16223e-07,-2.63566e-05,0.236894,0.134618,1.75975,0
10,5,8,10.0,1.5379e-08,-3.80027e-07,-2.68292e-05,0.236866,0.134611,1.75964,0
11,5,8,10.0,4.04625e-08,-3.65959e-07,-2.70824e-05,0.236848,0.134606,1.75956,0
12,5,8,10.0,8.03341e-08,-3.03227e-07,-2.71222e-05,0.236837,0.134604,1.75951,0
13,5,8,10.0,1.3202e-07,-2.41013e-07,-2.6637e-05,0.23692,0.134617,1.75996,0
14,5,8,10.0,1.8528e-07,-3.9326e-07,-2.61595e-05,0.236878,0.13461,1.75974,0
15,5,8,10.0,2.05765e-07,-3.34311e-07,-2.54261e-05,0.236854,0.134606,1.75961,0
16,5,8,10.0,2.15054e-07,-3.3727e-07,-2.44594e-05,0.236847,0.134605,1.75957,0
17,5,8,10.0,2.20179e-07,-3.44723e-07,-2.32695e-05,0.236962,0.134618,1.76025,0
18,5,8,10.0,3.02419e-07,-4.41783e-07,-2.18476e-05,0.236898,0.134611,1.75987,0
19,5,8,10.0,2.8912e-07,-4.5164e-07,-2.01504e-05,0.236863,0.134606,1.75967,0
20,5,8,10.0,2.91768e-07,-4.95573e-07,-1.81627e-05,0.236843,0.134603,1.75957,0
21,5,8,10.0,2.99601e-07,-5.82389e-07,-1.58661e-05,0.236834,0.134602,1.75951,0
22,5,8,10.0,3.15061e-07,-7.04064e-07,-1.32239e-05,0.236828,0.134601,1.75948,0
23,5,8,10.0,3.34604e-07,-8.83467e-07,-1.01724e-05,0.236826,0.134601,1.75947,0
0,6,8,10.0,2.79022e-08,-3.5781e-07,-2.0085e-05,0.238345,0.134699,1.76947,0
1,6,8,10.0,-1.82398e-07,1.10844e-06,-1.96914e-05,0.237543,0.134639,1.7643,0
2,6,8,10.0,-1.47201e-07,6.8661e-07,-2.01233e-05,0.237163,0.134615,1.76179,0
3,6,8,10.0,-1.15071e-07,3.57258e-07,-2.09595e-05,0.236984,0.134605,1.76058,0
4,6,8,10.0,-8.46849e-08,9.67131e-08,-2.19819e-05,0.236899,0.134602,1.76,0
5,6,8,10.0,-6.95547e-08,-2.48704e-08,-2.30277e-05,0.236859,0.134601,1.75972,0
6,6,8,10.0,-7.85918e-08,-1.6266e-07,-2.40182e-05,0.23684,0.1346,1.75958,0
7,6,8,10.0,-4.39163e-08,-2.41961e-07,-2.49085e-05,0.236831,0.1346,1.75951,0
8,6,8,10.0,-3.42273e-09,-2.8168e-07,-2.56543e-05,0.236835,0.134602,1.75951,0
9,6,8,10.0,4.92879e-08,-3.37509e-07,-2.62519e-05,0.236894,0.134618,1.75975,0
10,6,8,10.0,1.04141e-07,-4.15185e-07,-2.66758e-05,0.236866,0.134611,1.75964,0
11,6,8,10.0,1.45718e-07,-3.43264e-07,-2.68628e-05,0.236848,0.134606,1.75956,0
12,6,8,10.0,1.72189e-07,-3.29395e-07,-2.68327e-05,0.236837,0.134604,1.75951,0
13,6,8,10.0,2.1038e-07,-2.60899e-07,-2.62421e-05,0.23692,0.134617,1.75996,0
14,6,8,10.0,2.89444e-07,-4.00335e-07,-2.57173e-05,0.236878,0.13461,1.75974,0
15,6,8,10.0,2.99592e-07,-3.67163e-07,-2.49563e-05,0.236854,0.134606,1.75961,0
16,6,8,10.0,3.08545e-07,-3.3182e-07,-2.3972e-05,0.236847,0.134605,1.75957,0
17,6,8,10.0,3.21275e-07,-3.5419e-07,-2.2777e-05,0.236962,0.134618,1.76025,0
18,6,8,10.0,4.01685e-07,-4.45584e-07,-2.13576e-05,0.236898,0.134611,1.75987,0
19,6,8,10.0,3.99688e-07,-4.59694e-07,-1.96794e-05,0.236863,0.134606,1.75967,0
20,6,8,10.0,3.90093e-07,-5.00132e-07,-1.77271e-05,0.236843,0.134603,1.75957,0
21,6,8,10.0,3.96645e-07,-5.80509e-07,-1.5478e-05,0.236834,0.134602,1.75951,0
22,6,8,10.0,4.11043e-07,-7.07441e-07,-1.2896e-05,0.236828,0.134601,1.75948,0
23,6,8,10.0,4.27428e-07,-8.83619e-07,-9.91983e-06,0.236826,0.134601,1.75947,0
0,7,8,10.0,6.50411e-08,-3.5761e-07,-1.94807e-05,0.238345,0.134699,1.76947,0
1,7,8,10.0,-2.43751e-07,1.13584e-06,-1.91406e-05,0.237543,0.134639,1.7643,0
2,7,8,10.0,-1.94283e-07,6.78418e-07,-1.95881e-05,0.237163,0.134615,1.76179,0
3,7,8,10.0,-1.03063e-07,3.3071e-07,-2.04356e-05,0.236984,0.134605,1.76058,0
4,7,8,10.0,-2.39011e-08,1.1361e-07,-2.14777e-05,0.236899,0.134602,1.76,0
5,7,8,10.0,-2.66511e-08,-7.10962e-08,-2.2568e-05,0.236859,0.134601,1.75972,0
6,7,8,10.0,-4.86809e-09,-1.80035e-07,-2.36111e-05,0.23684,0.1346,1.75958,0
7,7,8,10.0,3.60624e-08,-2.60147e-07,-2.45302e-05,0.236831,0.1346,1.75951,0
8,7,8,10.0,6.58581e-08,-2.97122e-07,-2.52843e-05,0.236835,0.134602,1.75951,0
9,7,8,10.0,1.09604e-07,-3.63057e-07,-2.58551e-05,0.236894,0.134618,1.75975,0
10,7,8,10.0,1.72696e-07,-4.2165e-07,-2.62321e-05,0.236866,0.134611,1.75964,0
11,7,8,10.0,2.0433e-07,-3.98591e-07,-2.63671e-05,0.236848,0.134606,1.75956,0
12,7,8,10.0,2.29406e-07,-3.56702e-07,-2.62906e-05,0.236836,0.134603,1.75951,0
13,7,8,10.0,2.75181e-07,-2.82488e-07,-2.56014e-05,0.23692,0.134617,1.75996,0
14,7,8,10.0,3.33909e-07,-4.28024e-07,-2.50272e-05,0.236878,0.13461,1.75974,0
15,7,8,10.0,3.5249e-07,-3.69267e-07,-2.42316e-05,0.236854,0.134606,1.75961,0
16,7,8,10.0,3.66695e-07,-3.59695e-07,-2.32315e-05,0.236847,0.134605,1.75957,0
17,7,8,10.0,3.86854e-07,-3.64673e-07,-2.20309e-05,0.236962,0.134618,1.76025,0
18,7,8,10.0,4.7242e-07,-4.48144e-07,-2.06177e-05,0.236898,0.134611,1.75987,0
19,7,8,10.0,4.61987e-07,-4.612e-07,-1.89728e-05,0.236863,0.134606,1.75967,0
20,7,8,10.0,4.605e-07,-5.06597e-07,-1.70751e-05,0.236843,0.134603,1.75957,0
21,7,8,10.0,4.60221e-07,-5.8742e-07,-1.48975e-05,0.236834,0.134602,1.75951,0
22,7,8,10.0,4.72496e-07,-7.08434e-07,-1.2402e-05,0.236828,0.134601,1.75948,0
23,7,8,10.0,4.93498e-07,-8.87614e-07,-9.52902e-06,0.236826,0.134601,1.75947,0
0,8,8,10.0,7.57532e-08,-3.79408e-07,-1.87539e-05,0.238345,0.134699,1.76947,0
1,8,8,10.0,-3.26441e-07,1.12825e-06,-1.84575e-05,0.237543,0.134639,1.7643,0
2,8,8,10.0,-2.1729e-07,6.62021e-07,-1.89076e-05,0.237163,0.134615,1.76179,0
3,8,8,10.0,-1.02656e-07,3.40023e-07,-1.97426e-05,0.236984,0.134605,1.76058,0
4,8,8,10.0,-6.17943e-08,9.33576e-08,-2.07853e-05,0.236899,0.134602,1.76,0
5,8,8,10.0,-4.41036e-09,-9.27141e-08,-2.18958e-05,0.236859,0.134601,1.75972,0
6,8,8,10.0,5.31592e-08,-2.04547e-07,-2.29605e-05,0.23684,0.1346,1.75958,0
7,8,8,10.0,7.10051e-08,-2.76387e-07,-2.39e-05,0.236831,0.1346,1.75951,0
8,8,8,10.0,1.20692e-07,-3.24245e-07,-2.46702e-05,0.236835,0.134602,1.75951,0
9,8,8,10.0,1.47708e-07,-3.85058e-07,-2.52484e-05,0.236885,0.134616,1.75972,0
10,8,8,10.0,1.7326e-07,-4.44869e-07,-2.56224e-05,0.236858,0.134609,1.7596,0
11,8,8,10.0,1.90686e-07,-3.95985e-07,-2.57512e-05,0.236841,0.134605,1.75953,0
12,8,8,10.0,2.19351e-07,-3.61601e-07,-2.56514e-05,0.236832,0.134602,1.75949,0
13,8,8,10.0,2.65913e-07,-2.7615e-07,-2.4875e-05,0.236899,0.134611,1.75987,0
14,8,8,10.0,3.38129e-07,-4.05756e-07,-2.42391e-05,0.236865,0.134607,1.75968,0
15,8,8,10.0,3.60602e-07,-3.76404e-07,-2.34058e-05,0.236845,0.134604,1.75957,0
16,8,8,10.0,3.68169e-07,-3.37206e-07,-2.23896e-05,0.236843,0.134604,1.75955,0
17,8,8,10.0,4.01336e-07,-3.66088e-07,-2.11927e-05,0.236962,0.134618,1.76025,0
18,8,8,10.0,4.67449e-07,-4.99377e-07,-1.98075e-05,0.236898,0.134611,1.75987,0
19,8,8,10.0,4.7173e-07,-5.14617e-07,-1.82098e-05,0.236863,0.134606,1.75967,0
20,8,8,10.0,4.71623e-07,-5.52684e-07,-1.63767e-05,0.236843,0.134603,1.75957,0
21,8,8,10.0,4.77958e-07,-6.26424e-07,-1.42795e-05,0.236834,0.134602,1.75951,0
22,8,8,10.0,4.9158e-07,-7.46973e-07,-1.18796e-05,0.236828,0.134601,1.75948,0
23,8,8,10.0,5.10543e-07,-9.16686e-07,-9.11969e-06,0.236826,0.134601,1.75947,0
0,9,8,10.0,6.64167e-08,-3.62149e-07,-1.80115e-05,0.238345,0.134699,1.76947,0
1,9,8,10.0,-3.62808e-07,1.12024e-06,-1.77251e-05,0.237543,0.134639,1.7643,0
2,9,8,10.0,-2.57138e-07,6.79726e-07,-1.81679e-05,0.237163,0.134615,1.76179,0
3,9,8,10.0,-1.60994e-07,3.25699e-07,-1.89978e-05,0.236984,0.134605,1.76058,0
4,9,8,10.0,-6.24887e-08,5.23386e-08,-2.00411e-05,0.236899,0.134602,1.76,0
5,9,8,10.0,-1.26505e-09,-8.95145e-08,-2.11531e-05,0.236859,0.134601,1.75972,0
6,9,8,10.0,4.16193e-08,-2.14199e-07,-2.2221e-05,0.23684,0.1346,1.75958,0
7,9,8,10.0,8.28347e-08,-2.98899e-07,-2.31686e-05,0.236831,0.1346,1.75951,0
8,9,8,10.0,1.22493e-07,-3.13898e-07,-2.39495e-05,0.236835,0.134602,1.75951,0
9,9,8,10.0,1.57196e-07,-3.94984e-07,-2.45516e-05,0.236902,0.13462,1.75978,0
10,9,8,10.0,1.94889e-07,-4.87211e-07,-2.4959e-05,0.236874,0.134613,1.75967,0
11,9,8,10.0,2.25399e-07,-4.48805e-07,-2.51027e-05,0.236854,0.134608,1.75958,0
12,9,8,10.0,2.53821e-07,-4.05439e-07,-2.49981e-05,0.236841,0.134605,1.75953,0
13,9,8,10.0,2.60908e-07,-3.71566e-07,-2.46758e-05,0.236833,0.134603,1.7595,0
14,9,8,10.0,3.52034e-07,-2.81172e-07,-2.34464e-05,0.236826,0.134601,1.75947,0
15,9,8,10.0,3.70356e-07,-2.49907e-07,-2.25836e-05,0.236825,0.134601,1.75946,0
16,9,8,10.0,3.91911e-07,-2.56983e-07,-2.15659e-05,0.236832,0.134603,1.75949,0
17,9,8,10.0,4.1274e-07,-2.87898e-07,-2.03886e-05,0.236896,0.134618,1.75976,0
18,9,8,10.0,4.62323e-07,-4.25319e-07,-1.90516e-05,0.236867,0.134611,1.75964,0
19,9,8,10.0,4.68575e-07,-4.55229e-07,-1.75099e-05,0.236849,0.134606,1.75956,0
20,9,8,10.0,4.75975e-07,-5.12637e-07,-1.57452e-05,0.236837,0.134604,1.75951,0
21,9,8,10.0,4.81583e-07,-6.0081e-07,-1.37304e-05,0.236831,0.134602,1.75949,0
22,9,8,10.0,4.93616e-07,-7.21989e-07,-1.14259e-05,0.236827,0.134601,1.75947,0
23,9,8,10.0,5.11662e-07,-9.0607e-07,-8.77441e-06,0.236825,0.134601,1.75946,0
0,10,8,10.0,6.37999e-08,-4.00879e-07,-1.72834e-05,0.238345,0.134699,1.76947,0
1,10,8,10.0,-4.08204e-07,1.14034e-06,-1.69703e-05,0.237543,0.134639,1.7643,0
2,10,8,10.0,-3.03427e-07,6.51604e-07,-1.74095e-05,0.237163,0.134615,1.76179,0
3,10,8,10.0,-1.77983e-07,3.33137e-07,-1.82369e-05,0.236984,0.134605,1.76058,0
4,10,8,10.0,-6.95067e-08,7.84341e-08,-1.92766e-05,0.236899,0.134602,1.76,0
5,10,8,10.0,2.60895e-09,-1.21992e-07,-2.03838e-05,0.236859,0.134601,1.75972,0
6,10,8,10.0,5.63643e-08,-2.14697e-07,-2.14509e-05,0.23684,0.1346,1.75958,0
7,10,8,10.0,1.06897e-07,-2.94955e-07,-2.24027e-05,0.236831,0.1346,1.75951,0
8,10,8,10.0,1.32491e-07,-3.28848e-07,-2.3188e-05,0.236835,0.134602,1.75951,0
9,10,8,10.0,1.76707e-07,-4.00947e-07,-2.3796e-05,0.236894,0.134618,1.75975,0
10,10,8,10.0,2.61159e-07,-4.71688e-07,-2.42056e-05,0.236866,0.134611,1.75964,0
11,10,8,10.0,3.04041e-07,-4.38127e-07,-2.43516e-05,0.236848,0.134606,1.75956,0
12,10,8,10.0,3.33344e-07,-3.82147e-07,-2.42464e-05,0.236837,0.134604,1.75951,0
13,10,8,10.0,3.66418e-07,-3.44135e-07,-2.39153e-05,0.23683,0.134602,1.75948,0
14,10,8,10.0,4.20128e-07,-2.50144e-07,-2.26622e-05,0.236825,0.134601,1.75946,0
15,10,8,10.0,4.46971e-07,-2.41698e-07,-2.18032e-05,0.236824,0.134601,1.75946,0
16,10,8,10.0,4.4959e-07,-2.20994e-07,-2.08027e-05,0.236832,0.134603,1.75949,0
17,10,8,10.0,4.65283e-07,-2.78024e-07,-1.96617e-05,0.236894,0.134618,1.75975,0
18,10,8,10.0,5.02645e-07,-4.11626e-07,-1.83765e-05,0.236866,0.134611,1.75964,0
19,10,8,10.0,5.06604e-07,-4.48504e-07,-1.6894e-05,0.236848,0.134606,1.75956,0
20,10,8,10.0,5.07236e-07,-5.06424e-07,-1.52e-05,0.236837,0.134604,1.75951,0
21,10,8,10.0,5.10555e-07,-5.92483e-07,-1.32669e-05,0.23683,0.134602,1.75949,0
22,10,8,10.0,5.14778e-07,-7.1849e-07,-1.10539e-05,0.236827,0.134601,1.75947,0
23,10,8,10.0,5.27874e-07,-8.97814e-07,-8.50187e-06,0.236825,0.134601,1.75946,0
0,11,8,10.0,5.54858e-08,-3.37633e-07,-1.65152e-05,0.238345,0.134699,1.76947,0
1,11,8,10.0,-4.85615e-07,1.12731e-06,-1.61739e-05,0.237543,0.134639,1.7643,0
2,11,8,10.0,-3.20149e-07,6.6947e-07,-1.66026e-05,0.237163,0.134615,1.76179,0
3,11,8,10.0,-1.97847e-07,3.08211e-07,-1.74153e-05,0.236984,0.134605,1.76058,0
4,11,8,10.0,-7.75399e-08,3.76339e-08,-1.84372e-05,0.236899,0.134602,1.76,0
5,11,8,10.0,2.16362e-08,-1.0901e-07,-1.95296e-05,0.236859,0.134601,1.75972,0
6,11,8,10.0,1.05853e-07,-2.32757e-07,-2.05841e-05,0.23684,0.1346,1.75958,0
7,11,8,10.0,1.31513e-07,-2.78996e-07,-2.15348e-05,0.236831,0.1346,1.75951,0
8,11,8,10.0,1.77793e-07,-3.6021e-07,-2.23237e-05,0.236835,0.134602,1.75951,0
9,11,8,10.0,2.24892e-07,-4.20773e-07,-2.29266e-05,0.236894,0.134618,1.75975,0
10,11,8,10.0,2.8181e-07,-4.8145e-07,-2.3326e-05,0.236866,0.134611,1.75964,0
11,11,8,10.0,3.29923e-07,-4.46274e-07,-2.34691e-05,0.236848,0.134606,1.75956,0
12,11,8,10.0,3.64918e-07,-3.93477e-07,-2.33714e-05,0.236837,0.134604,1.75951,0
13,11,8,10.0,3.86732e-07,-3.28959e-07,-2.30512e-05,0.23683,0.134602,1.75948,0
14,11,8,10.0,4.58936e-07,-2.63417e-07,-2.18602e-05,0.236825,0.134601,1.75946,0
15,11,8,10.0,4.72766e-07,-2.20731e-07,-2.10347e-05,0.236824,0.134601,1.75946,0
16,11,8,10.0,4.95273e-07,-2.4259e-07,-2.00724e-05,0.236832,0.134603,1.75949,0
17,11,8,10.0,4.92789e-07,-2.64881e-07,-1.89808e-05,0.236894,0.134618,1.75975,0
18,11,8,10.0,5.1211e-07,-4.06696e-07,-1.77491e-05,0.236866,0.134611,1.75964,0
19,11,8,10.0,5.1527e-07,-4.48313e-07,-1.63315e-05,0.236848,0.134606,1.75956,0
20,11,8,10.0,5.16865e-07,-5.04973e-07,-1.47129e-05,0.236837,0.134604,1.75951,0
21,11,8,10.0,5.1497e-07,-5.89952e-07,-1.28642e-05,0.23683,0.134602,1.75949,0
22,11,8,10.0,5.20757e-07,-7.15837e-07,-1.07414e-05,0.236827,0.134601,1.75947,0
23,11,8,10.0,5.30496e-07,-8.96629e-07,-8.28313e-06,0.236825,0.134601,1.75946,0
0,12,8,10.0,8.17051e-08,-4.18593e-07,-1.56869e-05,0.238345,0.134699,1.76947,0
1,12,8,10.0,-5.58611e-07,1.10575e-06,-1.52891e-05,0.237543,0.134639,1.7643,0
2,12,8,10.0,-4.01211e-07,6.33124e-07,-1.56892e-05,0.237164,0.134615,1.76179,0
3,12,8,10.0,-2.26815e-07,3.15295e-07,-1.6467e-05,0.236984,0.134605,1.76059,0
4,12,8,10.0,-9.86569e-08,6.85897e-08,-1.74468e-05,0.236899,0.134602,1.76,0
5,12,8,10.0,2.79399e-08,-1.23821e-07,-1.85008e-05,0.236859,0.134601,1.75972,0
6,12,8,10.0,5.31125e-08,-1.58347e-07,-1.95398e-05,0.23684,0.1346,1.75958,0
7,12,8,10.0,1.37176e-07,-2.98625e-07,-2.04929e-05,0.236831,0.1346,1.75951,0
8,12,8,10.0,1.51223e-07,-3.24331e-07,-2.12914e-05,0.236835,0.134603,1.75952,0
9,12,8,10.0,1.99512e-07,-4.30894e-07,-2.18976e-05,0.236894,0.134618,1.75975,0
10,12,8,10.0,2.77241e-07,-5.31154e-07,-2.23078e-05,0.236866,0.134611,1.75964,0
11,12,8,10.0,3.27101e-07,-4.5348e-07,-2.24625e-05,0.236848,0.134606,1.75956,0
12,12,8,10.0,3.56674e-07,-4.08233e-07,-2.23909e-05,0.236837,0.134604,1.75951,0
13,12,8,10.0,3.978e-07,-3.74304e-07,-2.21032e-05,0.23683,0.134602,1.75948,0
14,12,8,10.0,4.63452e-07,-2.6692e-07,-2.10406e-05,0.236833,0.134603,1.75949,0
15,12,8,10.0,4.87795e-07,-2.62847e-07,-2.02685e-05,0.23683,0.134602,1.75948,0
16,12,8,10.0,4.84902e-07,-2.27766e-07,-1.93587e-05,0.236835,0.134604,1.7595,0
17,12,8,10.0,4.92868e-07,-2.85479e-07,-1.83216e-05,0.236894,0.134618,1.75975,0
18,12,8,10.0,5.01369e-07,-3.96527e-07,-1.71465e-05,0.236866,0.134611,1.75964,0
19,12,8,10.0,5.05957e-07,-4.21299e-07,-1.57962e-05,0.236848,0.134606,1.75956,0
20,12,8,10.0,5.03845e-07,-4.79472e-07,-1.42551e-05,0.236837,0.134604,1.75951,0
21,12,8,10.0,5.04389e-07,-5.70293e-07,-1.2493e-05,0.236831,0.134602,1.75949,0
22,12,8,10.0,5.1195e-07,-6.83738e-07,-1.04609e-05,0.236827,0.134601,1.75947,0
23,12,8,10.0,5.24558e-07,-8.74615e-07,-8.09516e-06,0.236825,0.134601,1.75946,0
0,13,8,10.0,1.25389e-07,-3.35647e-07,-1.45667e-05,0.238346,0.134699,1.76947,0
1,13,8,10.0,-5.84641e-07,1.09962e-06,-1.41775e-05,0.237544,0.134639,1.7643,0
2,13,8,10.0,-3.5239e-07,6.57854e-07,-1.45462e-05,0.237164,0.134615,1.7618,0
3,13,8,10.0,-2.05262e-07,2.77986e-07,-1.52632e-05,0.236985,0.134606,1.76059,0
4,13,8,10.0,-5.9129e-08,2.84895e-08,-1.61786e-05,0.236901,0.134602,1.76,0
5,13,8,10.0,7.13501e-08,-8.07757e-08,-1.71802e-05,0.23686,0.134601,1.75972,0
6,13,8,10.0,1.29584e-07,-2.54928e-07,-1.82008e-05,0.236842,0.134601,1.75958,0
7,13,8,10.0,1.99535e-07,-3.18839e-07,-1.91431e-05,0.236833,0.134601,1.75952,0
8,13,8,10.0,2.52418e-07,-3.97646e-07,-1.99528e-05,0.236837,0.134603,1.75952,0
9,13,8,10.0,2.80257e-07,-4.89914e-07,-2.0573e-05,0.236926,0.134626,1.75989,0
10,13,8,10.0,3.93521e-07,-5.54555e-07,-2.09879e-05,0.236886,0.134616,1.75972,0
11,13,8,10.0,4.00244e-07,-5.10164e-07,-2.11688e-05,0.236859,0.134609,1.75961,0
12,13,8,10.0,4.41412e-07,-4.74955e-07,-2.11454e-05,0.236844,0.134605,1.75954,0
13,13,8,10.0,4.79138e-07,-3.60681e-07,-2.05665e-05,0.236926,0.134618,1.75999,0
14,13,8,10.0,5.63721e-07,-5.55124e-07,-2.00482e-05,0.23688,0.13461,1.75974,0
15,13,8,10.0,5.69802e-07,-4.80075e-07,-1.93405e-05,0.236854,0.134606,1.75961,0
16,13,8,10.0,5.6322e-07,-4.62179e-07,-1.85046e-05,0.236849,0.134606,1.75957,0
17,13,8,10.0,5.56696e-07,-4.51991e-07,-1.75405e-05,0.236991,0.134626,1.76037,0
18,13,8,10.0,5.50197e-07,-4.848e-07,-1.64356e-05,0.236916,0.134615,1.75995,0
19,13,8,10.0,5.37971e-07,-4.93826e-07,-1.51655e-05,0.236873,0.134609,1.75972,0
20,13,8,10.0,5.34335e-07,-5.42007e-07,-1.37125e-05,0.23685,0.134605,1.75959,0
21,13,8,10.0,5.4052e-07,-6.06037e-07,-1.20437e-05,0.236838,0.134603,1.75953,0
22,13,8,10.0,5.49371e-07,-7.30274e-07,-1.01099e-05,0.236832,0.134602,1.75949,0
23,13,8,10.0,5.60855e-07,-8.96712e-07,-7.8518e-06,0.236828,0.134602,1.75948,0
0,14,8,10.0,1.63159e-07,-3.65651e-07,-1.16279e-05,0.238345,0.134699,1.76947,0
1,14,8,10.0,-5.9081e-07,1.03098e-06,-1.13673e-05,0.237543,0.134639,1.7643,0
2,14,8,10.0,-3.90847e-07,5.92309e-07,-1.1685e-05,0.237163,0.134615,1.76179,0
3,14,8,10.0,-2.28389e-07,2.85966e-07,-1.2298e-05,0.236984,0.134605,1.76058,0
4,14,8,10.0,-1.07728e-07,6.56396e-08,-1.30901e-05,0.236899,0.134602,1.76,0
5,14,8,10.0,2.24437e-08,-5.11656e-08,-1.39692e-05,0.236859,0.134601,1.75972,0
6,14,8,10.0,1.42029e-07,-2.03908e-07,-1.48589e-05,0.23684,0.1346,1.75958,0
7,14,8,10.0,2.16361e-07,-3.00525e-07,-1.56955e-05,0.236831,0.1346,1.75951,0
8,14,8,10.0,2.91988e-07,-3.53568e-07,-1.64314e-05,0.236835,0.134602,1.75951,0
9,14,8,10.0,3.51989e-07,-4.15652e-07,-1.70283e-05,0.236894,0.134618,1.75975,0
10,14,8,10.0,3.92251e-07,-4.73903e-07,-1.74713e-05,0.236866,0.134611,1.75964,0
11,14,8,10.0,4.16363e-07,-4.40264e-07,-1.77258e-05,0.236848,0.134606,1.75956,0
12,14,8,10.0,4.18173e-07,-3.56979e-07,-1.78059e-05,0.236836,0.134603,1.75951,0
13,14,8,10.0,4.48149e-07,-3.40096e-07,-1.77557e-05,0.236957,0.134617,1.76023,0
14,14,8,10.0,5.45735e-07,-4.29366e-07,-1.72005e-05,0.236862,0.134606,1.75967,0
15,14,8,10.0,5.27324e-07,-3.85466e-07,-1.66823e-05,0.236843,0.134603,1.75957,0
16,14,8,10.0,5.33615e-07,-3.66165e-07,-1.60307e-05,0.236841,0.134604,1.75954,0
17,14,8,10.0,5.53174e-07,-3.72493e-07,-1.52564e-05,0.236925,0.134618,1.75998,0
18,14,8,10.0,5.74909e-07,-4.83241e-07,-1.4364e-05,0.236881,0.134611,1.75975,0
19,14,8,10.0,5.68194e-07,-4.93917e-07,-1.33066e-05,0.236855,0.134606,1.75961,0
20,14,8,10.0,5.6271e-07,-5.37096e-07,-1.20758e-05,0.23684,0.134603,1.75954,0
21,14,8,10.0,5.64275e-07,-6.13894e-07,-1.06431e-05,0.236832,0.134602,1.7595,0
22,14,8,10.0,5.78376e-07,-7.33508e-07,-8.96367e-06,0.236828,0.134601,1.75948,0
23,14,8,10.0,6.03543e-07,-9.05481e-07,-6.97572e-06,0.236825,0.134601,1.75946,0
0,15,8,10.0,1.39778e-07,-3.64866e-07,-1.02434e-05,0.238345,0.134699,1.76947,0
1,15,8,10.0,-5.32248e-07,9.99897e-07,-1.00202e-05,0.237543,0.134639,1.76429,0
2,15,8,10.0,-3.55605e-07,5.76909e-07,-1.03401e-05,0.237163,0.134615,1.76179,0
3,15,8,10.0,-2.09627e-07,2.69069e-07,-1.09443e-05,0.236984,0.134605,1.76058,0
4,15,8,10.0,-7.6173e-08,7.78116e-08,-1.17112e-05,0.236899,0.134602,1.76,0
5,15,8,10.0,3.72991e-08,-9.91765e-08,-1.25458e-05,0.236858,0.1346,1.75971,0
6,15,8,10.0,1.4381e-07,-2.02392e-07,-1.33826e-05,0.23684,0.1346,1.75958,0
7,15,8,10.0,2.42169e-07,-3.00966e-07,-1.41666e-05,0.236831,0.1346,1.75951,0
8,15,8,10.0,3.1176e-07,-3.62943e-07,-1.48598e-05,0.236835,0.134602,1.75951,0
9,15,8,10.0,3.58858e-07,-4.18773e-07,-1.54337e-05,0.236894,0.134618,1.75975,0
10,15,8,10.0,4.0438e-07,-4.68171e-07,-1.58793e-05,0.236866,0.134611,1.75964,0
11,15,8,10.0,4.24548e-07,-4.4018e-07,-1.61555e-05,0.236848,0.134606,1.75956,0
12,15,8,10.0,4.29054e-07,-3.69802e-07,-1.62807e-05,0.236836,0.134603,1.75951,0
13,15,8,10.0,4.48439e-07,-3.46823e-07,-1.62695e-05,0.236957,0.134617,1.76023,0
14,15,8,10.0,5.22623e-07,-4.2591e-07,-1.58471e-05,0.236862,0.134606,1.75967,0
15,15,8,10.0,5.17533e-07,-3.81254e-07,-1.54114e-05,0.236843,0.134603,1.75957,0
16,15,8,10.0,5.18468e-07,-3.636e-07,-1.48435e-05,0.236841,0.134604,1.75954,0
17,15,8,10.0,5.25454e-07,-3.73135e-07,-1.41515e-05,0.236925,0.134618,1.75998,0
18,15,8,10.0,5.57401e-07,-4.83854e-07,-1.33467e-05,0.23688,0.13461,1.75975,0
19,15,8,10.0,5.42074e-07,-4.99546e-07,-1.23936e-05,0.236854,0.134606,1.75961,0
20,15,8,10.0,5.38535e-07,-5.44382e-07,-1.12769e-05,0.236839,0.134603,1.75954,0
21,15,8,10.0,5.44564e-07,-6.21558e-07,-9.96462e-06,0.236832,0.134602,1.7595,0
22,15,8,10.0,5.5815e-07,-7.38424e-07,-8.41025e-06,0.236827,0.134601,1.75947,0
23,15,8,10.0,5.8145e-07,-9.10967e-07,-6.55249e-06,0.236825,0.134601,1.75946,0
0,16,8,10.0,9.47927e-08,-3.62611e-07,-9.11606e-06,0.238345,0.134699,1.76947,0
1,16,8,10.0,-5.10667e-07,1.01193e-06,-8.8887e-06,0.237542,0.134639,1.76429,0
2,16,8,10.0,-3.66333e-07,5.87133e-07,-9.21883e-06,0.237162,0.134614,1.76179,0
3,16,8,10.0,-2.33595e-07,2.82544e-07,-9.83851e-06,0.236983,0.134605,1.76058,0
4,16,8,10.0,-1.16744e-07,7.15869e-08,-1.06123e-05,0.236897,0.134601,1.76,0
5,16,8,10.0,-8.32984e-09,-7.6718e-08,-1.14428e-05,0.236857,0.1346,1.75971,0
6,16,8,10.0,8.91333e-08,-1.88693e-07,-1.22563e-05,0.236838,0.1346,1.75957,0
7,16,8,10.0,1.60421e-07,-2.74805e-07,-1.30117e-05,0.236829,0.1346,1.75951,0
8,16,8,10.0,2.32312e-07,-3.24918e-07,-1.36794e-05,0.236833,0.134602,1.75951,0
9,16,8,10.0,2.52377e-07,-3.78343e-07,-1.42457e-05,0.23687,0.134612,1.75965,0
10,16,8,10.0,2.99267e-07,-4.20963e-07,-1.46959e-05,0.236851,0.134607,1.75957,0
11,16,8,10.0,3.25232e-07,-3.93173e-07,-1.49877e-05,0.236838,0.134604,1.75952,0
12,16,8,10.0,3.40498e-07,-3.0205e-07,-1.51375e-05,0.23683,0.134602,1.75949,0
13,16,8,10.0,3.6499e-07,-2.95561e-07,-1.51527e-05,0.236944,0.134614,1.76018,0
14,16,8,10.0,4.39164e-07,-3.55072e-07,-1.4816e-05,0.236859,0.134605,1.75966,0
15,16,8,10.0,4.50711e-07,-3.27904e-07,-1.44326e-05,0.236842,0.134603,1.75956,0
16,16,8,10.0,4.51588e-07,-3.13561e-07,-1.39306e-05,0.236841,0.134604,1.75954,0
17,16,8,10.0,4.56161e-07,-3.36501e-07,-1.33099e-05,0.236916,0.134616,1.75995,0
18,16,8,10.0,4.82044e-07,-4.90792e-07,-1.25859e-05,0.236872,0.134608,1.75971,0
19,16,8,10.0,4.70074e-07,-5.06851e-07,-1.17285e-05,0.236848,0.134604,1.75959,0
20,16,8,10.0,4.68069e-07,-5.52082e-07,-1.07134e-05,0.236835,0.134602,1.75952,0
21,16,8,10.0,4.75942e-07,-6.31528e-07,-9.50468e-06,0.236828,0.134601,1.75948,0
22,16,8,10.0,4.96023e-07,-7.52073e-07,-8.05274e-06,0.236825,0.1346,1.75947,0
23,16,8,10.0,5.20671e-07,-9.27102e-07,-6.29784e-06,0.236823,0.1346,1.75946,0
0,17,8,10.0,7.08374e-08,-3.7741e-07,-8.24906e-06,0.238346,0.134699,1.76947,0
1,17,8,10.0,-4.97856e-07,1.02047e-06,-7.94306e-06,0.237543,0.134639,1.7643,0
2,17,8,10.0,-3.58069e-07,5.79014e-07,-8.28336e-06,0.237164,0.134615,1.7618,0
3,17,8,10.0,-2.27295e-07,2.50426e-07,-8.92687e-06,0.236985,0.134606,1.76059,0
4,17,8,10.0,-1.04799e-07,6.26696e-08,-9.72335e-06,0.2369,0.134602,1.76,0
5,17,8,10.0,-3.33736e-09,-1.09338e-07,-1.05669e-05,0.23686,0.134601,1.75972,0
6,17,8,10.0,7.40431e-08,-1.90877e-07,-1.13853e-05,0.236841,0.134601,1.75958,0
7,17,8,10.0,1.71404e-07,-2.86958e-07,-1.21302e-05,0.236832,0.134601,1.75952,0
8,17,8,10.0,1.71372e-07,-3.43855e-07,-1.27952e-05,0.236836,0.134603,1.75952,0
9,17,8,10.0,2.37357e-07,-4.01418e-07,-1.33635e-05,0.236917,0.134624,1.75985,0
10,17,8,10.0,3.06499e-07,-4.79034e-07,-1.38228e-05,0.236881,0.134615,1.7597,0
11,17,8,10.0,3.21915e-07,-4.55253e-07,-1.41228e-05,0.236857,0.134609,1.7596,0
12,17,8,10.0,3.31356e-07,-3.82074e-07,-1.42847e-05,0.236842,0.134605,1.75954,0
13,17,8,10.0,3.64393e-07,-3.71159e-07,-1.43199e-05,0.23697,0.134621,1.76028,0
14,17,8,10.0,4.37303e-07,-4.72399e-07,-1.4053e-05,0.236864,0.134606,1.75968,0
15,17,8,10.0,4.2097e-07,-4.06652e-07,-1.3715e-05,0.236844,0.134603,1.75957,0
16,17,8,10.0,4.38744e-07,-3.91664e-07,-1.32687e-05,0.236842,0.134604,1.75955,0
17,17,8,10.0,3.98027e-07,-4.04438e-07,-1.27231e-05,0.236933,0.13462,1.76002,0
18,17,8,10.0,4.08205e-07,-4.77845e-07,-1.20723e-05,0.236889,0.134613,1.75978,0
19,17,8,10.0,4.03345e-07,-4.99007e-07,-1.13002e-05,0.236861,0.134608,1.75964,0
20,17,8,10.0,4.10217e-07,-5.42114e-07,-1.03723e-05,0.236844,0.134605,1.75955,0
21,17,8,10.0,4.31649e-07,-6.24159e-07,-9.24903e-06,0.236835,0.134603,1.75951,0
22,17,8,10.0,4.4895e-07,-7.38753e-07,-7.88026e-06,0.23683,0.134602,1.75948,0
23,17,8,10.0,4.6782e-07,-9.18194e-07,-6.20338e-06,0.236827,0.134602,1.75947,0
0,18,8,10.0,9.88424e-08,-3.80882e-07,-7.40994e-06,0.238345,0.134699,1.76947,0
1,18,8,10.0,-4.8631e-07,1.04624e-06,-7.01118e-06,0.237543,0.134639,1.7643,0
2,18,8,10.0,-3.32761e-07,5.82276e-07,-7.34723e-06,0.237163,0.134615,1.76179,0
3,18,8,10.0,-1.70016e-07,2.98233e-07,-7.99074e-06,0.236984,0.134605,1.76058,0
4,18,8,10.0,-4.3173e-08,5.84442e-08,-8.78486e-06,0.236899,0.134602,1.76,0
5,18,8,10.0,6.32629e-08,-9.04769e-08,-9.62115e-06,0.236859,0.134601,1.75972,0
6,18,8,10.0,1.72806e-07,-1.91265e-07,-1.04253e-05,0.23684,0.1346,1.75958,0
7,18,8,10.0,2.15813e-07,-2.24817e-07,-1.11623e-05,0.236831,0.1346,1.75951,0
8,18,8,10.0,2.6577e-07,-2.99184e-07,-1.1824e-05,0.236835,0.134602,1.75951,0
9,18,8,10.0,2.80021e-07,-3.45678e-07,-1.23949e-05,0.236894,0.134618,1.75975,0
10,18,8,10.0,3.25651e-07,-4.07213e-07,-1.28516e-05,0.236866,0.134611,1.75964,0
11,18,8,10.0,3.50676e-07,-3.79779e-07,-1.31567e-05,0.236848,0.134606,1.75956,0
12,18,8,10.0,3.76673e-07,-3.28091e-07,-1.33254e-05,0.236837,0.134603,1.75951,0
13,18,8,10.0,3.77874e-07,-2.84762e-07,-1.33952e-05,0.236957,0.134617,1.76023,0
14,18,8,10.0,4.08821e-07,-3.70801e-07,-1.32328e-05,0.236862,0.134606,1.75967,0
15,18,8,10.0,4.11886e-07,-3.59904e-07,-1.29629e-05,0.236843,0.134603,1.75957,0
16,18,8,10.0,3.98725e-07,-3.19192e-07,-1.25967e-05,0.236841,0.134604,1.75954,0
17,18,8,10.0,3.9328e-07,-3.64056e-07,-1.2146e-05,0.236925,0.134618,1.75998,0
18,18,8,10.0,3.81125e-07,-4.78128e-07,-1.15997e-05,0.236881,0.134611,1.75975,0
19,18,8,10.0,4.01087e-07,-5.0087e-07,-1.09128e-05,0.236855,0.134606,1.75961,0
20,18,8,10.0,4.18628e-07,-5.5019e-07,-1.00647e-05,0.23684,0.134603,1.75954,0
21,18,8,10.0,4.30973e-07,-6.21006e-07,-9.02046e-06,0.236832,0.134602,1.7595,0
22,18,8,10.0,4.52024e-07,-7.51967e-07,-7.7325e-06,0.236828,0.134601,1.75948,0
23,18,8,10.0,4.71998e-07,-9.32712e-07,-6.13474e-06,0.236825,0.134601,1.75946,0
0,19,8,10.0,1.33672e-07,-3.55926e-07,-6.36518e-06,0.238345,0.134699,1.76947,0
1,19,8,10.0,-4.98547e-07,1.0311e-06,-5.96864e-06,0.237543,0.134639,1.7643,0
2,19,8,10.0,-2.87815e-07,6.29451e-07,-6.28694e-06,0.237163,0.134615,1.76179,0
3,19,8,10.0,-1.51618e-07,2.62193e-07,-6.89614e-06,0.236984,0.134605,1.76058,0
4,19,8,10.0,-2.05722e-08,5.28681e-08,-7.64873e-06,0.236899,0.134602,1.76,0
5,19,8,10.0,1.07037e-07,-9.10554e-08,-8.43571e-06,0.236859,0.134601,1.75972,0
6,19,8,10.0,1.86235e-07,-1.6376e-07,-9.19743e-06,0.23684,0.1346,1.75958,0
7,19,8,10.0,2.20955e-07,-2.43504e-07,-9.91146e-06,0.236831,0.1346,1.75951,0
8,19,8,10.0,2.56202e-07,-2.68265e-07,-1.05594e-05,0.236835,0.134602,1.75951,0
9,19,8,10.0,2.78891e-07,-3.30097e-07,-1.11238e-05,0.236894,0.134618,1.75975,0
10,19,8,10.0,3.11543e-07,-4.09362e-07,-1.15869e-05,0.236866,0.134611,1.75964,0
11,19,8,10.0,3.46621e-07,-3.74484e-07,-1.18933e-05,0.236848,0.134606,1.75956,0
12,19,8,10.0,3.6222e-07,-2.96754e-07,-1.20721e-05,0.236836,0.134603,1.75951,0
13,19,8,10.0,3.65325e-07,-2.8034e-07,-1.21859e-05,0.236957,0.134617,1.76023,0
14,19,8,10.0,4.08463e-07,-3.84068e-07,-1.21633e-05,0.236862,0.134606,1.75967,0
15,19,8,10.0,4.09562e-07,-3.37134e-07,-1.19749e-05,0.236843,0.134603,1.75957,0
16,19,8,10.0,3.9534e-07,-3.33956e-07,-1.17024e-05,0.236841,0.134604,1.75954,0
17,19,8,10.0,3.86895e-07,-3.61983e-07,-1.13554e-05,0.236925,0.134618,1.75998,0
18,19,8,10.0,3.97631e-07,-4.72989e-07,-1.09187e-05,0.23688,0.134611,1.75975,0
19,19,8,10.0,3.85494e-07,-4.76875e-07,-1.03297e-05,0.236855,0.134606,1.75961,0
20,19,8,10.0,3.96304e-07,-5.30293e-07,-9.57381e-06,0.23684,0.134603,1.75954,0
21,19,8,10.0,4.08897e-07,-6.23407e-07,-8.62327e-06,0.236832,0.134602,1.7595,0
22,19,8,10.0,4.33397e-07,-7.45486e-07,-7.43101e-06,0.236828,0.134601,1.75948,0
23,19,8,10.0,4.66019e-07,-9.31312e-07,-5.93098e-06,0.236825,0.134601,1.75946,0
0,20,8,10.0,1.61634e-07,-3.75875e-07,-5.19588e-06,0.238345,0.134699,1.76947,0
1,20,8,10.0,-4.53568e-07,1.02908e-06,-4.81748e-06,0.237543,0.134639,1.7643,0
2,20,8,10.0,-2.72992e-07,5.73779e-07,-5.0964e-06,0.237163,0.134615,1.76179,0
3,20,8,10.0,-1.01941e-07,2.67403e-07,-5.64541e-06,0.236984,0.134605,1.76058,0
4,20,8,10.0,4.81646e-08,5.49026e-08,-6.32053e-06,0.236899,0.134602,1.76,0
5,20,8,10.0,1.45029e-07,-7.93834e-08,-7.03351e-06,0.236859,0.134601,1.75972,0
6,20,8,10.0,2.00174e-07,-1.64995e-07,-7.74279e-06,0.23684,0.1346,1.75958,0
7,20,8,10.0,2.51314e-07,-2.31692e-07,-8.42609e-06,0.236831,0.1346,1.75951,0
8,20,8,10.0,2.54042e-07,-2.54955e-07,-9.05329e-06,0.236835,0.134602,1.75951,0
9,20,8,10.0,2.66287e-07,-3.26889e-07,-9.6025e-06,0.236894,0.134618,1.75975,0
10,20,8,10.0,3.65744e-07,-3.90532e-07,-1.00498e-05,0.236866,0.134611,1.75964,0
11,20,8,10.0,3.76836e-07,-3.60891e-07,-1.03556e-05,0.236848,0.134606,1.75956,0
12,20,8,10.0,3.50033e-07,-2.70207e-07,-1.0552e-05,0.236836,0.134603,1.75951,0
13,20,8,10.0,3.72707e-07,-2.67495e-07,-1.0699e-05,0.236957,0.134617,1.76023,0
14,20,8,10.0,4.28577e-07,-3.62504e-07,-1.07904e-05,0.236862,0.134606,1.75967,0
15,20,8,10.0,4.07175e-07,-3.37614e-07,-1.06795e-05,0.236843,0.134603,1.75957,0
16,20,8,10.0,4.02717e-07,-3.26291e-07,-1.04976e-05,0.236841,0.134604,1.75954,0
17,20,8,10.0,3.95576e-07,-3.54981e-07,-1.02546e-05,0.236925,0.134618,1.75998,0
18,20,8,10.0,3.95561e-07,-4.6677e-07,-9.92932e-06,0.23688,0.134611,1.75975,0
19,20,8,10.0,3.87381e-07,-4.90402e-07,-9.45402e-06,0.236855,0.134606,1.75961,0
20,20,8,10.0,3.89201e-07,-5.38318e-07,-8.81131e-06,0.23684,0.134603,1.75954,0
21,20,8,10.0,4.11243e-07,-6.15435e-07,-7.97325e-06,0.236832,0.134602,1.7595,0
22,20,8,10.0,4.32876e-07,-7.46193e-07,-6.89965e-06,0.236828,0.134601,1.75948,0
23,20,8,10.0,4.6548e-07,-9.29742e-07,-5.53057e-06,0.236825,0.134601,1.75946,0
0,21,8,10.0,1.73584e-07,-3.6942e-07,-3.95437e-06,0.238345,0.134699,1.76947,0
1,21,8,10.0,-4.20208e-07,9.99312e-07,-3.62997e-06,0.237543,0.134639,1.7643,0
2,21,8,10.0,-2.17893e-07,5.7613e-07,-3.87352e-06,0.237163,0.134615,1.76179,0
3,21,8,10.0,-6.05859e-08,2.61684e-07,-4.34642e-06,0.236984,0.134605,1.76058,0
4,21,8,10.0,5.86693e-08,5.49392e-08,-4.93496e-06,0.236899,0.134602,1.76,0
5,21,8,10.0,1.52831e-07,-7.28429e-08,-5.57386e-06,0.236859,0.134601,1.75972,0
6,21,8,10.0,1.97455e-07,-1.46567e-07,-6.22925e-06,0.23684,0.1346,1.75958,0
7,21,8,10.0,2.40308e-07,-2.18497e-07,-6.87152e-06,0.236831,0.1346,1.75951,0
8,21,8,10.0,2.54689e-07,-2.54122e-07,-7.47243e-06,0.236835,0.134602,1.75951,0
9,21,8,10.0,2.84279e-07,-3.1636e-07,-7.99729e-06,0.236894,0.134618,1.75975,0
10,21,8,10.0,3.31043e-07,-3.83307e-07,-8.41862e-06,0.236866,0.134611,1.75964,0
11,21,8,10.0,3.4132e-07,-3.50887e-07,-8.72013e-06,0.236848,0.134606,1.75956,0
12,21,8,10.0,3.15331e-07,-2.60019e-07,-8.93322e-06,0.236836,0.134603,1.75951,0
13,21,8,10.0,3.27737e-07,-2.59445e-07,-9.09655e-06,0.236957,0.134617,1.76023,0
14,21,8,10.0,3.80432e-07,-3.6256e-07,-9.26176e-06,0.236862,0.134606,1.75967,0
15,21,8,10.0,3.59381e-07,-3.25077e-07,-9.2142e-06,0.236843,0.134603,1.75957,0
16,21,8,10.0,3.53308e-07,-3.16633e-07,-9.10496e-06,0.236841,0.134604,1.75954,0
17,21,8,10.0,3.54339e-07,-3.44394e-07,-8.94275e-06,0.236925,0.134618,1.75998,0
18,21,8,10.0,3.67454e-07,-4.66347e-07,-8.71283e-06,0.23688,0.134611,1.75975,0
19,21,8,10.0,3.75226e-07,-4.80686e-07,-8.34416e-06,0.236855,0.134606,1.75961,0
20,21,8,10.0,3.77524e-07,-5.12655e-07,-7.81638e-06,0.23684,0.134603,1.75954,0
21,21,8,10.0,3.84672e-07,-6.08984e-07,-7.10291e-06,0.236832,0.134602,1.7595,0
22,21,8,10.0,4.00753e-07,-7.32285e-07,-6.17177e-06,0.236828,0.134601,1.75948,0
23,21,8,10.0,4.35445e-07,-9.18506e-07,-4.96378e-06,0.236825,0.134601,1.75946,0
0,22,8,10.0,1.58585e-07,-3.56385e-07,-2.82506e-06,0.238345,0.134699,1.76947,0
1,22,8,10.0,-3.27944e-07,9.88542e-07,-2.54802e-06,0.237543,0.134639,1.7643,0
2,22,8,10.0,-1.47799e-07,5.58478e-07,-2.75953e-06,0.237163,0.134615,1.76179,0
3,22,8,10.0,-1.15936e-08,2.77905e-07,-3.17237e-06,0.236984,0.134605,1.76058,0
4,22,8,10.0,8.29009e-08,7.91785e-08,-3.69342e-06,0.236899,0.134602,1.76,0
5,22,8,10.0,1.46954e-07,-5.18318e-08,-4.27202e-06,0.236859,0.134601,1.75972,0
6,22,8,10.0,1.95289e-07,-1.43515e-07,-4.87999e-06,0.23684,0.1346,1.75958,0
7,22,8,10.0,2.22217e-07,-2.04899e-07,-5.48327e-06,0.236831,0.1346,1.75951,0
8,22,8,10.0,2.42832e-07,-2.44446e-07,-6.05206e-06,0.236835,0.134602,1.75951,0
9,22,8,10.0,2.65726e-07,-3.01038e-07,-6.54858e-06,0.236894,0.134618,1.75975,0
10,22,8,10.0,3.02344e-07,-3.61496e-07,-6.95155e-06,0.236866,0.134611,1.75964,0
11,22,8,10.0,3.03989e-07,-3.29563e-07,-7.24235e-06,0.236848,0.134606,1.75956,0
12,22,8,10.0,2.78912e-07,-2.41495e-07,-7.45638e-06,0.236836,0.134603,1.75951,0
13,22,8,10.0,2.84828e-07,-2.4364e-07,-7.62406e-06,0.236957,0.134617,1.76023,0
14,22,8,10.0,3.25646e-07,-3.34584e-07,-7.82384e-06,0.236862,0.134606,1.75967,0
15,22,8,10.0,3.11447e-07,-3.18644e-07,-7.81393e-06,0.236843,0.134603,1.75957,0
16,22,8,10.0,2.92113e-07,-2.91477e-07,-7.75028e-06,0.236841,0.134604,1.75954,0
17,22,8,10.0,3.00726e-07,-3.29367e-07,-7.63862e-06,0.236925,0.134618,1.75998,0
18,22,8,10.0,3.43015e-07,-4.5581e-07,-7.46837e-06,0.23688,0.134611,1.75975,0
19,22,8,10.0,3.37349e-07,-4.55096e-07,-7.1776e-06,0.236855,0.134606,1.75961,0
20,22,8,10.0,3.37659e-07,-5.13136e-07,-6.75127e-06,0.23684,0.134603,1.75954,0
21,22,8,10.0,3.34343e-07,-5.89025e-07,-6.16477e-06,0.236832,0.134602,1.7595,0
22,22,8,10.0,3.48343e-07,-7.22925e-07,-5.37864e-06,0.236828,0.134601,1.75948,0
23,22,8,10.0,3.79451e-07,-9.02686e-07,-4.34006e-06,0.236825,0.134601,1.75946,0
0,23,8,10.0,1.30933e-07,-3.41655e-07,-1.91876e-06,0.238345,0.134699,1.76947,0
1,23,8,10.0,-1.97699e-07,9.64148e-07,-1.6878e-06,0.237543,0.134639,1.7643,0
2,23,8,10.0,-4.73978e-08,5.74156e-07,-1.88026e-06,0.237163,0.134615,1.76179,0
3,23,8,10.0,4.84105e-08,2.89981e-07,-2.25724e-06,0.236984,0.134605,1.76058,0
4,23,8,10.0,1.26423e-07,8.33714e-08,-2.74431e-06,0.236899,0.134602,1.76,0
5,23,8,10.0,1.64631e-07,-1.85057e-08,-3.29718e-06,0.236859,0.134601,1.75972,0
6,23,8,10.0,1.90867e-07,-1.11301e-07,-3.8727e-06,0.23684,0.1346,1.75958,0
7,23,8,10.0,2.25448e-07,-1.8117e-07,-4.44097e-06,0.236831,0.1346,1.75951,0
8,23,8,10.0,2.49179e-07,-2.22652e-07,-4.9732e-06,0.236835,0.134602,1.75951,0
9,23,8,10.0,2.71228e-07,-2.77972e-07,-5.43974e-06,0.236894,0.134618,1.75975,0
10,23,8,10.0,2.93731e-07,-3.36279e-07,-5.8189e-06,0.236866,0.134611,1.75964,0
11,23,8,10.0,2.87263e-07,-3.04351e-07,-6.09431e-06,0.236848,0.134606,1.75956,0
12,23,8,10.0,2.63728e-07,-2.24159e-07,-6.30026e-06,0.236836,0.134603,1.75951,0
13,23,8,10.0,2.61705e-07,-2.25531e-07,-6.46061e-06,0.236957,0.134617,1.76023,0
14,23,8,10.0,2.88826e-07,-3.29945e-07,-6.66122e-06,0.236862,0.134606,1.75967,0
15,23,8,10.0,2.7029e-07,-2.8961e-07,-6.66543e-06,0.236843,0.134603,1.75957,0
16,23,8,10.0,2.58632e-07,-2.89318e-07,-6.62191e-06,0.236841,0.134604,1.75954,0
17,23,8,10.0,2.6211e-07,-3.13139e-07,-6.53071e-06,0.236925,0.134618,1.75998,0
18,23,8,10.0,2.97103e-07,-4.2101e-07,-6.38751e-06,0.23688,0.134611,1.75975,0
19,23,8,10.0,2.85614e-07,-4.44424e-07,-6.15098e-06,0.236855,0.134606,1.75961,0
20,23,8,10.0,2.82349e-07,-4.87662e-07,-5.8034e-06,0.23684,0.134603,1.75954,0
21,23,8,10.0,2.83504e-07,-5.77416e-07,-5.31835e-06,0.236832,0.134602,1.7595,0
22,23,8,10.0,2.86403e-07,-7.03948e-07,-4.65691e-06,0.236828,0.134601,1.75948,0
23,23,8,10.0,3.13311e-07,-8.78659e-07,-3.76572e-06,0.236825,0.134601,1.75946,0
