x,y,z,u,v,w,p,k,nut,omega,bm
0,0,0,10.0,2.10219e-10,-1.57457e-08,1.64583e-05,0.227158,0.0141994,15.9977,0
1,0,0,10.0,4.35111e-08,1.21443e-08,1.61315e-05,0.221754,0.0138616,15.9977,0
2,0,0,10.0,4.01492e-08,-1.42866e-08,1.63612e-05,0.219533,0.0137228,15.9977,0
3,0,0,10.0,4.73059e-08,-3.70893e-08,1.67921e-05,0.21862,0.0136657,15.9977,0
4,0,0,10.0,5.64666e-08,-5.75163e-08,1.73319e-05,0.218244,0.0136422,15.9977,0
5,0,0,10.0,6.20622e-08,-7.44986e-08,1.79469e-05,0.218088,0.0136324,15.9977,0
6,0,0,10.0,6.6509e-08,-8.90764e-08,1.86047e-05,0.218025,0.0136285,15.9977,0
7,0,0,10.0,6.48953e-08,-9.94661e-08,1.92881e-05,0.217998,0.0136268,15.9977,0
8,0,0,10.0,6.55181e-08,-1.08746e-07,1.9968e-05,0.217988,0.0136262,15.9977,0
9,0,0,10.0,6.72027e-08,-1.20105e-07,2.06241e-05,0.217982,0.0136258,15.9977,0
10,0,0,10.0,7.01702e-08,-1.33837e-07,2.12415e-05,0.217981,0.0136257,15.9977,0
11,0,0,10.0,7.14443e-08,-1.48244e-07,2.18041e-05,0.21798,0.0136257,15.9977,0
12,0,0,10.0,8.46086e-08,-1.60576e-07,2.22864e-05,0.21798,0.0136257,15.9977,0
13,0,0,10.0,8.62586e-08,-1.66978e-07,2.26722e-05,0.217979,0.0136256,15.9977,0
14,0,0,10.0,1.03701e-07,-2.0627e-07,2.30822e-05,0.221702,0.0138583,15.9977,0
15,0,0,10.0,8.88411e-08,-2.06339e-07,2.29762e-05,0.219512,0.0137215,15.9977,0
16,0,0,10.0,9.42872e-08,-2.15954e-07,2.26145e-05,0.21861,0.0136651,15.9977,0
17,0,0,10.0,1.00888e-07,-2.28334e-07,2.1995e-05,0.21824,0.0136419,15.9977,0
18,0,0,10.0,9.29656e-08,-2.31257e-07,2.10974e-05,0.218087,0.0136324,15.9977,0
19,0,0,10.0,9.38108e-08,-2.4318e-07,1.98892e-05,0.218024,0.0136285,15.9977,0
20,0,0,10.0,9.46784e-08,-2.43567e-07,1.83518e-05,0.217997,0.0136268,15.9977,0
21,0,0,10.0,8.4344e-08,-2.411e-07,1.64526e-05,0.217987,0.0136261,15.9977,0
22,0,0,10.0,6.40967e-08,-2.39112e-07,1.41154e-05,0.217983,0.0136259,15.9977,0
23,0,0,10.0,3.77989e-08,-2.37818e-07,1.12231e-05,0.217981,0.0136258,15.9977,0
0,1,0,10.0,-7.35213e-10,-1.75355e-08,1.61294e-05,0.227221,0.0142033,15.9977,0
1,1,0,10.0,1.24737e-07,2.80239e-08,1.58835e-05,0.22187,0.0138688,15.9977,0
2,1,0,10.0,1.14004e-07,2.29089e-09,1.60952e-05,0.219683,0.0137321,15.9977,0
3,1,0,10.0,1.20614e-07,-1.77833e-08,1.65002e-05,0.218787,0.0136761,15.9977,0
4,1,0,10.0,1.36741e-07,-3.5743e-08,1.70222e-05,0.21842,0.0136532,15.9977,0
5,1,0,10.0,1.44927e-07,-5.09911e-08,1.76194e-05,0.218269,0.0136437,15.9977,0
6,1,0,10.0,1.49627e-07,-6.42323e-08,1.82603e-05,0.218208,0.0136399,15.9977,0
7,1,0,10.0,1.47078e-07,-7.44862e-08,1.89239e-05,0.218182,0.0136383,15.9977,0
8,1,0,10.0,1.47885e-07,-8.3886e-08,1.95847e-05,0.218172,0.0136377,15.9977,0
9,1,0,10.0,1.50488e-07,-9.46265e-08,2.0222e-05,0.218167,0.0136374,15.9977,0
10,1,0,10.0,1.53704e-07,-1.06952e-07,2.08211e-05,0.218166,0.0136373,15.9977,0
11,1,0,10.0,1.58034e-07,-1.18954e-07,2.13666e-05,0.218165,0.0136373,15.9977,0
12,1,0,10.0,1.6128e-07,-1.21862e-07,2.18398e-05,0.218165,0.0136372,15.9977,0
13,1,0,10.0,1.68962e-07,-1.31306e-07,2.22114e-05,0.218164,0.0136372,15.9977,0
14,1,0,10.0,1.73742e-07,-1.63053e-07,2.26042e-05,0.221819,0.0138656,15.9977,0
15,1,0,10.0,1.72711e-07,-1.75188e-07,2.24812e-05,0.219662,0.0137308,15.9977,0
16,1,0,10.0,1.74554e-07,-1.82348e-07,2.21211e-05,0.218778,0.0136755,15.9977,0
17,1,0,10.0,1.87082e-07,-1.89359e-07,2.15079e-05,0.218416,0.013653,15.9977,0
18,1,0,10.0,1.71879e-07,-2.00989e-07,2.06069e-05,0.218268,0.0136437,15.9977,0
19,1,0,10.0,1.77314e-07,-2.13796e-07,1.93996e-05,0.218207,0.0136399,15.9977,0
20,1,0,10.0,1.65985e-07,-2.18541e-07,1.78705e-05,0.218181,0.0136383,15.9977,0
21,1,0,10.0,1.49739e-07,-2.25419e-07,1.59725e-05,0.218172,0.0136377,15.9977,0
22,1,0,10.0,1.31533e-07,-2.35444e-07,1.36387e-05,0.218168,0.0136374,15.9977,0
23,1,0,10.0,9.96781e-08,-2.45599e-07,1.07686e-05,0.218166,0.0136373,15.9977,0
0,2,0,10.0,-1.28298e-09,-1.96775e-08,1.58842e-05,0.227221,0.0142034,15.9977,0
1,2,0,10.0,8.57933e-08,2.28615e-08,1.56782e-05,0.221871,0.0138689,15.9977,0
2,2,0,10.0,7.47912e-08,-3.16018e-09,1.58849e-05,0.219684,0.0137322,15.9977,0
3,2,0,10.0,8.36702e-08,-2.33284e-08,1.62819e-05,0.218788,0.0136762,15.9977,0
4,2,0,10.0,9.1879e-08,-4.05993e-08,1.67999e-05,0.218422,0.0136533,15.9977,0
5,2,0,10.0,9.74068e-08,-5.5858e-08,1.73933e-05,0.21827,0.0136438,15.9977,0
6,2,0,10.0,9.31908e-08,-6.94633e-08,1.80297e-05,0.218209,0.01364,15.9977,0
7,2,0,10.0,7.47366e-08,-8.12832e-08,1.86853e-05,0.218184,0.0136384,15.9977,0
8,2,0,10.0,6.25976e-08,-9.25375e-08,1.93374e-05,0.218174,0.0136378,15.9977,0
9,2,0,10.0,5.50824e-08,-1.05328e-07,1.99665e-05,0.218168,0.0136375,15.9977,0
10,2,0,10.0,4.92992e-08,-1.18889e-07,2.0556e-05,0.218167,0.0136374,15.9977,0
11,2,0,10.0,4.40526e-08,-1.27786e-07,2.10962e-05,0.218167,0.0136374,15.9977,0
12,2,0,10.0,3.79116e-08,-1.38816e-07,2.15564e-05,0.218166,0.0136373,15.9977,0
13,2,0,10.0,3.57659e-08,-1.40307e-07,2.19231e-05,0.218165,0.0136373,15.9977,0
14,2,0,10.0,2.01215e-08,-1.77352e-07,2.22915e-05,0.22182,0.0138657,15.9977,0
15,2,0,10.0,2.06778e-08,-1.90516e-07,2.21679e-05,0.219663,0.0137309,15.9977,0
16,2,0,10.0,2.57719e-08,-1.92051e-07,2.18127e-05,0.218779,0.0136756,15.9977,0
17,2,0,10.0,1.4934e-08,-2.01499e-07,2.11963e-05,0.218418,0.0136531,15.9977,0
18,2,0,10.0,1.44288e-08,-2.13888e-07,2.02841e-05,0.21827,0.0136438,15.9977,0
19,2,0,10.0,1.56396e-08,-2.21335e-07,1.90736e-05,0.218209,0.01364,15.9977,0
20,2,0,10.0,1.40651e-08,-2.31372e-07,1.7534e-05,0.218183,0.0136384,15.9977,0
21,2,0,10.0,1.67053e-08,-2.42054e-07,1.56282e-05,0.218173,0.0136378,15.9977,0
22,2,0,10.0,7.82569e-10,-2.4848e-07,1.32895e-05,0.218169,0.0136375,15.9977,0
23,2,0,10.0,-1.89548e-08,-2.62199e-07,1.0433e-05,0.218167,0.0136374,15.9977,0
0,3,0,10.0,1.28618e-08,-1.59803e-08,1.57076e-05,0.227221,0.0142034,15.9977,0
1,3,0,10.0,5.68954e-08,2.24637e-08,1.5543e-05,0.221871,0.0138689,15.9977,0
2,3,0,10.0,6.51314e-08,-3.24765e-09,1.57543e-05,0.219684,0.0137322,15.9977,0
3,3,0,10.0,7.87791e-08,-2.30592e-08,1.61576e-05,0.218789,0.0136762,15.9977,0
4,3,0,10.0,8.3232e-08,-4.05143e-08,1.66856e-05,0.218422,0.0136533,15.9977,0
5,3,0,10.0,8.55508e-08,-5.61284e-08,1.72899e-05,0.21827,0.0136438,15.9977,0
6,3,0,10.0,7.55975e-08,-7.00964e-08,1.79359e-05,0.218209,0.01364,15.9977,0
7,3,0,10.0,5.27827e-08,-8.3597e-08,1.85971e-05,0.218184,0.0136384,15.9977,0
8,3,0,10.0,3.32371e-08,-9.68883e-08,1.92516e-05,0.218174,0.0136378,15.9977,0
9,3,0,10.0,1.85242e-08,-1.10195e-07,1.98804e-05,0.218168,0.0136375,15.9977,0
10,3,0,10.0,7.82181e-09,-1.23995e-07,2.04667e-05,0.218167,0.0136374,15.9977,0
11,3,0,10.0,-1.7306e-08,-1.35615e-07,2.09956e-05,0.218167,0.0136374,15.9977,0
12,3,0,10.0,-2.69609e-08,-1.45679e-07,2.14465e-05,0.218166,0.0136373,15.9977,0
13,3,0,10.0,-4.21569e-08,-1.50354e-07,2.17997e-05,0.218165,0.0136373,15.9977,0
14,3,0,10.0,-6.18813e-08,-1.88108e-07,2.21474e-05,0.22182,0.0138657,15.9977,0
15,3,0,10.0,-4.4111e-08,-1.971e-07,2.20248e-05,0.219663,0.0137309,15.9977,0
16,3,0,10.0,-6.79312e-08,-2.0043e-07,2.16666e-05,0.218779,0.0136756,15.9977,0
17,3,0,10.0,-6.91611e-08,-2.09497e-07,2.10369e-05,0.218418,0.0136531,15.9977,0
18,3,0,10.0,-6.83882e-08,-2.21395e-07,2.01139e-05,0.21827,0.0136438,15.9977,0
19,3,0,10.0,-6.85979e-08,-2.35611e-07,1.88833e-05,0.218209,0.01364,15.9977,0
20,3,0,10.0,-4.88067e-08,-2.45308e-07,1.73346e-05,0.218183,0.0136384,15.9977,0
21,3,0,10.0,-4.36989e-08,-2.46446e-07,1.54171e-05,0.218173,0.0136378,15.9977,0
22,3,0,10.0,-4.61577e-08,-2.59216e-07,1.30618e-05,0.218169,0.0136375,15.9977,0
23,3,0,10.0,-5.59929e-08,-2.67097e-07,1.01948e-05,0.218167,0.0136374,15.9977,0
0,4,0,10.0,3.73382e-08,-1.86631e-08,1.57041e-05,0.227221,0.0142034,15.9977,0
1,4,0,10.0,1.7127e-08,2.55117e-08,1.55462e-05,0.221871,0.0138689,15.9977,0
2,4,0,10.0,5.16451e-08,-1.73202e-09,1.57704e-05,0.219684,0.0137322,15.9977,0
3,4,0,10.0,7.13748e-08,-2.47148e-08,1.6197e-05,0.218789,0.0136762,15.9977,0
4,4,0,10.0,8.11863e-08,-4.47187e-08,1.67534e-05,0.218422,0.0136533,15.9977,0
5,4,0,10.0,7.78114e-08,-6.18409e-08,1.73882e-05,0.21827,0.0136438,15.9977,0
6,4,0,10.0,6.13484e-08,-7.66242e-08,1.80622e-05,0.218209,0.01364,15.9977,0
7,4,0,10.0,3.31097e-08,-8.97843e-08,1.87467e-05,0.218184,0.0136384,15.9977,0
8,4,0,10.0,6.82686e-09,-1.01907e-07,1.94187e-05,0.218174,0.0136378,15.9977,0
9,4,0,10.0,-1.56246e-08,-1.14065e-07,2.00593e-05,0.218168,0.0136375,15.9977,0
10,4,0,10.0,-3.46636e-08,-1.2601e-07,2.06492e-05,0.218167,0.0136374,15.9977,0
11,4,0,10.0,-6.09133e-08,-1.37112e-07,2.1172e-05,0.218167,0.0136374,15.9977,0
12,4,0,10.0,-8.61328e-08,-1.46252e-07,2.16128e-05,0.218166,0.0136373,15.9977,0
13,4,0,10.0,-1.01791e-07,-1.54108e-07,2.19535e-05,0.218165,0.0136373,15.9977,0
14,4,0,10.0,-1.0885e-07,-1.8882e-07,2.22796e-05,0.22182,0.0138657,15.9977,0
15,4,0,10.0,-1.15284e-07,-1.90595e-07,2.21576e-05,0.219663,0.0137309,15.9977,0
16,4,0,10.0,-1.29439e-07,-2.00709e-07,2.1785e-05,0.218779,0.0136756,15.9977,0
17,4,0,10.0,-1.38161e-07,-2.08625e-07,2.11416e-05,0.218418,0.0136531,15.9977,0
18,4,0,10.0,-1.3269e-07,-2.19065e-07,2.02004e-05,0.21827,0.0136438,15.9977,0
19,4,0,10.0,-1.06117e-07,-2.3636e-07,1.89593e-05,0.218209,0.01364,15.9977,0
20,4,0,10.0,-9.10273e-08,-2.35093e-07,1.73924e-05,0.218183,0.0136384,15.9977,0
21,4,0,10.0,-7.85753e-08,-2.466e-07,1.54484e-05,0.218173,0.0136378,15.9977,0
22,4,0,10.0,-8.17113e-08,-2.4736e-07,1.30444e-05,0.218169,0.0136375,15.9977,0
23,4,0,10.0,-5.59201e-08,-2.63667e-07,1.01409e-05,0.218167,0.0136374,15.9977,0
0,5,0,10.0,7.55127e-08,-3.60342e-08,1.597e-05,0.227221,0.0142034,15.9977,0
1,5,0,10.0,-2.04187e-08,6.8284e-09,1.57505e-05,0.221871,0.0138689,15.9977,0
2,5,0,10.0,4.77419e-08,-3.37641e-08,1.59978e-05,0.219684,0.0137322,15.9977,0
3,5,0,10.0,8.13808e-08,-6.3119e-08,1.6466e-05,0.218788,0.0136762,15.9977,0
4,5,0,10.0,9.19348e-08,-8.70361e-08,1.70725e-05,0.218422,0.0136533,15.9977,0
5,5,0,10.0,8.51891e-08,-1.07158e-07,1.77584e-05,0.21827,0.0136438,15.9977,0
6,5,0,10.0,6.41958e-08,-1.24405e-07,1.84812e-05,0.218209,0.01364,15.9977,0
7,5,0,10.0,2.93734e-08,-1.38921e-07,1.92081e-05,0.218184,0.0136384,15.9977,0
8,5,0,10.0,-4.94537e-09,-1.51925e-07,1.99171e-05,0.218174,0.0136378,15.9977,0
9,5,0,10.0,-3.88809e-08,-1.62637e-07,2.05838e-05,0.218168,0.0136375,15.9977,0
10,5,0,10.0,-6.53192e-08,-1.72225e-07,2.11919e-05,0.218167,0.0136374,15.9977,0
11,5,0,10.0,-9.75211e-08,-1.81086e-07,2.17239e-05,0.218167,0.0136374,15.9977,0
12,5,0,10.0,-1.23212e-07,-1.87346e-07,2.21672e-05,0.218166,0.0136373,15.9977,0
13,5,0,10.0,-1.456e-07,-1.91644e-07,2.2507e-05,0.218165,0.0136373,15.9977,0
14,5,0,10.0,-1.43586e-07,-2.13958e-07,2.28273e-05,0.22182,0.0138657,15.9977,0
15,5,0,10.0,-1.7212e-07,-2.16938e-07,2.26892e-05,0.219663,0.0137309,15.9977,0
16,5,0,10.0,-1.90672e-07,-2.20282e-07,2.23032e-05,0.218779,0.0136756,15.9977,0
17,5,0,10.0,-1.99804e-07,-2.25274e-07,2.16412e-05,0.218418,0.0136531,15.9977,0
18,5,0,10.0,-1.71349e-07,-2.45763e-07,2.06921e-05,0.21827,0.0136438,15.9977,0
19,5,0,10.0,-1.40595e-07,-2.50095e-07,1.94375e-05,0.218209,0.01364,15.9977,0
20,5,0,10.0,-1.29185e-07,-2.60887e-07,1.78415e-05,0.218183,0.0136384,15.9977,0
21,5,0,10.0,-1.31488e-07,-2.54759e-07,1.58345e-05,0.218173,0.0136378,15.9977,0
22,5,0,10.0,-8.41726e-08,-2.66806e-07,1.33651e-05,0.218169,0.0136375,15.9977,0
23,5,0,10.0,-3.4696e-08,-2.73227e-07,1.03741e-05,0.218167,0.0136374,15.9977,0
0,6,0,10.0,1.18552e-07,-5.1581e-08,1.64761e-05,0.227221,0.0142034,15.9977,0
1,6,0,10.0,-3.58429e-08,-8.003e-09,1.61547e-05,0.221871,0.0138689,15.9977,0
2,6,0,10.0,6.21853e-08,-5.84705e-08,1.64313e-05,0.219684,0.0137322,15.9977,0
3,6,0,10.0,1.091e-07,-9.30483e-08,1.69581e-05,0.218789,0.0136762,15.9977,0
4,6,0,10.0,1.24165e-07,-1.19226e-07,1.76327e-05,0.218422,0.0136533,15.9977,0
5,6,0,10.0,1.15253e-07,-1.42197e-07,1.83898e-05,0.21827,0.0136438,15.9977,0
6,6,0,10.0,9.12514e-08,-1.60301e-07,1.91797e-05,0.218209,0.01364,15.9977,0
7,6,0,10.0,5.61604e-08,-1.76427e-07,1.99683e-05,0.218184,0.0136384,15.9977,0
8,6,0,10.0,1.37568e-08,-1.9163e-07,2.07325e-05,0.218174,0.0136378,15.9977,0
9,6,0,10.0,-2.75491e-08,-2.02363e-07,2.14447e-05,0.218168,0.0136375,15.9977,0
10,6,0,10.0,-6.63646e-08,-2.13311e-07,2.20921e-05,0.218167,0.0136374,15.9977,0
11,6,0,10.0,-1.01216e-07,-2.24506e-07,2.26578e-05,0.218167,0.0136374,15.9977,0
12,6,0,10.0,-1.38827e-07,-2.33159e-07,2.31289e-05,0.218166,0.0136373,15.9977,0
13,6,0,10.0,-1.62799e-07,-2.40843e-07,2.34928e-05,0.218165,0.0136373,15.9977,0
14,6,0,10.0,-1.67663e-07,-2.6523e-07,2.38387e-05,0.22182,0.0138657,15.9977,0
15,6,0,10.0,-2.0686e-07,-2.67881e-07,2.36921e-05,0.219663,0.0137309,15.9977,0
16,6,0,10.0,-2.25558e-07,-2.72643e-07,2.32912e-05,0.218779,0.0136756,15.9977,0
17,6,0,10.0,-2.15217e-07,-2.84644e-07,2.26169e-05,0.218418,0.0136531,15.9977,0
18,6,0,10.0,-1.97127e-07,-2.91715e-07,2.16581e-05,0.21827,0.0136438,15.9977,0
19,6,0,10.0,-1.76489e-07,-3.04437e-07,2.03802e-05,0.218209,0.01364,15.9977,0
20,6,0,10.0,-1.71245e-07,-2.97923e-07,1.87259e-05,0.218183,0.0136384,15.9977,0
21,6,0,10.0,-1.43032e-07,-3.07397e-07,1.66482e-05,0.218173,0.0136378,15.9977,0
22,6,0,10.0,-8.91846e-08,-3.06959e-07,1.40837e-05,0.218169,0.0136375,15.9977,0
23,6,0,10.0,-9.57242e-10,-3.16172e-07,1.09638e-05,0.218167,0.0136374,15.9977,0
0,7,0,10.0,1.48849e-07,-4.56923e-08,1.70761e-05,0.227221,0.0142034,15.9977,0
1,7,0,10.0,-3.68306e-08,1.18817e-08,1.66803e-05,0.221871,0.0138689,15.9977,0
2,7,0,10.0,7.98238e-08,-4.06097e-08,1.69963e-05,0.219684,0.0137322,15.9977,0
3,7,0,10.0,1.36184e-07,-7.80346e-08,1.75994e-05,0.218789,0.0136762,15.9977,0
4,7,0,10.0,1.50306e-07,-1.0687e-07,1.83604e-05,0.218422,0.0136533,15.9977,0
5,7,0,10.0,1.382e-07,-1.31001e-07,1.9207e-05,0.21827,0.0136438,15.9977,0
6,7,0,10.0,1.09457e-07,-1.53486e-07,2.00838e-05,0.218209,0.01364,15.9977,0
7,7,0,10.0,7.04939e-08,-1.7327e-07,2.09523e-05,0.218184,0.0136384,15.9977,0
8,7,0,10.0,1.78457e-08,-1.89781e-07,2.17887e-05,0.218174,0.0136378,15.9977,0
9,7,0,10.0,-3.27282e-08,-2.09276e-07,2.25702e-05,0.218168,0.0136375,15.9977,0
10,7,0,10.0,-7.97852e-08,-2.2724e-07,2.32809e-05,0.218167,0.0136374,15.9977,0
11,7,0,10.0,-1.22771e-07,-2.44267e-07,2.39064e-05,0.218167,0.0136374,15.9977,0
12,7,0,10.0,-1.57154e-07,-2.61103e-07,2.44298e-05,0.218166,0.0136373,15.9977,0
13,7,0,10.0,-1.89645e-07,-2.69774e-07,2.48392e-05,0.218165,0.0136373,15.9977,0
14,7,0,10.0,-1.99569e-07,-3.03308e-07,2.52502e-05,0.22182,0.0138657,15.9977,0
15,7,0,10.0,-2.22596e-07,-3.12701e-07,2.51115e-05,0.219663,0.0137309,15.9977,0
16,7,0,10.0,-2.35418e-07,-3.23657e-07,2.47053e-05,0.218779,0.0136756,15.9977,0
17,7,0,10.0,-2.33056e-07,-3.30626e-07,2.40267e-05,0.218418,0.0136531,15.9977,0
18,7,0,10.0,-2.20318e-07,-3.43409e-07,2.30494e-05,0.21827,0.0136438,15.9977,0
19,7,0,10.0,-2.04184e-07,-3.45487e-07,2.17269e-05,0.218209,0.01364,15.9977,0
20,7,0,10.0,-1.90054e-07,-3.56874e-07,2.0013e-05,0.218183,0.0136384,15.9977,0
21,7,0,10.0,-1.61781e-07,-3.58192e-07,1.78512e-05,0.218173,0.0136378,15.9977,0
22,7,0,10.0,-9.97974e-08,-3.65835e-07,1.51772e-05,0.218169,0.0136375,15.9977,0
23,7,0,10.0,5.24452e-09,-3.68666e-07,1.18919e-05,0.218167,0.0136374,15.9977,0
0,8,0,10.0,1.50168e-07,-2.00584e-08,1.7693e-05,0.227221,0.0142034,15.9977,0
1,8,0,10.0,-9.08431e-09,5.81332e-08,1.72346e-05,0.221871,0.0138689,15.9977,0
2,8,0,10.0,1.07345e-07,9.35173e-09,1.75938e-05,0.219684,0.0137322,15.9977,0
3,8,0,10.0,1.62342e-07,-3.15583e-08,1.82916e-05,0.218789,0.0136762,15.9977,0
4,8,0,10.0,1.77438e-07,-6.64969e-08,1.91668e-05,0.218422,0.0136533,15.9977,0
5,8,0,10.0,1.61801e-07,-9.8836e-08,2.01256e-05,0.21827,0.0136438,15.9977,0
6,8,0,10.0,1.28395e-07,-1.29101e-07,2.11089e-05,0.218209,0.01364,15.9977,0
7,8,0,10.0,8.86321e-08,-1.55037e-07,2.20746e-05,0.218184,0.0136384,15.9977,0
8,8,0,10.0,2.96762e-08,-1.74428e-07,2.3001e-05,0.218174,0.0136378,15.9977,0
9,8,0,10.0,-2.35959e-08,-1.99065e-07,2.38758e-05,0.218168,0.0136375,15.9977,0
10,8,0,10.0,-9.95744e-08,-2.15394e-07,2.46728e-05,0.218167,0.0136374,15.9977,0
11,8,0,10.0,-1.43732e-07,-2.32761e-07,2.53789e-05,0.218167,0.0136374,15.9977,0
12,8,0,10.0,-1.77379e-07,-2.43002e-07,2.59686e-05,0.218166,0.0136373,15.9977,0
13,8,0,10.0,-2.08449e-07,-2.5543e-07,2.64366e-05,0.218165,0.0136373,15.9977,0
14,8,0,10.0,-2.08937e-07,-2.92022e-07,2.69354e-05,0.22182,0.0138657,15.9977,0
15,8,0,10.0,-2.28873e-07,-2.95789e-07,2.68157e-05,0.219663,0.0137309,15.9977,0
16,8,0,10.0,-2.32809e-07,-3.12575e-07,2.64101e-05,0.218779,0.0136756,15.9977,0
17,8,0,10.0,-2.3099e-07,-3.26206e-07,2.57243e-05,0.218418,0.0136531,15.9977,0
18,8,0,10.0,-2.20461e-07,-3.31715e-07,2.4722e-05,0.21827,0.0136438,15.9977,0
19,8,0,10.0,-2.05514e-07,-3.48213e-07,2.33578e-05,0.218209,0.01364,15.9977,0
20,8,0,10.0,-1.85817e-07,-3.58286e-07,2.15824e-05,0.218183,0.0136384,15.9977,0
21,8,0,10.0,-1.55862e-07,-3.6949e-07,1.93427e-05,0.218173,0.0136378,15.9977,0
22,8,0,10.0,-1.04643e-07,-3.74972e-07,1.65567e-05,0.218169,0.0136375,15.9977,0
23,8,0,10.0,-5.28705e-09,-3.81983e-07,1.3099e-05,0.218167,0.0136374,15.9977,0
0,9,0,10.0,7.95209e-08,-2.03338e-08,1.82614e-05,0.227284,0.0142073,15.9977,0
1,9,0,10.0,-1.30889e-08,6.37784e-08,1.76903e-05,0.221986,0.0138761,15.9977,0
2,9,0,10.0,9.5975e-08,1.49927e-08,1.8103e-05,0.219832,0.0137414,15.9977,0
3,9,0,10.0,1.32346e-07,-2.10772e-08,1.89045e-05,0.218954,0.0136866,15.9977,0
4,9,0,10.0,1.32248e-07,-5.81e-08,1.99108e-05,0.218597,0.0136642,15.9977,0
5,9,0,10.0,1.09086e-07,-9.65407e-08,2.0997e-05,0.21845,0.013655,15.9977,0
6,9,0,10.0,7.75811e-08,-1.27139e-07,2.21006e-05,0.21839,0.0136513,15.9977,0
7,9,0,10.0,4.34154e-08,-1.51992e-07,2.3179e-05,0.218366,0.0136498,15.9977,0
8,9,0,10.0,-2.57822e-08,-1.66889e-07,2.42038e-05,0.218293,0.0136452,15.9977,0
9,9,0,10.0,-6.98468e-08,-2.02639e-07,2.52037e-05,0.227157,0.0141993,15.9977,0
10,9,0,10.0,-8.39337e-08,-2.43958e-07,2.61713e-05,0.221936,0.0138729,15.9977,0
11,9,0,10.0,-1.44048e-07,-2.4629e-07,2.69689e-05,0.219811,0.0137401,15.9977,0
12,9,0,10.0,-1.91079e-07,-2.56508e-07,2.76264e-05,0.218946,0.0136861,15.9977,0
13,9,0,10.0,-2.35285e-07,-2.61918e-07,2.81477e-05,0.218592,0.0136639,15.9977,0
14,9,0,10.0,-2.626e-07,-2.47773e-07,2.87085e-05,0.221936,0.013873,15.9977,0
15,9,0,10.0,-2.90986e-07,-2.8087e-07,2.85979e-05,0.219811,0.0137402,15.9977,0
16,9,0,10.0,-2.96245e-07,-2.90433e-07,2.81997e-05,0.218945,0.013686,15.9977,0
17,9,0,10.0,-2.91521e-07,-3.06485e-07,2.75095e-05,0.218593,0.013664,15.9977,0
18,9,0,10.0,-2.86566e-07,-3.32396e-07,2.64801e-05,0.218449,0.013655,15.9977,0
19,9,0,10.0,-2.73666e-07,-3.36751e-07,2.50699e-05,0.21839,0.0136513,15.9977,0
20,9,0,10.0,-2.59065e-07,-3.57225e-07,2.32513e-05,0.218365,0.0136498,15.9977,0
21,9,0,10.0,-2.36829e-07,-3.62217e-07,2.09514e-05,0.218356,0.0136492,15.9977,0
22,9,0,10.0,-2.12267e-07,-3.71789e-07,1.80816e-05,0.218352,0.013649,15.9977,0
23,9,0,10.0,-1.87e-07,-3.77788e-07,1.44889e-05,0.218351,0.0136489,15.9977,0
0,10,0,10.0,4.89746e-09,-3.60011e-08,1.8463e-05,0.227222,0.0142034,15.9977,0
1,10,0,10.0,1.62108e-08,3.44313e-08,1.78844e-05,0.221871,0.0138689,15.9977,0
2,10,0,10.0,4.17703e-08,-9.38563e-09,1.83664e-05,0.219685,0.0137322,15.9977,0
3,10,0,10.0,8.76045e-08,-5.4154e-08,1.92644e-05,0.21879,0.0136763,15.9977,0
4,10,0,10.0,7.82035e-08,-8.63069e-08,2.03959e-05,0.218423,0.0136534,15.9977,0
5,10,0,10.0,5.01545e-08,-1.1717e-07,2.16123e-05,0.218272,0.0136439,15.9977,0
6,10,0,10.0,1.90846e-09,-1.35825e-07,2.28405e-05,0.218211,0.0136401,15.9977,0
7,10,0,10.0,-3.7218e-08,-1.69904e-07,2.40286e-05,0.218186,0.0136385,15.9977,0
8,10,0,10.0,-9.45299e-08,-1.82571e-07,2.51535e-05,0.218111,0.0136339,15.9977,0
9,10,0,10.0,-1.36038e-07,-2.11102e-07,2.62653e-05,0.227093,0.0141953,15.9977,0
10,10,0,10.0,-1.57685e-07,-2.45557e-07,2.73718e-05,0.22182,0.0138657,15.9977,0
11,10,0,10.0,-2.01892e-07,-2.63356e-07,2.82675e-05,0.219664,0.0137309,15.9977,0
12,10,0,10.0,-2.44058e-07,-2.74652e-07,2.89973e-05,0.218781,0.0136758,15.9977,0
13,10,0,10.0,-3.17995e-07,-2.88919e-07,2.95788e-05,0.218419,0.0136531,15.9977,0
14,10,0,10.0,-3.55084e-07,-2.76386e-07,3.02094e-05,0.22182,0.0138657,15.9977,0
15,10,0,10.0,-3.44372e-07,-2.94984e-07,3.0125e-05,0.219664,0.0137309,15.9977,0
16,10,0,10.0,-3.61645e-07,-3.1127e-07,2.97575e-05,0.21878,0.0136757,15.9977,0
17,10,0,10.0,-3.67551e-07,-3.34353e-07,2.90645e-05,0.218419,0.0136531,15.9977,0
18,10,0,10.0,-3.67204e-07,-3.44086e-07,2.80186e-05,0.218271,0.0136439,15.9977,0
19,10,0,10.0,-3.63082e-07,-3.6735e-07,2.65932e-05,0.21821,0.0136401,15.9977,0
20,10,0,10.0,-3.50614e-07,-3.7008e-07,2.47595e-05,0.218184,0.0136385,15.9977,0
21,10,0,10.0,-3.45665e-07,-3.82081e-07,2.24398e-05,0.218175,0.0136379,15.9977,0
22,10,0,10.0,-3.36263e-07,-3.83135e-07,1.95442e-05,0.218171,0.0136376,15.9977,0
23,10,0,10.0,-3.13955e-07,-3.81985e-07,1.59892e-05,0.218169,0.0136375,15.9977,0
0,11,0,10.0,3.6743e-09,-2.59617e-08,1.82757e-05,0.227221,0.0142034,15.9977,0
1,11,0,10.0,7.83723e-08,4.01161e-08,1.78255e-05,0.221871,0.0138689,15.9977,0
2,11,0,10.0,6.99535e-08,-2.49125e-08,1.8371e-05,0.219684,0.0137322,15.9977,0
3,11,0,10.0,1.19992e-07,-6.89109e-08,1.93858e-05,0.218789,0.0136762,15.9977,0
4,11,0,10.0,7.75989e-08,-1.08927e-07,2.06398e-05,0.218422,0.0136533,15.9977,0
5,11,0,10.0,3.73668e-08,-1.45452e-07,2.19858e-05,0.21827,0.0136438,15.9977,0
6,11,0,10.0,-1.96498e-08,-1.90518e-07,2.3324e-05,0.218209,0.01364,15.9977,0
7,11,0,10.0,-5.29935e-08,-2.15678e-07,2.46196e-05,0.218184,0.0136384,15.9977,0
8,11,0,10.0,-8.39719e-08,-2.26247e-07,2.58386e-05,0.218109,0.0136338,15.9977,0
9,11,0,10.0,-1.20312e-07,-2.5944e-07,2.70487e-05,0.227092,0.0141953,15.9977,0
10,11,0,10.0,-1.3905e-07,-3.14958e-07,2.82393e-05,0.221819,0.0138657,15.9977,0
11,11,0,10.0,-1.75154e-07,-3.21467e-07,2.92132e-05,0.219663,0.0137309,15.9977,0
12,11,0,10.0,-2.2845e-07,-3.31148e-07,3.00217e-05,0.21878,0.0136757,15.9977,0
13,11,0,10.0,-2.84757e-07,-3.39738e-07,3.06602e-05,0.218417,0.013653,15.9977,0
14,11,0,10.0,-3.46712e-07,-3.34379e-07,3.13896e-05,0.22182,0.0138657,15.9977,0
15,11,0,10.0,-3.46843e-07,-3.62289e-07,3.13742e-05,0.219663,0.0137309,15.9977,0
16,11,0,10.0,-3.79992e-07,-3.8505e-07,3.10497e-05,0.218779,0.0136756,15.9977,0
17,11,0,10.0,-3.59518e-07,-3.96769e-07,3.03897e-05,0.218418,0.0136531,15.9977,0
18,11,0,10.0,-3.65595e-07,-4.20254e-07,2.93644e-05,0.21827,0.0136438,15.9977,0
19,11,0,10.0,-3.66611e-07,-4.256e-07,2.79685e-05,0.218209,0.01364,15.9977,0
20,11,0,10.0,-3.70526e-07,-4.32286e-07,2.61456e-05,0.218183,0.0136384,15.9977,0
21,11,0,10.0,-3.93849e-07,-4.32195e-07,2.383e-05,0.218173,0.0136378,15.9977,0
22,11,0,10.0,-4.19781e-07,-4.33797e-07,2.09184e-05,0.218169,0.0136375,15.9977,0
23,11,0,10.0,-3.07865e-07,-4.18872e-07,1.72366e-05,0.218168,0.0136374,15.9977,0
0,12,0,10.0,1.64953e-08,-4.57296e-08,1.80607e-05,0.227221,0.0142034,15.9977,0
1,12,0,10.0,9.23238e-08,4.35996e-08,1.76416e-05,0.221871,0.0138689,15.9977,0
2,12,0,10.0,1.09453e-07,-2.1012e-08,1.82556e-05,0.219684,0.0137322,15.9977,0
3,12,0,10.0,9.68049e-08,-6.95233e-08,1.93713e-05,0.218789,0.0136762,15.9977,0
4,12,0,10.0,6.41335e-08,-1.19886e-07,2.07337e-05,0.218422,0.0136533,15.9977,0
5,12,0,10.0,1.54909e-10,-1.63051e-07,2.21824e-05,0.21827,0.0136438,15.9977,0
6,12,0,10.0,-4.14071e-08,-2.11223e-07,2.36282e-05,0.218209,0.01364,15.9977,0
7,12,0,10.0,-7.47398e-08,-2.3947e-07,2.50234e-05,0.218184,0.0136384,15.9977,0
8,12,0,10.0,-8.02682e-08,-2.58883e-07,2.63313e-05,0.218109,0.0136338,15.9977,0
9,12,0,10.0,-1.29546e-07,-3.01295e-07,2.75861e-05,0.227092,0.0141953,15.9977,0
10,12,0,10.0,-1.03183e-07,-3.45291e-07,2.88141e-05,0.221819,0.0138657,15.9977,0
11,12,0,10.0,-1.37257e-07,-3.57524e-07,2.98454e-05,0.219663,0.0137309,15.9977,0
12,12,0,10.0,-2.06989e-07,-3.67539e-07,3.07142e-05,0.21878,0.0136757,15.9977,0
13,12,0,10.0,-3.08667e-07,-3.77349e-07,3.14293e-05,0.218417,0.013653,15.9977,0
14,12,0,10.0,-2.54663e-07,-4.28731e-07,3.32217e-05,0.221936,0.013873,15.9977,0
15,12,0,10.0,-2.55949e-07,-4.35644e-07,3.34473e-05,0.219811,0.0137402,15.9977,0
16,12,0,10.0,-2.38624e-07,-4.35252e-07,3.33368e-05,0.218945,0.013686,15.9977,0
17,12,0,10.0,-2.7246e-07,-4.27932e-07,3.16192e-05,0.218351,0.0136489,15.9977,0
18,12,0,10.0,-2.83785e-07,-4.55207e-07,3.0673e-05,0.218242,0.0136421,15.9977,0
19,12,0,10.0,-3.07147e-07,-4.59691e-07,2.93308e-05,0.218198,0.0136393,15.9977,0
20,12,0,10.0,-3.41005e-07,-4.68324e-07,2.75558e-05,0.218178,0.0136381,15.9977,0
21,12,0,10.0,-3.79542e-07,-4.64346e-07,2.52748e-05,0.218171,0.0136376,15.9977,0
22,12,0,10.0,-4.14965e-07,-4.52519e-07,2.24536e-05,0.218168,0.0136375,15.9977,0
23,12,0,10.0,-2.63718e-07,-4.37266e-07,1.85587e-05,0.218167,0.0136374,15.9977,0
0,13,0,10.0,4.54253e-08,-5.29692e-08,1.79562e-05,0.227221,0.0142034,15.9977,0
1,13,0,10.0,1.62367e-07,4.38636e-08,1.73736e-05,0.221871,0.0138689,15.9977,0
2,13,0,10.0,1.71962e-07,-2.71322e-08,1.80858e-05,0.219684,0.0137322,15.9977,0
3,13,0,10.0,1.4505e-07,-9.30615e-08,1.93539e-05,0.218789,0.0136762,15.9977,0
4,13,0,10.0,9.71815e-08,-1.47839e-07,2.09113e-05,0.218422,0.0136533,15.9977,0
5,13,0,10.0,4.71221e-08,-2.00396e-07,2.25656e-05,0.21827,0.0136438,15.9977,0
6,13,0,10.0,3.13088e-09,-2.37803e-07,2.42234e-05,0.218209,0.01364,15.9977,0
7,13,0,10.0,-3.69534e-08,-2.77368e-07,2.57965e-05,0.218184,0.0136384,15.9977,0
8,13,0,10.0,-4.24731e-08,-3.11089e-07,2.72388e-05,0.218174,0.0136378,15.9977,0
9,13,0,10.0,-6.33506e-08,-3.35282e-07,2.85206e-05,0.218169,0.0136375,15.9977,0
10,13,0,10.0,-1.23778e-07,-3.56599e-07,2.97073e-05,0.218167,0.0136374,15.9977,0
11,13,0,10.0,-1.59174e-07,-3.80456e-07,3.07686e-05,0.218167,0.0136374,15.9977,0
12,13,0,10.0,-2.18041e-07,-3.97051e-07,3.16962e-05,0.218167,0.0136374,15.9977,0
13,13,0,10.0,-2.96869e-07,-4.11656e-07,3.25185e-05,0.218165,0.0136373,15.9977,0
14,13,0,10.0,-4.08267e-07,-4.54396e-07,3.39543e-05,0.22182,0.0138657,15.9977,0
15,13,0,10.0,-3.79022e-07,-4.54224e-07,3.4293e-05,0.219664,0.0137309,15.9977,0
16,13,0,10.0,-3.98777e-07,-4.57132e-07,3.43023e-05,0.21878,0.0136757,15.9977,0
17,13,0,10.0,-3.13926e-07,-4.75803e-07,3.39471e-05,0.218419,0.0136531,15.9977,0
18,13,0,10.0,-3.25358e-07,-4.86701e-07,3.32304e-05,0.21827,0.0136438,15.9977,0
19,13,0,10.0,-3.61911e-07,-5.01672e-07,3.21144e-05,0.218209,0.01364,15.9977,0
20,13,0,10.0,-4.16991e-07,-5.10115e-07,3.05683e-05,0.218183,0.0136384,15.9977,0
21,13,0,10.0,-4.90617e-07,-4.99787e-07,2.85629e-05,0.218173,0.0136378,15.9977,0
22,13,0,10.0,-3.7475e-07,-4.98362e-07,2.56114e-05,0.218169,0.0136375,15.9977,0
23,13,0,10.0,-2.0754e-07,-5.20508e-07,2.10761e-05,0.218167,0.0136374,15.9977,0
0,14,0,10.0,1.24596e-08,-4.50722e-08,1.79536e-05,0.227221,0.0142034,15.9977,0
1,14,0,10.0,1.98801e-07,5.3281e-08,1.72834e-05,0.221871,0.0138689,15.9977,0
2,14,0,10.0,2.00447e-07,-3.94282e-08,1.80177e-05,0.219684,0.0137322,15.9977,0
3,14,0,10.0,1.58352e-07,-9.25896e-08,1.93771e-05,0.218789,0.0136762,15.9977,0
4,14,0,10.0,8.51254e-08,-1.4166e-07,2.10448e-05,0.218422,0.0136533,15.9977,0
5,14,0,10.0,3.8776e-08,-2.04486e-07,2.28245e-05,0.21827,0.0136438,15.9977,0
6,14,0,10.0,2.89002e-09,-2.63204e-07,2.45682e-05,0.218209,0.01364,15.9977,0
7,14,0,10.0,-2.74414e-08,-2.87073e-07,2.62329e-05,0.218184,0.0136384,15.9977,0
8,14,0,10.0,-7.32629e-08,-3.17459e-07,2.77365e-05,0.218174,0.0136378,15.9977,0
9,14,0,10.0,-1.07332e-07,-3.54842e-07,2.90567e-05,0.218168,0.0136375,15.9977,0
10,14,0,10.0,-1.70961e-07,-3.93612e-07,3.02192e-05,0.218167,0.0136374,15.9977,0
11,14,0,10.0,-2.01314e-07,-4.0827e-07,3.12586e-05,0.218167,0.0136374,15.9977,0
12,14,0,10.0,-2.60815e-07,-4.25196e-07,3.21769e-05,0.218166,0.0136373,15.9977,0
13,14,0,10.0,-3.45044e-07,-4.48293e-07,3.29961e-05,0.218165,0.0136373,15.9977,0
14,14,0,10.0,-4.44037e-07,-4.97793e-07,3.44686e-05,0.22182,0.0138657,15.9977,0
15,14,0,10.0,-4.47336e-07,-4.9523e-07,3.48979e-05,0.219663,0.0137309,15.9977,0
16,14,0,10.0,-3.97509e-07,-5.09722e-07,3.50274e-05,0.218779,0.0136756,15.9977,0
17,14,0,10.0,-3.31205e-07,-5.12167e-07,3.48346e-05,0.218418,0.0136531,15.9977,0
18,14,0,10.0,-3.38728e-07,-5.10683e-07,3.42578e-05,0.21827,0.0136438,15.9977,0
19,14,0,10.0,-3.79657e-07,-5.08229e-07,3.3309e-05,0.218209,0.01364,15.9977,0
20,14,0,10.0,-4.81596e-07,-5.14746e-07,3.19341e-05,0.218183,0.0136384,15.9977,0
21,14,0,10.0,-4.6451e-07,-5.02294e-07,3.00366e-05,0.218173,0.0136378,15.9977,0
22,14,0,10.0,-2.95008e-07,-5.11152e-07,2.70251e-05,0.218169,0.0136375,15.9977,0
23,14,0,10.0,-2.01522e-07,-5.49582e-07,2.22654e-05,0.218167,0.0136374,15.9977,0
0,15,0,10.0,-2.28564e-09,-8.09892e-08,1.78226e-05,0.227221,0.0142034,15.9977,0
1,15,0,10.0,2.58118e-07,6.22015e-08,1.7039e-05,0.221871,0.0138689,15.9977,0
2,15,0,10.0,2.48015e-07,-3.27185e-08,1.78123e-05,0.219684,0.0137322,15.9977,0
3,15,0,10.0,1.38483e-07,-9.14334e-08,1.92364e-05,0.218789,0.0136762,15.9977,0
4,15,0,10.0,6.29794e-08,-1.69545e-07,2.09926e-05,0.218422,0.0136533,15.9977,0
5,15,0,10.0,-1.40556e-08,-2.30067e-07,2.28761e-05,0.21827,0.0136438,15.9977,0
6,15,0,10.0,-3.97705e-08,-2.76511e-07,2.47276e-05,0.218209,0.01364,15.9977,0
7,15,0,10.0,-1.38448e-07,-3.12568e-07,2.64416e-05,0.218184,0.0136384,15.9977,0
8,15,0,10.0,-1.6022e-07,-3.54957e-07,2.79578e-05,0.218174,0.0136378,15.9977,0
9,15,0,10.0,-1.97134e-07,-3.91218e-07,2.93013e-05,0.218168,0.0136375,15.9977,0
10,15,0,10.0,-2.1791e-07,-4.15251e-07,3.04589e-05,0.218167,0.0136374,15.9977,0
11,15,0,10.0,-2.83457e-07,-4.38891e-07,3.14547e-05,0.218167,0.0136374,15.9977,0
12,15,0,10.0,-3.21475e-07,-4.55389e-07,3.23295e-05,0.218166,0.0136373,15.9977,0
13,15,0,10.0,-3.67238e-07,-4.79751e-07,3.31248e-05,0.218165,0.0136373,15.9977,0
14,15,0,10.0,-5.01743e-07,-5.16319e-07,3.45987e-05,0.22182,0.0138657,15.9977,0
15,15,0,10.0,-5.1059e-07,-5.27793e-07,3.50804e-05,0.219663,0.0137309,15.9977,0
16,15,0,10.0,-4.68939e-07,-5.25989e-07,3.535e-05,0.218779,0.0136756,15.9977,0
17,15,0,10.0,-4.57618e-07,-5.22289e-07,3.52895e-05,0.218418,0.0136531,15.9977,0
18,15,0,10.0,-3.90444e-07,-5.28511e-07,3.49001e-05,0.21827,0.0136438,15.9977,0
19,15,0,10.0,-4.15646e-07,-5.31489e-07,3.41484e-05,0.218209,0.01364,15.9977,0
20,15,0,10.0,-4.75975e-07,-5.1083e-07,3.30807e-05,0.218183,0.0136384,15.9977,0
21,15,0,10.0,-4.44458e-07,-4.96848e-07,3.12469e-05,0.218173,0.0136378,15.9977,0
22,15,0,10.0,-3.53516e-07,-5.27508e-07,2.80371e-05,0.218169,0.0136375,15.9977,0
23,15,0,10.0,-2.6755e-07,-5.79277e-07,2.31376e-05,0.218167,0.0136374,15.9977,0
0,16,0,10.0,-5.17306e-08,-8.11895e-08,1.76156e-05,0.227221,0.0142034,15.9977,0
1,16,0,10.0,4.37258e-07,4.68459e-08,1.64999e-05,0.221871,0.0138689,15.9977,0
2,16,0,10.0,2.94945e-07,-4.88712e-08,1.72821e-05,0.219684,0.0137322,15.9977,0
3,16,0,10.0,2.03293e-07,-1.35217e-07,1.87424e-05,0.218788,0.0136762,15.9977,0
4,16,0,10.0,1.24867e-07,-2.00201e-07,2.05632e-05,0.218422,0.0136533,15.9977,0
5,16,0,10.0,6.26596e-08,-2.66555e-07,2.25043e-05,0.21827,0.0136438,15.9977,0
6,16,0,10.0,-2.75995e-08,-3.08199e-07,2.44027e-05,0.218209,0.01364,15.9977,0
7,16,0,10.0,-7.68277e-08,-3.63304e-07,2.61199e-05,0.218184,0.0136384,15.9977,0
8,16,0,10.0,-1.02426e-07,-3.95383e-07,2.76636e-05,0.218174,0.0136378,15.9977,0
9,16,0,10.0,-1.3784e-07,-4.32621e-07,2.89985e-05,0.218168,0.0136375,15.9977,0
10,16,0,10.0,-2.02374e-07,-4.54183e-07,3.01329e-05,0.218167,0.0136374,15.9977,0
11,16,0,10.0,-2.15144e-07,-4.7511e-07,3.10949e-05,0.218167,0.0136374,15.9977,0
12,16,0,10.0,-2.21982e-07,-4.86368e-07,3.19325e-05,0.218166,0.0136373,15.9977,0
13,16,0,10.0,-2.80118e-07,-5.0486e-07,3.26905e-05,0.218165,0.0136373,15.9977,0
14,16,0,10.0,-4.38818e-07,-5.40954e-07,3.41159e-05,0.22182,0.0138657,15.9977,0
15,16,0,10.0,-3.9927e-07,-5.43651e-07,3.46474e-05,0.219663,0.0137309,15.9977,0
16,16,0,10.0,-4.9637e-07,-5.50512e-07,3.50044e-05,0.218779,0.0136756,15.9977,0
17,16,0,10.0,-3.0993e-07,-5.68515e-07,3.5073e-05,0.218418,0.0136531,15.9977,0
18,16,0,10.0,-2.99734e-07,-5.76758e-07,3.48565e-05,0.21827,0.0136438,15.9977,0
19,16,0,10.0,-2.47736e-07,-5.75077e-07,3.42903e-05,0.218209,0.01364,15.9977,0
20,16,0,10.0,-2.53049e-07,-5.60536e-07,3.34039e-05,0.218183,0.0136384,15.9977,0
21,16,0,10.0,-2.42973e-07,-5.53598e-07,3.16662e-05,0.218173,0.0136378,15.9977,0
22,16,0,10.0,-2.40991e-07,-5.77098e-07,2.84814e-05,0.218169,0.0136375,15.9977,0
23,16,0,10.0,-2.68074e-07,-6.21167e-07,2.3604e-05,0.218167,0.0136374,15.9977,0
0,17,0,10.0,-1.956e-07,-4.464e-08,1.6309e-05,0.227284,0.0142073,15.9977,0
1,17,0,10.0,4.85599e-07,1.2047e-07,1.53001e-05,0.221986,0.0138761,15.9977,0
2,17,0,10.0,2.55115e-07,3.52643e-08,1.60698e-05,0.219832,0.0137414,15.9977,0
3,17,0,10.0,1.43164e-07,-1.38359e-08,1.75423e-05,0.218954,0.0136866,15.9977,0
4,17,0,10.0,-4.88134e-11,-7.19435e-08,1.93542e-05,0.218597,0.0136642,15.9977,0
5,17,0,10.0,-1.32868e-07,-1.19875e-07,2.12743e-05,0.21845,0.013655,15.9977,0
6,17,0,10.0,-2.19999e-07,-1.76467e-07,2.3118e-05,0.218391,0.0136514,15.9977,0
7,17,0,10.0,-2.28001e-07,-1.978e-07,2.48217e-05,0.218366,0.0136498,15.9977,0
8,17,0,10.0,-3.07769e-07,-2.36446e-07,2.63299e-05,0.218356,0.0136492,15.9977,0
9,17,0,10.0,-3.53622e-07,-2.71509e-07,2.76417e-05,0.218351,0.0136489,15.9977,0
10,17,0,10.0,-3.49851e-07,-3.11451e-07,2.87456e-05,0.21835,0.0136488,15.9977,0
11,17,0,10.0,-3.54406e-07,-3.26929e-07,2.96931e-05,0.21835,0.0136488,15.9977,0
12,17,0,10.0,-3.63797e-07,-3.41644e-07,3.0522e-05,0.21835,0.0136488,15.9977,0
13,17,0,10.0,-3.89288e-07,-3.67767e-07,3.12379e-05,0.218349,0.0136487,15.9977,0
14,17,0,10.0,-5.65232e-07,-3.9656e-07,3.26146e-05,0.221936,0.013873,15.9977,0
15,17,0,10.0,-5.70105e-07,-3.9462e-07,3.31304e-05,0.219811,0.0137402,15.9977,0
16,17,0,10.0,-6.87605e-07,-3.74963e-07,3.34518e-05,0.218881,0.013682,15.9977,0
17,17,0,10.0,-5.3487e-07,-3.97904e-07,3.36382e-05,0.227158,0.0141994,15.9977,0
18,17,0,10.0,-5.39028e-07,-2.77866e-07,3.34905e-05,0.221936,0.013873,15.9977,0
19,17,0,10.0,-4.80212e-07,-3.3084e-07,3.30578e-05,0.219811,0.0137402,15.9977,0
20,17,0,10.0,-3.35366e-07,-3.6331e-07,3.22992e-05,0.218945,0.013686,15.9977,0
21,17,0,10.0,-2.99121e-07,-3.86997e-07,3.07412e-05,0.218593,0.013664,15.9977,0
22,17,0,10.0,-3.85714e-07,-4.44275e-07,2.7787e-05,0.218449,0.013655,15.9977,0
23,17,0,10.0,-4.95223e-07,-5.12004e-07,2.31473e-05,0.21839,0.0136513,15.9977,0
0,18,0,10.0,-3.10939e-07,-1.96998e-08,1.42905e-05,0.227222,0.0142034,15.9977,0
1,18,0,10.0,5.44036e-07,1.33681e-07,1.34589e-05,0.221871,0.0138689,15.9977,0
2,18,0,10.0,2.08045e-07,9.81148e-08,1.41813e-05,0.219685,0.0137322,15.9977,0
3,18,0,10.0,-4.43611e-08,5.01905e-08,1.55708e-05,0.21879,0.0136763,15.9977,0
4,18,0,10.0,-2.25349e-07,3.85723e-09,1.72531e-05,0.218423,0.0136534,15.9977,0
5,18,0,10.0,-3.58637e-07,-4.17598e-08,1.90214e-05,0.218272,0.0136439,15.9977,0
6,18,0,10.0,-4.59319e-07,-7.7534e-08,2.07503e-05,0.218211,0.0136401,15.9977,0
7,18,0,10.0,-5.2468e-07,-1.14127e-07,2.23614e-05,0.218186,0.0136385,15.9977,0
8,18,0,10.0,-5.78239e-07,-1.5753e-07,2.37887e-05,0.218175,0.0136379,15.9977,0
9,18,0,10.0,-6.02104e-07,-1.95855e-07,2.50391e-05,0.21817,0.0136376,15.9977,0
10,18,0,10.0,-6.22287e-07,-2.23681e-07,2.61375e-05,0.218169,0.0136375,15.9977,0
11,18,0,10.0,-6.21567e-07,-2.50882e-07,2.70823e-05,0.218168,0.0136375,15.9977,0
12,18,0,10.0,-6.25216e-07,-2.72587e-07,2.79079e-05,0.218168,0.0136374,15.9977,0
13,18,0,10.0,-6.29306e-07,-2.98302e-07,2.86285e-05,0.218167,0.0136374,15.9977,0
14,18,0,10.0,-7.81613e-07,-3.61584e-07,2.99469e-05,0.22182,0.0138657,15.9977,0
15,18,0,10.0,-7.86396e-07,-3.42479e-07,3.0408e-05,0.219664,0.0137309,15.9977,0
16,18,0,10.0,-7.88544e-07,-3.33844e-07,3.06759e-05,0.218716,0.0136717,15.9977,0
17,18,0,10.0,-7.9107e-07,-3.44558e-07,3.08317e-05,0.227094,0.0141954,15.9977,0
18,18,0,10.0,-8.12898e-07,-2.29129e-07,3.07067e-05,0.22182,0.0138657,15.9977,0
19,18,0,10.0,-7.24485e-07,-2.79308e-07,3.03052e-05,0.219664,0.0137309,15.9977,0
20,18,0,10.0,-5.81609e-07,-3.08948e-07,2.94917e-05,0.21878,0.0136757,15.9977,0
21,18,0,10.0,-4.822e-07,-3.33883e-07,2.81102e-05,0.218419,0.0136531,15.9977,0
22,18,0,10.0,-6.04136e-07,-3.67534e-07,2.56208e-05,0.218271,0.0136439,15.9977,0
23,18,0,10.0,-8.24991e-07,-4.32525e-07,2.14513e-05,0.21821,0.0136401,15.9977,0
0,19,0,10.0,-3.73203e-07,-4.80319e-08,1.20588e-05,0.227221,0.0142034,15.9977,0
1,19,0,10.0,5.93277e-07,7.95977e-08,1.13237e-05,0.221871,0.0138689,15.9977,0
2,19,0,10.0,2.02586e-07,7.80669e-09,1.19655e-05,0.219684,0.0137322,15.9977,0
3,19,0,10.0,-6.35018e-08,-4.13881e-08,1.31867e-05,0.218789,0.0136762,15.9977,0
4,19,0,10.0,-2.53952e-07,-8.57082e-08,1.4685e-05,0.218422,0.0136533,15.9977,0
5,19,0,10.0,-3.88793e-07,-1.43128e-07,1.62589e-05,0.21827,0.0136438,15.9977,0
6,19,0,10.0,-4.85929e-07,-1.96268e-07,1.78005e-05,0.218209,0.01364,15.9977,0
7,19,0,10.0,-5.57939e-07,-2.27733e-07,1.92569e-05,0.218184,0.0136384,15.9977,0
8,19,0,10.0,-6.02531e-07,-2.59501e-07,2.05901e-05,0.218174,0.0136378,15.9977,0
9,19,0,10.0,-6.27929e-07,-2.99856e-07,2.17758e-05,0.218168,0.0136375,15.9977,0
10,19,0,10.0,-6.39506e-07,-3.37528e-07,2.28351e-05,0.218167,0.0136374,15.9977,0
11,19,0,10.0,-6.44587e-07,-3.52904e-07,2.37887e-05,0.218167,0.0136374,15.9977,0
12,19,0,10.0,-6.37466e-07,-3.63637e-07,2.46336e-05,0.218166,0.0136373,15.9977,0
13,19,0,10.0,-6.33899e-07,-3.83095e-07,2.53647e-05,0.218165,0.0136373,15.9977,0
14,19,0,10.0,-7.71119e-07,-4.38369e-07,2.66104e-05,0.22182,0.0138657,15.9977,0
15,19,0,10.0,-7.66842e-07,-4.4779e-07,2.70148e-05,0.219663,0.0137309,15.9977,0
16,19,0,10.0,-7.60528e-07,-4.40591e-07,2.72405e-05,0.218714,0.0136716,15.9977,0
17,19,0,10.0,-7.43009e-07,-4.54245e-07,2.73228e-05,0.227094,0.0141954,15.9977,0
18,19,0,10.0,-7.17099e-07,-3.08302e-07,2.71202e-05,0.22182,0.0138657,15.9977,0
19,19,0,10.0,-6.82672e-07,-3.3164e-07,2.67165e-05,0.219663,0.0137309,15.9977,0
20,19,0,10.0,-5.98973e-07,-3.55333e-07,2.59032e-05,0.218779,0.0136756,15.9977,0
21,19,0,10.0,-5.17609e-07,-3.73885e-07,2.45071e-05,0.218418,0.0136531,15.9977,0
22,19,0,10.0,-5.17408e-07,-3.89327e-07,2.23443e-05,0.21827,0.0136438,15.9977,0
23,19,0,10.0,-8.01611e-07,-4.16182e-07,1.88397e-05,0.218209,0.01364,15.9977,0
0,20,0,10.0,-3.78171e-07,-7.17299e-08,9.7665e-06,0.227221,0.0142034,15.9977,0
1,20,0,10.0,5.80868e-07,3.26299e-08,9.09611e-06,0.221871,0.0138689,15.9977,0
2,20,0,10.0,1.9351e-07,-5.88577e-08,9.6499e-06,0.219684,0.0137322,15.9977,0
3,20,0,10.0,-7.93236e-08,-1.08345e-07,1.06967e-05,0.218788,0.0136762,15.9977,0
4,20,0,10.0,-2.69157e-07,-1.70456e-07,1.19884e-05,0.218422,0.0136533,15.9977,0
5,20,0,10.0,-3.98283e-07,-2.29467e-07,1.33507e-05,0.21827,0.0136438,15.9977,0
6,20,0,10.0,-4.87649e-07,-2.77442e-07,1.47039e-05,0.218209,0.01364,15.9977,0
7,20,0,10.0,-5.49989e-07,-2.96316e-07,1.59999e-05,0.218184,0.0136384,15.9977,0
8,20,0,10.0,-5.98201e-07,-3.25845e-07,1.72064e-05,0.218174,0.0136378,15.9977,0
9,20,0,10.0,-6.15735e-07,-3.59405e-07,1.83096e-05,0.218168,0.0136375,15.9977,0
10,20,0,10.0,-6.17753e-07,-3.80824e-07,1.93331e-05,0.218167,0.0136374,15.9977,0
11,20,0,10.0,-6.18868e-07,-3.82129e-07,2.02828e-05,0.218167,0.0136374,15.9977,0
12,20,0,10.0,-6.21161e-07,-3.96716e-07,2.11393e-05,0.218166,0.0136373,15.9977,0
13,20,0,10.0,-6.16017e-07,-4.13581e-07,2.18813e-05,0.218165,0.0136373,15.9977,0
14,20,0,10.0,-7.33098e-07,-4.68113e-07,2.30772e-05,0.22182,0.0138657,15.9977,0
15,20,0,10.0,-7.18687e-07,-4.73687e-07,2.34336e-05,0.219663,0.0137309,15.9977,0
16,20,0,10.0,-7.02344e-07,-4.79834e-07,2.36316e-05,0.218714,0.0136716,15.9977,0
17,20,0,10.0,-7.0486e-07,-5.02595e-07,2.36748e-05,0.227094,0.0141954,15.9977,0
18,20,0,10.0,-6.71805e-07,-3.47825e-07,2.34338e-05,0.22182,0.0138657,15.9977,0
19,20,0,10.0,-6.57548e-07,-3.73541e-07,2.30242e-05,0.219663,0.0137309,15.9977,0
20,20,0,10.0,-6.4803e-07,-3.93731e-07,2.22359e-05,0.218779,0.0136756,15.9977,0
21,20,0,10.0,-6.08134e-07,-4.09009e-07,2.09006e-05,0.218418,0.0136531,15.9977,0
22,20,0,10.0,-6.10484e-07,-4.2487e-07,1.88435e-05,0.21827,0.0136438,15.9977,0
23,20,0,10.0,-7.22343e-07,-4.343e-07,1.58404e-05,0.218209,0.01364,15.9977,0
0,21,0,10.0,-3.44817e-07,-7.48538e-08,7.52447e-06,0.227221,0.0142034,15.9977,0
1,21,0,10.0,5.32291e-07,3.22379e-09,6.96566e-06,0.221871,0.0138689,15.9977,0
2,21,0,10.0,1.72245e-07,-7.26501e-08,7.43413e-06,0.219684,0.0137322,15.9977,0
3,21,0,10.0,-8.14269e-08,-1.464e-07,8.31704e-06,0.218789,0.0136762,15.9977,0
4,21,0,10.0,-2.48462e-07,-1.97843e-07,9.40535e-06,0.218422,0.0136533,15.9977,0
5,21,0,10.0,-3.58233e-07,-2.52168e-07,1.05847e-05,0.21827,0.0136438,15.9977,0
6,21,0,10.0,-4.39279e-07,-2.85744e-07,1.17757e-05,0.218209,0.01364,15.9977,0
7,21,0,10.0,-5.05438e-07,-3.25466e-07,1.29293e-05,0.218184,0.0136384,15.9977,0
8,21,0,10.0,-5.35379e-07,-3.50221e-07,1.40136e-05,0.218174,0.0136378,15.9977,0
9,21,0,10.0,-5.4149e-07,-3.75736e-07,1.50491e-05,0.218168,0.0136375,15.9977,0
10,21,0,10.0,-5.48043e-07,-3.85281e-07,1.60364e-05,0.218167,0.0136374,15.9977,0
11,21,0,10.0,-5.5676e-07,-4.04056e-07,1.69602e-05,0.218167,0.0136374,15.9977,0
12,21,0,10.0,-5.59962e-07,-4.05895e-07,1.78017e-05,0.218166,0.0136373,15.9977,0
13,21,0,10.0,-5.40039e-07,-4.26188e-07,1.85598e-05,0.218165,0.0136373,15.9977,0
14,21,0,10.0,-6.46285e-07,-4.50605e-07,1.97299e-05,0.22182,0.0138657,15.9977,0
15,21,0,10.0,-6.2734e-07,-4.71175e-07,2.00675e-05,0.219663,0.0137309,15.9977,0
16,21,0,10.0,-6.01369e-07,-4.72086e-07,2.02552e-05,0.218714,0.0136716,15.9977,0
17,21,0,10.0,-6.05584e-07,-5.00485e-07,2.02931e-05,0.227094,0.0141954,15.9977,0
18,21,0,10.0,-5.62153e-07,-3.55255e-07,2.00774e-05,0.22182,0.0138657,15.9977,0
19,21,0,10.0,-5.74089e-07,-3.90741e-07,1.96831e-05,0.219663,0.0137309,15.9977,0
20,21,0,10.0,-5.70061e-07,-4.01113e-07,1.8931e-05,0.218779,0.0136756,15.9977,0
21,21,0,10.0,-5.92536e-07,-4.16369e-07,1.76895e-05,0.218418,0.0136531,15.9977,0
22,21,0,10.0,-6.38357e-07,-4.2531e-07,1.57877e-05,0.21827,0.0136438,15.9977,0
23,21,0,10.0,-7.36864e-07,-4.42368e-07,1.30334e-05,0.218209,0.01364,15.9977,0
0,22,0,10.0,-2.93429e-07,-7.12398e-08,5.52916e-06,0.227221,0.0142034,15.9977,0
1,22,0,10.0,4.29348e-07,1.04211e-08,5.10293e-06,0.221871,0.0138689,15.9977,0
2,22,0,10.0,1.15462e-07,-7.89741e-08,5.49734e-06,0.219684,0.0137322,15.9977,0
3,22,0,10.0,-9.82752e-08,-1.23176e-07,6.234e-06,0.218789,0.0136762,15.9977,0
4,22,0,10.0,-2.43359e-07,-1.68302e-07,7.17268e-06,0.218422,0.0136533,15.9977,0
5,22,0,10.0,-3.38547e-07,-2.11507e-07,8.20103e-06,0.21827,0.0136438,15.9977,0
6,22,0,10.0,-4.08202e-07,-2.59715e-07,9.24908e-06,0.218209,0.01364,15.9977,0
7,22,0,10.0,-4.54935e-07,-2.84397e-07,1.02825e-05,0.218184,0.0136384,15.9977,0
8,22,0,10.0,-4.73293e-07,-3.07698e-07,1.12942e-05,0.218174,0.0136378,15.9977,0
9,22,0,10.0,-4.77721e-07,-3.32847e-07,1.22758e-05,0.218168,0.0136375,15.9977,0
10,22,0,10.0,-4.86555e-07,-3.64767e-07,1.32108e-05,0.218167,0.0136374,15.9977,0
11,22,0,10.0,-4.94076e-07,-3.69398e-07,1.40914e-05,0.218167,0.0136374,15.9977,0
12,22,0,10.0,-5.01911e-07,-3.79773e-07,1.49148e-05,0.218166,0.0136373,15.9977,0
13,22,0,10.0,-4.88533e-07,-3.97636e-07,1.5687e-05,0.227157,0.0141993,15.9977,0
14,22,0,10.0,-5.83236e-07,-4.31008e-07,1.68433e-05,0.219695,0.0137329,15.9977,0
15,22,0,10.0,-5.46079e-07,-4.36549e-07,1.7178e-05,0.218797,0.0136768,15.9977,0
16,22,0,10.0,-5.206e-07,-4.33471e-07,1.73845e-05,0.218362,0.0136495,15.9977,0
17,22,0,10.0,-5.10164e-07,-4.38917e-07,1.74441e-05,0.227094,0.0141954,15.9977,0
18,22,0,10.0,-5.41074e-07,-3.45701e-07,1.72814e-05,0.22182,0.0138657,15.9977,0
19,22,0,10.0,-5.56244e-07,-3.63454e-07,1.69133e-05,0.219663,0.0137309,15.9977,0
20,22,0,10.0,-5.65617e-07,-3.82591e-07,1.62188e-05,0.218779,0.0136756,15.9977,0
21,22,0,10.0,-5.83115e-07,-3.91785e-07,1.50754e-05,0.218418,0.0136531,15.9977,0
22,22,0,10.0,-6.42822e-07,-4.045e-07,1.33633e-05,0.21827,0.0136438,15.9977,0
23,22,0,10.0,-7.83472e-07,-4.14592e-07,1.09212e-05,0.218209,0.01364,15.9977,0
0,23,0,10.0,-2.20603e-07,-6.39367e-08,3.96407e-06,0.227221,0.0142034,15.9977,0
1,23,0,10.0,2.71127e-07,2.39011e-09,3.64597e-06,0.221871,0.0138689,15.9977,0
2,23,0,10.0,3.3842e-08,-6.44228e-08,3.98444e-06,0.219684,0.0137322,15.9977,0
3,23,0,10.0,-1.44252e-07,-1.12045e-07,4.622e-06,0.218789,0.0136762,15.9977,0
4,23,0,10.0,-2.70488e-07,-1.54991e-07,5.43833e-06,0.218422,0.0136533,15.9977,0
5,23,0,10.0,-3.43912e-07,-1.97689e-07,6.34935e-06,0.21827,0.0136438,15.9977,0
6,23,0,10.0,-3.87825e-07,-2.30194e-07,7.30271e-06,0.218209,0.01364,15.9977,0
7,23,0,10.0,-4.1812e-07,-2.53081e-07,8.26488e-06,0.218184,0.0136384,15.9977,0
8,23,0,10.0,-4.38441e-07,-2.773e-07,9.21575e-06,0.218174,0.0136378,15.9977,0
9,23,0,10.0,-4.40497e-07,-3.04798e-07,1.01435e-05,0.218168,0.0136375,15.9977,0
10,23,0,10.0,-4.34854e-07,-3.21373e-07,1.10333e-05,0.218167,0.0136374,15.9977,0
11,23,0,10.0,-4.50167e-07,-3.37318e-07,1.18812e-05,0.218167,0.0136374,15.9977,0
12,23,0,10.0,-4.49911e-07,-3.50276e-07,1.26745e-05,0.218166,0.0136373,15.9977,0
13,23,0,10.0,-4.57418e-07,-3.76709e-07,1.34248e-05,0.227093,0.0141953,15.9977,0
14,23,0,10.0,-4.94823e-07,-4.00243e-07,1.45697e-05,0.219663,0.0137309,15.9977,0
15,23,0,10.0,-4.67639e-07,-3.95484e-07,1.49422e-05,0.21878,0.0136757,15.9977,0
16,23,0,10.0,-4.42105e-07,-3.92085e-07,1.51845e-05,0.218353,0.013649,15.9977,0
17,23,0,10.0,-4.37633e-07,-4.00224e-07,1.52773e-05,0.227094,0.0141954,15.9977,0
18,23,0,10.0,-4.64433e-07,-3.04137e-07,1.51458e-05,0.22182,0.0138657,15.9977,0
19,23,0,10.0,-4.87446e-07,-3.31717e-07,1.4805e-05,0.219663,0.0137309,15.9977,0
20,23,0,10.0,-5.11304e-07,-3.49209e-07,1.41498e-05,0.218779,0.0136756,15.9977,0
21,23,0,10.0,-5.28722e-07,-3.68061e-07,1.30979e-05,0.218418,0.0136531,15.9977,0
22,23,0,10.0,-5.72622e-07,-3.79415e-07,1.15468e-05,0.21827,0.0136438,15.9977,0
23,23,0,10.0,-6.80619e-07,-3.89921e-07,9.37566e-06,0.218209,0.01364,15.9977,0
0,0,1,10.0,5.64621e-10,-9.28979e-08,1.62692e-05,0.238316,0.128725,1.85136,0
1,0,1,10.0,4.54402e-08,6.12088e-08,1.59752e-05,0.237481,0.125922,1.88594,0
2,0,1,10.0,4.02304e-08,-3.14094e-08,1.61885e-05,0.237078,0.124617,1.90245,0
3,0,1,10.0,4.51997e-08,-8.09934e-08,1.65911e-05,0.236883,0.124,1.91034,0
4,0,1,10.0,5.36201e-08,-1.03001e-07,1.71014e-05,0.236789,0.123707,1.91411,0
5,0,1,10.0,5.86902e-08,-1.24399e-07,1.76873e-05,0.236743,0.123567,1.91592,0
6,0,1,10.0,6.29066e-08,-1.35311e-07,1.83176e-05,0.236721,0.1235,1.91677,0
7,0,1,10.0,6.23916e-08,-1.50035e-07,1.89776e-05,0.236711,0.123468,1.91718,0
8,0,1,10.0,6.07705e-08,-1.61582e-07,1.96348e-05,0.236706,0.123453,1.91737,0
9,0,1,10.0,6.22234e-08,-1.71518e-07,2.02645e-05,0.236703,0.123445,1.91748,0
10,0,1,10.0,6.4266e-08,-1.81416e-07,2.08523e-05,0.236702,0.123442,1.91752,0
11,0,1,10.0,6.40683e-08,-1.94148e-07,2.13861e-05,0.236702,0.12344,1.91754,0
12,0,1,10.0,8.02225e-08,-1.99601e-07,2.18441e-05,0.236701,0.12344,1.91754,0
13,0,1,10.0,7.92708e-08,-2.19304e-07,2.22046e-05,0.236701,0.123439,1.91756,0
14,0,1,10.0,9.99664e-08,-2.69911e-07,2.25537e-05,0.237472,0.125902,1.88617,0
15,0,1,10.0,8.01709e-08,-2.96863e-07,2.24297e-05,0.237073,0.124607,1.90256,0
16,0,1,10.0,8.66933e-08,-2.80409e-07,2.20575e-05,0.236881,0.123995,1.9104,0
17,0,1,10.0,9.31889e-08,-2.89507e-07,2.1423e-05,0.236788,0.123705,1.91414,0
18,0,1,10.0,9.18609e-08,-3.0879e-07,2.05156e-05,0.236743,0.123566,1.91592,0
19,0,1,10.0,8.20437e-08,-3.02838e-07,1.93067e-05,0.236721,0.1235,1.91677,0
20,0,1,10.0,8.74525e-08,-3.11615e-07,1.77825e-05,0.236711,0.123468,1.91719,0
21,0,1,10.0,7.92735e-08,-3.40173e-07,1.59079e-05,0.236706,0.123453,1.91738,0
22,0,1,10.0,5.83353e-08,-3.78821e-07,1.3607e-05,0.236703,0.123446,1.91747,0
23,0,1,10.0,3.07407e-08,-4.33771e-07,1.07654e-05,0.236702,0.123442,1.91751,0
0,1,1,10.0,-9.69576e-10,-6.57521e-08,1.5933e-05,0.238325,0.128747,1.85111,0
1,1,1,10.0,1.22215e-07,2.00451e-07,1.57321e-05,0.2375,0.125964,1.88546,0
2,1,1,10.0,1.11899e-07,1.22936e-07,1.59306e-05,0.237103,0.124673,1.90181,0
3,1,1,10.0,1.24137e-07,8.59952e-08,1.63133e-05,0.236913,0.124065,1.90959,0
4,1,1,10.0,1.38974e-07,6.93529e-08,1.68103e-05,0.236821,0.123777,1.91329,0
5,1,1,10.0,1.49613e-07,5.65208e-08,1.73825e-05,0.236777,0.12364,1.91506,0
6,1,1,10.0,1.55766e-07,5.34157e-08,1.79991e-05,0.236756,0.123575,1.9159,0
7,1,1,10.0,1.47918e-07,4.97047e-08,1.86402e-05,0.236746,0.123544,1.91629,0
8,1,1,10.0,1.46102e-07,4.6562e-08,1.92784e-05,0.236741,0.123529,1.91648,0
9,1,1,10.0,1.48502e-07,4.67533e-08,1.9891e-05,0.236739,0.123521,1.91658,0
10,1,1,10.0,1.48633e-07,4.60381e-08,2.04635e-05,0.236738,0.123518,1.91662,0
11,1,1,10.0,1.56491e-07,5.38517e-08,2.09859e-05,0.236737,0.123517,1.91664,0
12,1,1,10.0,1.60717e-07,2.27912e-08,2.14373e-05,0.236737,0.123516,1.91665,0
13,1,1,10.0,1.63265e-07,4.63937e-08,2.17895e-05,0.236737,0.123515,1.91666,0
14,1,1,10.0,1.70312e-07,-4.11126e-08,2.21287e-05,0.237491,0.125944,1.88569,0
15,1,1,10.0,1.64481e-07,-1.48438e-08,2.19876e-05,0.237099,0.124663,1.90191,0
16,1,1,10.0,1.62227e-07,-2.37202e-08,2.16144e-05,0.236911,0.12406,1.90965,0
17,1,1,10.0,1.80511e-07,-4.42338e-08,2.09904e-05,0.23682,0.123775,1.91332,0
18,1,1,10.0,1.65526e-07,-6.006e-08,2.00812e-05,0.236777,0.123639,1.91507,0
19,1,1,10.0,1.65671e-07,-4.52925e-08,1.88762e-05,0.236756,0.123574,1.9159,0
20,1,1,10.0,1.74161e-07,-8.72029e-08,1.73584e-05,0.236746,0.123543,1.9163,0
21,1,1,10.0,1.4897e-07,-1.41239e-07,1.54771e-05,0.236741,0.123529,1.91649,0
22,1,1,10.0,1.27801e-07,-1.97993e-07,1.31727e-05,0.236739,0.123522,1.91658,0
23,1,1,10.0,8.93575e-08,-2.79258e-07,1.03481e-05,0.236738,0.123519,1.91662,0
0,2,1,10.0,-3.33252e-09,-6.42306e-08,1.56859e-05,0.238326,0.128747,1.85111,0
1,2,1,10.0,8.95621e-08,1.9369e-07,1.5529e-05,0.2375,0.125964,1.88546,0
2,2,1,10.0,7.75076e-08,1.17434e-07,1.57239e-05,0.237104,0.124673,1.9018,0
3,2,1,10.0,8.35779e-08,7.72516e-08,1.61005e-05,0.236913,0.124065,1.90958,0
4,2,1,10.0,9.20779e-08,5.7611e-08,1.65948e-05,0.236822,0.123777,1.91329,0
5,2,1,10.0,9.70103e-08,4.21759e-08,1.71642e-05,0.236778,0.12364,1.91506,0
6,2,1,10.0,9.45823e-08,3.69009e-08,1.77769e-05,0.236757,0.123575,1.91589,0
7,2,1,10.0,7.66313e-08,3.28215e-08,1.84088e-05,0.236747,0.123544,1.91629,0
8,2,1,10.0,6.30477e-08,3.0651e-08,1.90372e-05,0.236742,0.12353,1.91648,0
9,2,1,10.0,5.62945e-08,3.02848e-08,1.96409e-05,0.236739,0.123522,1.91658,0
10,2,1,10.0,5.42149e-08,3.58951e-08,2.02047e-05,0.236738,0.123519,1.91661,0
11,2,1,10.0,4.2793e-08,1.41253e-08,2.07201e-05,0.236738,0.123518,1.91663,0
12,2,1,10.0,3.78597e-08,3.36959e-08,2.11633e-05,0.236738,0.123517,1.91664,0
13,2,1,10.0,3.6383e-08,8.37418e-09,2.15096e-05,0.236737,0.123516,1.91665,0
14,2,1,10.0,6.3211e-09,-2.91757e-08,2.18318e-05,0.237491,0.125944,1.88569,0
15,2,1,10.0,1.73973e-08,-3.40874e-08,2.1687e-05,0.237099,0.124664,1.90191,0
16,2,1,10.0,2.91337e-08,-5.43583e-08,2.13209e-05,0.236911,0.12406,1.90964,0
17,2,1,10.0,1.06662e-08,-6.67661e-08,2.06953e-05,0.236821,0.123775,1.91331,0
18,2,1,10.0,1.05339e-08,-5.61903e-08,1.9779e-05,0.236777,0.123639,1.91506,0
19,2,1,10.0,1.59857e-08,-9.12659e-08,1.8568e-05,0.236756,0.123575,1.91589,0
20,2,1,10.0,9.89687e-09,-1.05865e-07,1.70408e-05,0.236746,0.123544,1.9163,0
21,2,1,10.0,2.26962e-08,-1.52073e-07,1.51505e-05,0.236742,0.123529,1.91648,0
22,2,1,10.0,-3.04258e-09,-2.12977e-07,1.28391e-05,0.236739,0.123522,1.91657,0
23,2,1,10.0,-4.06049e-08,-2.8477e-07,1.00238e-05,0.236738,0.123519,1.91661,0
0,3,1,10.0,1.31209e-08,-6.56002e-08,1.5524e-05,0.238326,0.128747,1.85111,0
1,3,1,10.0,5.73525e-08,1.92835e-07,1.5396e-05,0.2375,0.125964,1.88546,0
2,3,1,10.0,6.36271e-08,1.16584e-07,1.55946e-05,0.237104,0.124673,1.9018,0
3,3,1,10.0,7.58216e-08,7.43012e-08,1.59769e-05,0.236913,0.124065,1.90958,0
4,3,1,10.0,8.31298e-08,4.59311e-08,1.64811e-05,0.236822,0.123777,1.91329,0
5,3,1,10.0,8.55005e-08,3.27522e-08,1.7061e-05,0.236778,0.12364,1.91506,0
6,3,1,10.0,7.53849e-08,2.54499e-08,1.76828e-05,0.236757,0.123575,1.91589,0
7,3,1,10.0,5.21152e-08,2.04156e-08,1.83196e-05,0.236747,0.123544,1.91629,0
8,3,1,10.0,3.11142e-08,1.88549e-08,1.89496e-05,0.236742,0.12353,1.91648,0
9,3,1,10.0,1.53647e-08,2.01213e-08,1.95534e-05,0.236739,0.123522,1.91658,0
10,3,1,10.0,5.25446e-09,2.11189e-08,2.01147e-05,0.236738,0.123519,1.91661,0
11,3,1,10.0,-2.00148e-08,1.78866e-08,2.06197e-05,0.236738,0.123518,1.91663,0
12,3,1,10.0,-3.01176e-08,1.8444e-08,2.10521e-05,0.236738,0.123517,1.91664,0
13,3,1,10.0,-4.84368e-08,1.62779e-08,2.13881e-05,0.236737,0.123516,1.91665,0
14,3,1,10.0,-7.85448e-08,-5.33874e-08,2.16878e-05,0.237491,0.125944,1.88569,0
15,3,1,10.0,-5.86944e-08,-4.90802e-08,2.15487e-05,0.237099,0.124664,1.90191,0
16,3,1,10.0,-8.56245e-08,-7.16091e-08,2.11819e-05,0.236911,0.12406,1.90964,0
17,3,1,10.0,-8.43858e-08,-7.6757e-08,2.05452e-05,0.236821,0.123775,1.91331,0
18,3,1,10.0,-8.19585e-08,-9.07503e-08,1.96159e-05,0.236777,0.12364,1.91506,0
19,3,1,10.0,-8.39081e-08,-7.92334e-08,1.83879e-05,0.236756,0.123575,1.91589,0
20,3,1,10.0,-6.44047e-08,-1.23449e-07,1.68473e-05,0.236746,0.123544,1.9163,0
21,3,1,10.0,-4.75633e-08,-1.8062e-07,1.49509e-05,0.236742,0.123529,1.91648,0
22,3,1,10.0,-5.58344e-08,-2.26012e-07,1.26221e-05,0.236739,0.123522,1.91657,0
23,3,1,10.0,-7.60767e-08,-2.88801e-07,9.79732e-06,0.236738,0.123519,1.91661,0
0,4,1,10.0,4.10643e-08,-6.9459e-08,1.55043e-05,0.238326,0.128747,1.85111,0
1,4,1,10.0,2.22611e-08,2.02067e-07,1.53901e-05,0.2375,0.125964,1.88546,0
2,4,1,10.0,5.5618e-08,1.21829e-07,1.56004e-05,0.237104,0.124673,1.9018,0
3,4,1,10.0,7.78037e-08,7.36525e-08,1.60033e-05,0.236913,0.124065,1.90958,0
4,4,1,10.0,8.85145e-08,4.54783e-08,1.65336e-05,0.236822,0.123777,1.91329,0
5,4,1,10.0,8.59355e-08,2.97409e-08,1.71424e-05,0.236778,0.12364,1.91506,0
6,4,1,10.0,6.92622e-08,2.08388e-08,1.7791e-05,0.236757,0.123575,1.91589,0
7,4,1,10.0,4.04961e-08,1.51753e-08,1.84512e-05,0.236747,0.123544,1.91629,0
8,4,1,10.0,1.24564e-08,1.33649e-08,1.90991e-05,0.236742,0.12353,1.91648,0
9,4,1,10.0,-1.12672e-08,1.30293e-08,1.9716e-05,0.236739,0.123522,1.91658,0
10,4,1,10.0,-3.12802e-08,1.36288e-08,2.0283e-05,0.236738,0.123519,1.91661,0
11,4,1,10.0,-5.73288e-08,1.07935e-08,2.07846e-05,0.236738,0.123518,1.91663,0
12,4,1,10.0,-8.38128e-08,1.08632e-08,2.12071e-05,0.236738,0.123517,1.91664,0
13,4,1,10.0,-1.06212e-07,1.05394e-08,2.15304e-05,0.236737,0.123516,1.91665,0
14,4,1,10.0,-1.25922e-07,-5.2841e-08,2.18147e-05,0.237491,0.125944,1.88569,0
15,4,1,10.0,-1.27515e-07,-7.25144e-08,2.16808e-05,0.237099,0.124664,1.90191,0
16,4,1,10.0,-1.49853e-07,-6.67638e-08,2.13014e-05,0.236911,0.12406,1.90964,0
17,4,1,10.0,-1.58377e-07,-7.94704e-08,2.06534e-05,0.236821,0.123775,1.91331,0
18,4,1,10.0,-1.59994e-07,-8.63831e-08,1.97066e-05,0.236777,0.12364,1.91506,0
19,4,1,10.0,-1.24885e-07,-1.06837e-07,1.84639e-05,0.236756,0.123575,1.91589,0
20,4,1,10.0,-1.04951e-07,-1.46952e-07,1.69115e-05,0.236746,0.123544,1.9163,0
21,4,1,10.0,-9.78126e-08,-1.91954e-07,1.49883e-05,0.236742,0.123529,1.91648,0
22,4,1,10.0,-8.96007e-08,-2.3071e-07,1.26204e-05,0.236739,0.123522,1.91657,0
23,4,1,10.0,-7.54406e-08,-2.99344e-07,9.75465e-06,0.236738,0.123519,1.91661,0
0,5,1,10.0,7.68663e-08,-7.26681e-08,1.56809e-05,0.238326,0.128747,1.85111,0
1,5,1,10.0,-1.41486e-08,2.35346e-07,1.55556e-05,0.2375,0.125964,1.88546,0
2,5,1,10.0,5.50686e-08,1.44221e-07,1.57842e-05,0.237104,0.124673,1.9018,0
3,5,1,10.0,9.1032e-08,9.0792e-08,1.62236e-05,0.236913,0.124065,1.90958,0
4,5,1,10.0,1.043e-07,5.85934e-08,1.68003e-05,0.236822,0.123777,1.91329,0
5,5,1,10.0,9.47684e-08,4.07502e-08,1.7457e-05,0.236778,0.12364,1.91506,0
6,5,1,10.0,7.52107e-08,2.95004e-08,1.81526e-05,0.236757,0.123575,1.91589,0
7,5,1,10.0,3.67916e-08,2.35864e-08,1.88537e-05,0.236747,0.123544,1.91629,0
8,5,1,10.0,5.06891e-09,2.09855e-08,1.95388e-05,0.236742,0.12353,1.91648,0
9,5,1,10.0,-3.2385e-08,2.01229e-08,2.01824e-05,0.236739,0.123522,1.91658,0
10,5,1,10.0,-5.86396e-08,2.06043e-08,2.07696e-05,0.236738,0.123519,1.91661,0
11,5,1,10.0,-9.16449e-08,1.85789e-08,2.12822e-05,0.236738,0.123517,1.91663,0
12,5,1,10.0,-1.1732e-07,1.77994e-08,2.17094e-05,0.236738,0.123517,1.91664,0
13,5,1,10.0,-1.44751e-07,1.54021e-08,2.20336e-05,0.236737,0.123516,1.91665,0
14,5,1,10.0,-1.5027e-07,-6.59837e-08,2.23212e-05,0.237491,0.125944,1.88569,0
15,5,1,10.0,-1.86884e-07,-4.71729e-08,2.21788e-05,0.237099,0.124664,1.90191,0
16,5,1,10.0,-2.00611e-07,-6.88139e-08,2.1789e-05,0.236911,0.12406,1.90964,0
17,5,1,10.0,-2.16101e-07,-8.57782e-08,2.11229e-05,0.236821,0.123775,1.91331,0
18,5,1,10.0,-1.84422e-07,-8.9374e-08,2.01638e-05,0.236777,0.123639,1.91506,0
19,5,1,10.0,-1.51002e-07,-1.14821e-07,1.89145e-05,0.236756,0.123575,1.91589,0
20,5,1,10.0,-1.38926e-07,-1.53511e-07,1.73316e-05,0.236746,0.123544,1.9163,0
21,5,1,10.0,-1.2895e-07,-1.9655e-07,1.53564e-05,0.236742,0.123529,1.91648,0
22,5,1,10.0,-9.44377e-08,-2.48316e-07,1.29207e-05,0.236739,0.123522,1.91657,0
23,5,1,10.0,-3.88261e-08,-3.04224e-07,9.97806e-06,0.236738,0.123519,1.91661,0
0,6,1,10.0,1.15984e-07,-8.43154e-08,1.60975e-05,0.238326,0.128747,1.85111,0
1,6,1,10.0,-3.42085e-08,2.69201e-07,1.59166e-05,0.2375,0.125964,1.88546,0
2,6,1,10.0,6.64631e-08,1.63243e-07,1.61715e-05,0.237104,0.124673,1.9018,0
3,6,1,10.0,1.1468e-07,9.96772e-08,1.66642e-05,0.236913,0.124065,1.90958,0
4,6,1,10.0,1.24926e-07,6.33566e-08,1.73057e-05,0.236822,0.123777,1.91329,0
5,6,1,10.0,1.16544e-07,4.12423e-08,1.80304e-05,0.236778,0.12364,1.91506,0
6,6,1,10.0,8.23378e-08,3.00365e-08,1.87911e-05,0.236757,0.123575,1.91589,0
7,6,1,10.0,4.76521e-08,2.24425e-08,1.95516e-05,0.236747,0.123544,1.91629,0
8,6,1,10.0,-8.5038e-09,2.13949e-08,2.02902e-05,0.236742,0.12353,1.91648,0
9,6,1,10.0,-4.28156e-08,2.19202e-08,2.09783e-05,0.236739,0.123522,1.91658,0
10,6,1,10.0,-8.27247e-08,2.35268e-08,2.1603e-05,0.236738,0.123519,1.91661,0
11,6,1,10.0,-1.14265e-07,2.38315e-08,2.21467e-05,0.236738,0.123518,1.91663,0
12,6,1,10.0,-1.48713e-07,2.39336e-08,2.25994e-05,0.236738,0.123517,1.91664,0
13,6,1,10.0,-1.74466e-07,2.25186e-08,2.29448e-05,0.236737,0.123516,1.91665,0
14,6,1,10.0,-1.81313e-07,-4.70478e-08,2.32601e-05,0.237491,0.125944,1.88569,0
15,6,1,10.0,-2.10287e-07,-5.20887e-08,2.31093e-05,0.237099,0.124664,1.90191,0
16,6,1,10.0,-2.40773e-07,-5.89339e-08,2.27053e-05,0.236911,0.12406,1.90964,0
17,6,1,10.0,-2.34275e-07,-6.105e-08,2.20235e-05,0.236821,0.123775,1.91331,0
18,6,1,10.0,-2.02983e-07,-8.56724e-08,2.10618e-05,0.236777,0.12364,1.91506,0
19,6,1,10.0,-1.81687e-07,-1.1367e-07,1.97878e-05,0.236756,0.123575,1.91589,0
20,6,1,10.0,-1.69968e-07,-1.5417e-07,1.81571e-05,0.236746,0.123544,1.9163,0
21,6,1,10.0,-1.52486e-07,-1.97114e-07,1.61081e-05,0.236742,0.123529,1.91648,0
22,6,1,10.0,-9.47543e-08,-2.50724e-07,1.35849e-05,0.236739,0.123522,1.91657,0
23,6,1,10.0,9.91713e-10,-3.18679e-07,1.05176e-05,0.236738,0.123519,1.91661,0
0,7,1,10.0,1.40532e-07,-1.0443e-07,1.67024e-05,0.238326,0.128747,1.85111,0
1,7,1,10.0,-5.90906e-08,2.95217e-07,1.6428e-05,0.2375,0.125964,1.88546,0
2,7,1,10.0,6.67276e-08,1.65239e-07,1.67204e-05,0.237104,0.124673,1.9018,0
3,7,1,10.0,1.29329e-07,9.32673e-08,1.72857e-05,0.236913,0.124065,1.90958,0
4,7,1,10.0,1.37095e-07,5.29786e-08,1.80072e-05,0.236822,0.123777,1.91329,0
5,7,1,10.0,1.16051e-07,3.11971e-08,1.88185e-05,0.236778,0.12364,1.91506,0
6,7,1,10.0,7.95818e-08,1.89279e-08,1.966e-05,0.236757,0.123575,1.91589,0
7,7,1,10.0,3.42877e-08,1.4017e-08,2.04959e-05,0.236747,0.123544,1.91629,0
8,7,1,10.0,-3.27443e-08,1.54334e-08,2.1303e-05,0.236742,0.12353,1.91648,0
9,7,1,10.0,-8.05174e-08,2.05129e-08,2.20543e-05,0.236739,0.123522,1.91658,0
10,7,1,10.0,-1.27256e-07,2.51332e-08,2.27352e-05,0.236738,0.123519,1.91661,0
11,7,1,10.0,-1.68932e-07,2.88777e-08,2.33342e-05,0.236738,0.123518,1.91663,0
12,7,1,10.0,-1.99399e-07,3.04502e-08,2.38327e-05,0.236738,0.123517,1.91664,0
13,7,1,10.0,-2.31886e-07,3.15744e-08,2.42221e-05,0.236737,0.123516,1.91665,0
14,7,1,10.0,-2.36473e-07,-4.06658e-08,2.45988e-05,0.237491,0.125944,1.88569,0
15,7,1,10.0,-2.61374e-07,-3.37982e-08,2.44532e-05,0.237099,0.124664,1.90191,0
16,7,1,10.0,-2.79342e-07,-4.3849e-08,2.40366e-05,0.236911,0.12406,1.90964,0
17,7,1,10.0,-2.68586e-07,-6.62936e-08,2.33521e-05,0.236821,0.123775,1.91331,0
18,7,1,10.0,-2.41473e-07,-8.43324e-08,2.23729e-05,0.236777,0.12364,1.91506,0
19,7,1,10.0,-2.2581e-07,-1.1213e-07,2.10611e-05,0.236756,0.123575,1.91589,0
20,7,1,10.0,-2.19693e-07,-1.47119e-07,1.93642e-05,0.236746,0.123544,1.9163,0
21,7,1,10.0,-1.88121e-07,-1.92523e-07,1.72334e-05,0.236742,0.123529,1.91648,0
22,7,1,10.0,-1.18775e-07,-2.49078e-07,1.46013e-05,0.236739,0.123522,1.91657,0
23,7,1,10.0,3.79896e-09,-3.28214e-07,1.13769e-05,0.236738,0.123519,1.91661,0
0,8,1,10.0,1.41916e-07,-1.32485e-07,1.73807e-05,0.238326,0.128747,1.85111,0
1,8,1,10.0,-3.43853e-08,3.05595e-07,1.6983e-05,0.2375,0.125964,1.88546,0
2,8,1,10.0,7.57154e-08,1.55879e-07,1.73176e-05,0.237104,0.124673,1.9018,0
3,8,1,10.0,1.32608e-07,7.71898e-08,1.79739e-05,0.236913,0.124065,1.90958,0
4,8,1,10.0,1.7216e-07,3.74306e-08,1.88042e-05,0.236822,0.123777,1.91329,0
5,8,1,10.0,1.35919e-07,1.51047e-08,1.9717e-05,0.236778,0.12364,1.91506,0
6,8,1,10.0,9.03128e-08,6.17593e-10,2.06563e-05,0.236757,0.123575,1.91589,0
7,8,1,10.0,4.86428e-08,-2.06895e-09,2.15816e-05,0.236747,0.123544,1.91629,0
8,8,1,10.0,-3.21565e-08,1.18126e-08,2.24761e-05,0.236742,0.12353,1.91648,0
9,8,1,10.0,-8.39509e-08,1.14674e-08,2.33134e-05,0.236739,0.123522,1.91658,0
10,8,1,10.0,-1.61744e-07,1.72551e-08,2.4077e-05,0.236738,0.123519,1.91661,0
11,8,1,10.0,-2.06446e-07,1.91095e-08,2.4756e-05,0.236738,0.123518,1.91663,0
12,8,1,10.0,-2.38926e-07,2.22791e-08,2.53235e-05,0.236738,0.123517,1.91664,0
13,8,1,10.0,-2.72261e-07,2.12751e-08,2.57695e-05,0.236737,0.123516,1.91665,0
14,8,1,10.0,-2.80474e-07,-4.4275e-08,2.62396e-05,0.237491,0.125944,1.88569,0
15,8,1,10.0,-3.06001e-07,-6.7394e-08,2.61091e-05,0.237099,0.124664,1.90191,0
16,8,1,10.0,-3.03346e-07,-3.96454e-08,2.5694e-05,0.236911,0.12406,1.90964,0
17,8,1,10.0,-2.89462e-07,-6.49177e-08,2.49986e-05,0.236821,0.123775,1.91331,0
18,8,1,10.0,-2.66467e-07,-1.01828e-07,2.39972e-05,0.236777,0.12364,1.91506,0
19,8,1,10.0,-2.62434e-07,-1.25825e-07,2.26376e-05,0.236756,0.123575,1.91589,0
20,8,1,10.0,-2.37084e-07,-1.54401e-07,2.08786e-05,0.236746,0.123544,1.9163,0
21,8,1,10.0,-2.02678e-07,-1.99068e-07,1.86668e-05,0.236742,0.123529,1.91648,0
22,8,1,10.0,-1.30361e-07,-2.59897e-07,1.59258e-05,0.236739,0.123522,1.91657,0
23,8,1,10.0,-1.39242e-08,-3.52114e-07,1.25313e-05,0.236738,0.123519,1.91661,0
0,9,1,10.0,1.00328e-07,-1.5102e-07,1.79146e-05,0.238335,0.128769,1.85087,0
1,9,1,10.0,-2.16667e-08,3.34803e-07,1.74106e-05,0.237519,0.126006,1.88498,0
2,9,1,10.0,9.6828e-08,1.92909e-07,1.78013e-05,0.237129,0.124729,1.90116,0
3,9,1,10.0,1.3578e-07,5.94716e-08,1.85597e-05,0.236943,0.12413,1.90883,0
4,9,1,10.0,1.35211e-07,-5.07543e-09,1.95174e-05,0.236854,0.123847,1.91247,0
5,9,1,10.0,1.05313e-07,-1.82828e-08,2.05526e-05,0.236811,0.123712,1.91421,0
6,9,1,10.0,7.9701e-08,-2.64547e-08,2.16081e-05,0.236791,0.123649,1.91502,0
7,9,1,10.0,4.96678e-08,-4.24591e-08,2.26446e-05,0.236782,0.123619,1.91541,0
8,9,1,10.0,-5.28149e-08,-1.65649e-08,2.36344e-05,0.236767,0.123584,1.91584,0
9,9,1,10.0,-1.05471e-07,-1.53301e-08,2.45879e-05,0.238316,0.128724,1.85136,0
10,9,1,10.0,-9.08351e-08,-1.26772e-07,2.55156e-05,0.23751,0.125986,1.88521,0
11,9,1,10.0,-1.64603e-07,-1.14592e-07,2.62893e-05,0.237125,0.124719,1.90127,0
12,9,1,10.0,-2.06892e-07,-1.01353e-07,2.69242e-05,0.236941,0.124125,1.90888,0
13,9,1,10.0,-2.5217e-07,-7.84071e-08,2.7427e-05,0.236853,0.123844,1.9125,0
14,9,1,10.0,-3.29016e-07,-2.03766e-07,2.79841e-05,0.23751,0.125986,1.88521,0
15,9,1,10.0,-3.75452e-07,-1.44838e-07,2.78579e-05,0.237125,0.12472,1.90127,0
16,9,1,10.0,-3.5785e-07,-1.42442e-07,2.74468e-05,0.236941,0.124125,1.90889,0
17,9,1,10.0,-3.33572e-07,-1.79083e-07,2.67432e-05,0.236853,0.123845,1.9125,0
18,9,1,10.0,-3.35995e-07,-1.67598e-07,2.57082e-05,0.236811,0.123712,1.91421,0
19,9,1,10.0,-3.26688e-07,-1.89166e-07,2.43069e-05,0.236791,0.123649,1.91503,0
20,9,1,10.0,-3.13246e-07,-2.10093e-07,2.25019e-05,0.236781,0.123619,1.91542,0
21,9,1,10.0,-2.64469e-07,-2.50063e-07,2.02339e-05,0.236777,0.123605,1.9156,0
22,9,1,10.0,-2.29238e-07,-3.07586e-07,1.7407e-05,0.236775,0.123598,1.91568,0
23,9,1,10.0,-1.88574e-07,-3.78089e-07,1.38738e-05,0.236774,0.123595,1.91572,0
0,10,1,10.0,5.01413e-08,-1.46324e-07,1.80791e-05,0.238326,0.128747,1.85111,0
1,10,1,10.0,2.60434e-08,4.15209e-07,1.75668e-05,0.2375,0.125964,1.88546,0
2,10,1,10.0,5.22035e-08,2.02469e-07,1.802e-05,0.237104,0.124673,1.9018,0
3,10,1,10.0,1.04877e-07,1.26808e-07,1.88783e-05,0.236913,0.124066,1.90958,0
4,10,1,10.0,8.43318e-08,4.99575e-08,1.99598e-05,0.236822,0.123778,1.91328,0
5,10,1,10.0,5.99556e-08,2.33149e-08,2.11244e-05,0.236778,0.123641,1.91505,0
6,10,1,10.0,1.69768e-08,-3.43765e-08,2.23014e-05,0.236757,0.123576,1.91589,0
7,10,1,10.0,-3.74915e-08,-9.42371e-10,2.34477e-05,0.236747,0.123545,1.91628,0
8,10,1,10.0,-8.69674e-08,1.52794e-08,2.45363e-05,0.236732,0.123509,1.91672,0
9,10,1,10.0,-1.3011e-07,3.56633e-08,2.56018e-05,0.238306,0.128702,1.85161,0
10,10,1,10.0,-1.21267e-07,-1.16207e-07,2.66636e-05,0.237491,0.125944,1.88569,0
11,10,1,10.0,-1.89841e-07,-7.57889e-08,2.75294e-05,0.2371,0.124664,1.90191,0
12,10,1,10.0,-2.25625e-07,-4.01299e-08,2.82375e-05,0.236911,0.124061,1.90963,0
13,10,1,10.0,-3.05718e-07,-4.53759e-08,2.87932e-05,0.236821,0.123775,1.91331,0
14,10,1,10.0,-3.86004e-07,-1.55286e-07,2.94239e-05,0.237491,0.125944,1.88568,0
15,10,1,10.0,-3.68895e-07,-1.28308e-07,2.93232e-05,0.2371,0.124664,1.90191,0
16,10,1,10.0,-3.79122e-07,-1.49357e-07,2.89378e-05,0.236911,0.124061,1.90964,0
17,10,1,10.0,-3.86513e-07,-1.38447e-07,2.82345e-05,0.236821,0.123776,1.91331,0
18,10,1,10.0,-3.92943e-07,-1.71316e-07,2.7183e-05,0.236778,0.12364,1.91506,0
19,10,1,10.0,-3.86338e-07,-1.26961e-07,2.57687e-05,0.236757,0.123575,1.91589,0
20,10,1,10.0,-3.65292e-07,-1.98254e-07,2.3955e-05,0.236747,0.123544,1.91629,0
21,10,1,10.0,-3.61887e-07,-2.1543e-07,2.16671e-05,0.236742,0.12353,1.91648,0
22,10,1,10.0,-3.41338e-07,-2.77406e-07,1.88096e-05,0.23674,0.123523,1.91656,0
23,10,1,10.0,-2.97055e-07,-2.96125e-07,1.52911e-05,0.236739,0.12352,1.91661,0
0,11,1,10.0,2.53462e-08,-1.37698e-07,1.79366e-05,0.238326,0.128747,1.85111,0
1,11,1,10.0,8.24759e-08,4.10984e-07,1.74938e-05,0.2375,0.125964,1.88546,0
2,11,1,10.0,6.75457e-08,2.57998e-07,1.80022e-05,0.237104,0.124673,1.9018,0
3,11,1,10.0,1.26153e-07,1.38168e-07,1.8966e-05,0.236913,0.124065,1.90958,0
4,11,1,10.0,8.56981e-08,5.47776e-08,2.0159e-05,0.236822,0.123777,1.91329,0
5,11,1,10.0,4.61908e-08,-5.80198e-09,2.14398e-05,0.236778,0.12364,1.91506,0
6,11,1,10.0,-1.09096e-08,2.38655e-08,2.27211e-05,0.236757,0.123575,1.91589,0
7,11,1,10.0,-4.87103e-08,-9.09892e-09,2.39663e-05,0.236747,0.123544,1.91629,0
8,11,1,10.0,-9.15714e-08,2.14185e-08,2.51486e-05,0.236732,0.123509,1.91672,0
9,11,1,10.0,-1.10217e-07,8.52777e-09,2.63047e-05,0.238306,0.128702,1.85161,0
10,11,1,10.0,-1.19863e-07,-8.62059e-08,2.74495e-05,0.237491,0.125944,1.88569,0
11,11,1,10.0,-1.59672e-07,-6.16268e-08,2.83944e-05,0.237099,0.124664,1.90191,0
12,11,1,10.0,-2.15118e-07,-5.15494e-08,2.91779e-05,0.236911,0.124061,1.90963,0
13,11,1,10.0,-2.81258e-07,-2.08032e-08,2.97925e-05,0.236821,0.123775,1.91332,0
14,11,1,10.0,-3.61728e-07,-1.4972e-07,3.05225e-05,0.237491,0.125944,1.88569,0
15,11,1,10.0,-3.59195e-07,-1.22524e-07,3.04854e-05,0.237099,0.124664,1.90191,0
16,11,1,10.0,-3.83378e-07,-1.30391e-07,3.01371e-05,0.236911,0.12406,1.90964,0
17,11,1,10.0,-3.81811e-07,-1.57684e-07,2.94631e-05,0.236821,0.123775,1.91331,0
18,11,1,10.0,-3.77523e-07,-1.0043e-07,2.84376e-05,0.236777,0.12364,1.91506,0
19,11,1,10.0,-3.69718e-07,-1.60452e-07,2.70504e-05,0.236756,0.123575,1.91589,0
20,11,1,10.0,-3.79489e-07,-1.58413e-07,2.52548e-05,0.236746,0.123544,1.9163,0
21,11,1,10.0,-3.91125e-07,-2.24357e-07,2.29698e-05,0.236742,0.123529,1.91648,0
22,11,1,10.0,-4.19757e-07,-2.41599e-07,2.00934e-05,0.236739,0.123522,1.91657,0
23,11,1,10.0,-2.89483e-07,-2.66553e-07,1.64575e-05,0.236738,0.123519,1.91661,0
0,12,1,10.0,1.73745e-08,-8.95137e-08,1.7658e-05,0.238326,0.128747,1.85111,0
1,12,1,10.0,1.0335e-07,4.80894e-07,1.72992e-05,0.2375,0.125964,1.88546,0
2,12,1,10.0,1.2398e-07,2.61443e-07,1.78682e-05,0.237104,0.124673,1.9018,0
3,12,1,10.0,1.03338e-07,1.43679e-07,1.89206e-05,0.236913,0.124065,1.90958,0
4,12,1,10.0,7.10593e-08,5.94864e-08,2.02119e-05,0.236822,0.123777,1.91329,0
5,12,1,10.0,4.48088e-09,1.59508e-08,2.15863e-05,0.236778,0.12364,1.91506,0
6,12,1,10.0,-4.54959e-08,-8.37783e-09,2.2961e-05,0.236757,0.123575,1.91589,0
7,12,1,10.0,-6.73175e-08,-1.80113e-08,2.43024e-05,0.236747,0.123544,1.91629,0
8,12,1,10.0,-4.9874e-08,6.62879e-09,2.55641e-05,0.236732,0.123509,1.91672,0
9,12,1,10.0,-1.37641e-07,5.11772e-08,2.67723e-05,0.238306,0.128702,1.85161,0
10,12,1,10.0,-1.00252e-07,-8.52636e-08,2.79579e-05,0.237491,0.125944,1.88569,0
11,12,1,10.0,-1.29699e-07,-4.56669e-08,2.89598e-05,0.237099,0.124664,1.90191,0
12,12,1,10.0,-2.03095e-07,-2.50565e-08,2.97997e-05,0.236911,0.124061,1.90963,0
13,12,1,10.0,-3.04988e-07,-1.06365e-08,3.04851e-05,0.236821,0.123775,1.91332,0
14,12,1,10.0,-2.6856e-07,-4.50876e-08,3.21459e-05,0.23751,0.125986,1.88521,0
15,12,1,10.0,-2.88202e-07,-6.10979e-08,3.23599e-05,0.237125,0.12472,1.90127,0
16,12,1,10.0,-2.41848e-07,-9.03085e-08,3.22503e-05,0.236941,0.124125,1.90889,0
17,12,1,10.0,-2.81748e-07,-1.03961e-07,3.06147e-05,0.236807,0.123745,1.91367,0
18,12,1,10.0,-2.86239e-07,-1.16371e-07,2.96598e-05,0.236771,0.123625,1.91523,0
19,12,1,10.0,-3.04783e-07,-1.34823e-07,2.83292e-05,0.236753,0.123568,1.91597,0
20,12,1,10.0,-3.36651e-07,-1.64727e-07,2.65738e-05,0.236745,0.12354,1.91634,0
21,12,1,10.0,-3.85433e-07,-1.83065e-07,2.43225e-05,0.236741,0.123528,1.9165,0
22,12,1,10.0,-4.1215e-07,-1.5566e-07,2.1524e-05,0.236739,0.123522,1.91658,0
23,12,1,10.0,-2.79178e-07,-2.07885e-07,1.76887e-05,0.236738,0.123519,1.91662,0
0,13,1,10.0,4.54279e-08,-1.67256e-07,1.73727e-05,0.238326,0.128747,1.85111,0
1,13,1,10.0,1.95654e-07,5.81234e-07,1.69572e-05,0.2375,0.125964,1.88546,0
2,13,1,10.0,1.98801e-07,2.91706e-07,1.76213e-05,0.237104,0.124673,1.9018,0
3,13,1,10.0,1.67579e-07,1.77722e-07,1.88157e-05,0.236913,0.124065,1.90958,0
4,13,1,10.0,1.13427e-07,8.76991e-08,2.02883e-05,0.236822,0.123777,1.91329,0
5,13,1,10.0,6.1485e-08,5.93741e-08,2.18564e-05,0.236778,0.12364,1.91506,0
6,13,1,10.0,1.29378e-08,-3.80239e-08,2.34324e-05,0.236757,0.123575,1.91589,0
7,13,1,10.0,-2.80032e-08,-2.19077e-08,2.49432e-05,0.236747,0.123544,1.91629,0
8,13,1,10.0,-3.53198e-09,7.9279e-11,2.63333e-05,0.236742,0.12353,1.91648,0
9,13,1,10.0,-4.76566e-08,4.64829e-08,2.75657e-05,0.236739,0.123522,1.91657,0
10,13,1,10.0,-1.07069e-07,4.39276e-08,2.87115e-05,0.236738,0.123519,1.91661,0
11,13,1,10.0,-1.44059e-07,7.83464e-08,2.97428e-05,0.236738,0.123518,1.91663,0
12,13,1,10.0,-1.93184e-07,9.38234e-08,3.0636e-05,0.236738,0.123517,1.91664,0
13,13,1,10.0,-2.83202e-07,1.08717e-07,3.14182e-05,0.236737,0.123516,1.91665,0
14,13,1,10.0,-3.99339e-07,-2.79352e-08,3.27862e-05,0.237491,0.125944,1.88568,0
15,13,1,10.0,-3.32263e-07,1.81596e-09,3.31218e-05,0.2371,0.124664,1.90191,0
16,13,1,10.0,-4.08786e-07,-4.78769e-08,3.31297e-05,0.236911,0.124061,1.90964,0
17,13,1,10.0,-3.19411e-07,-1.56106e-08,3.27782e-05,0.236821,0.123775,1.91331,0
18,13,1,10.0,-3.45804e-07,-9.17252e-08,3.20573e-05,0.236777,0.12364,1.91506,0
19,13,1,10.0,-3.82276e-07,-5.61359e-08,3.09559e-05,0.236757,0.123575,1.91589,0
20,13,1,10.0,-4.0142e-07,-1.06218e-07,2.94109e-05,0.236746,0.123544,1.9163,0
21,13,1,10.0,-4.7291e-07,-5.29293e-08,2.74061e-05,0.236742,0.123529,1.91648,0
22,13,1,10.0,-4.02021e-07,-6.32566e-08,2.4495e-05,0.236739,0.123522,1.91657,0
23,13,1,10.0,-2.46665e-07,-2.78251e-07,2.00798e-05,0.236738,0.123519,1.91661,0
0,14,1,10.0,2.75217e-08,-1.92854e-07,1.73851e-05,0.238326,0.128747,1.85111,0
1,14,1,10.0,2.32394e-07,5.56922e-07,1.68207e-05,0.2375,0.125964,1.88546,0
2,14,1,10.0,2.33659e-07,3.67816e-07,1.75087e-05,0.237104,0.124673,1.9018,0
3,14,1,10.0,1.96281e-07,1.75474e-07,1.87891e-05,0.236913,0.124065,1.90958,0
4,14,1,10.0,1.19149e-07,4.23046e-08,2.03678e-05,0.236822,0.123777,1.91329,0
5,14,1,10.0,6.36631e-08,-2.31475e-08,2.20484e-05,0.236778,0.12364,1.91506,0
6,14,1,10.0,1.42524e-08,3.59981e-08,2.37137e-05,0.236757,0.123575,1.91589,0
7,14,1,10.0,7.47529e-09,-3.21044e-08,2.53108e-05,0.236747,0.123544,1.91629,0
8,14,1,10.0,-2.64057e-08,-4.11549e-08,2.67603e-05,0.236742,0.12353,1.91648,0
9,14,1,10.0,-7.23125e-08,-1.88317e-08,2.8013e-05,0.236739,0.123522,1.91658,0
10,14,1,10.0,-1.29016e-07,6.77432e-08,2.91371e-05,0.236738,0.123519,1.91661,0
11,14,1,10.0,-1.80067e-07,6.84787e-08,3.01421e-05,0.236738,0.123518,1.91663,0
12,14,1,10.0,-2.28191e-07,6.88048e-08,3.1026e-05,0.236738,0.123517,1.91664,0
13,14,1,10.0,-3.1293e-07,1.14934e-07,3.18065e-05,0.236737,0.123516,1.91665,0
14,14,1,10.0,-4.30526e-07,3.59356e-08,3.32254e-05,0.237491,0.125944,1.88569,0
15,14,1,10.0,-4.49714e-07,2.22535e-09,3.36454e-05,0.237099,0.124664,1.90191,0
16,14,1,10.0,-3.96034e-07,-6.53322e-09,3.37654e-05,0.236911,0.12406,1.90964,0
17,14,1,10.0,-3.57103e-07,-3.33211e-08,3.3576e-05,0.236821,0.123775,1.91331,0
18,14,1,10.0,-3.37863e-07,-2.3587e-08,3.30177e-05,0.236777,0.12364,1.91506,0
19,14,1,10.0,-3.87002e-07,-1.01588e-07,3.20734e-05,0.236756,0.123575,1.91589,0
20,14,1,10.0,-4.83438e-07,-5.91163e-08,3.07059e-05,0.236746,0.123544,1.9163,0
21,14,1,10.0,-4.21691e-07,-3.1225e-08,2.88126e-05,0.236742,0.123529,1.91648,0
22,14,1,10.0,-3.17428e-07,-1.10646e-07,2.58556e-05,0.236739,0.123522,1.91657,0
23,14,1,10.0,-2.20898e-07,-3.71559e-07,2.12273e-05,0.236738,0.123519,1.91661,0
0,15,1,10.0,1.64435e-08,-7.20217e-08,1.72451e-05,0.238326,0.128747,1.85111,0
1,15,1,10.0,3.11874e-07,5.95704e-07,1.65421e-05,0.2375,0.125964,1.88546,0
2,15,1,10.0,3.12988e-07,3.56251e-07,1.72578e-05,0.237104,0.124673,1.9018,0
3,15,1,10.0,1.86081e-07,1.59157e-07,1.86002e-05,0.236913,0.124065,1.90958,0
4,15,1,10.0,1.0399e-07,1.16e-07,2.02639e-05,0.236822,0.123777,1.91329,0
5,15,1,10.0,1.64624e-08,2.03801e-08,2.20446e-05,0.236778,0.12364,1.91506,0
6,15,1,10.0,1.18174e-08,-3.0875e-08,2.38058e-05,0.236757,0.123575,1.91589,0
7,15,1,10.0,-6.32894e-08,-5.36981e-08,2.54527e-05,0.236747,0.123544,1.91629,0
8,15,1,10.0,-1.54378e-07,5.01496e-08,2.69114e-05,0.236742,0.12353,1.91648,0
9,15,1,10.0,-1.6363e-07,2.36623e-08,2.81879e-05,0.236739,0.123522,1.91658,0
10,15,1,10.0,-1.82398e-07,2.45153e-08,2.92965e-05,0.236738,0.123519,1.91661,0
11,15,1,10.0,-2.6324e-07,8.52538e-08,3.02626e-05,0.236738,0.123518,1.91663,0
12,15,1,10.0,-2.97543e-07,9.3611e-08,3.11064e-05,0.236738,0.123517,1.91664,0
13,15,1,10.0,-3.37146e-07,1.38855e-07,3.18672e-05,0.236737,0.123516,1.91665,0
14,15,1,10.0,-4.88103e-07,1.7598e-08,3.32961e-05,0.237491,0.125944,1.88569,0
15,15,1,10.0,-5.17259e-07,6.98061e-08,3.37728e-05,0.237099,0.124664,1.90191,0
16,15,1,10.0,-4.50468e-07,3.1696e-08,3.40348e-05,0.236911,0.12406,1.90964,0
17,15,1,10.0,-4.64344e-07,-4.43991e-08,3.39755e-05,0.236821,0.123775,1.91331,0
18,15,1,10.0,-4.23791e-07,-3.75001e-08,3.35961e-05,0.236777,0.12364,1.91506,0
19,15,1,10.0,-4.26441e-07,-3.14272e-08,3.28486e-05,0.236756,0.123575,1.91589,0
20,15,1,10.0,-4.65503e-07,1.61106e-08,3.17683e-05,0.236746,0.123544,1.9163,0
21,15,1,10.0,-4.34015e-07,2.2734e-08,2.99492e-05,0.236742,0.123529,1.91648,0
22,15,1,10.0,-3.43418e-07,-1.31396e-07,2.68205e-05,0.236739,0.123522,1.91657,0
23,15,1,10.0,-2.74937e-07,-3.95093e-07,2.2058e-05,0.236738,0.123519,1.91661,0
0,16,1,10.0,-5.7374e-08,-2.69636e-07,1.68362e-05,0.238326,0.128747,1.85111,0
1,16,1,10.0,4.6397e-07,6.52035e-07,1.59584e-05,0.2375,0.125964,1.88546,0
2,16,1,10.0,3.23582e-07,3.25795e-07,1.66885e-05,0.237104,0.124673,1.9018,0
3,16,1,10.0,2.32587e-07,2.10328e-07,1.80674e-05,0.236913,0.124065,1.90958,0
4,16,1,10.0,1.33086e-07,8.39795e-08,1.97867e-05,0.236822,0.123777,1.91329,0
5,16,1,10.0,4.25104e-08,5.59331e-08,2.16289e-05,0.236778,0.12364,1.91506,0
6,16,1,10.0,-3.83065e-08,-6.14924e-08,2.34311e-05,0.236757,0.123575,1.91589,0
7,16,1,10.0,-8.72024e-08,3.02999e-08,2.5089e-05,0.236747,0.123544,1.91629,0
8,16,1,10.0,-1.13504e-07,-3.28472e-08,2.65517e-05,0.236742,0.12353,1.91648,0
9,16,1,10.0,-1.73082e-07,3.9739e-08,2.78338e-05,0.236739,0.123522,1.91658,0
10,16,1,10.0,-2.11671e-07,1.50998e-08,2.89178e-05,0.236738,0.123519,1.91661,0
11,16,1,10.0,-2.35759e-07,5.10757e-08,2.98526e-05,0.236738,0.123517,1.91663,0
12,16,1,10.0,-2.30926e-07,7.77675e-08,3.0666e-05,0.236738,0.123517,1.91664,0
13,16,1,10.0,-2.93116e-07,8.35625e-08,3.13912e-05,0.236737,0.123516,1.91665,0
14,16,1,10.0,-4.76184e-07,6.19747e-08,3.27905e-05,0.237491,0.125944,1.88569,0
15,16,1,10.0,-4.37088e-07,3.21219e-08,3.3314e-05,0.237099,0.124664,1.90191,0
16,16,1,10.0,-5.33062e-07,1.12881e-08,3.36662e-05,0.236911,0.12406,1.90964,0
17,16,1,10.0,-3.62506e-07,2.14864e-08,3.37346e-05,0.236821,0.123775,1.91331,0
18,16,1,10.0,-3.87987e-07,-2.59453e-08,3.35122e-05,0.236777,0.123639,1.91506,0
19,16,1,10.0,-3.39469e-07,-4.04962e-08,3.2944e-05,0.236756,0.123575,1.91589,0
20,16,1,10.0,-3.07656e-07,8.42746e-09,3.2034e-05,0.236746,0.123544,1.9163,0
21,16,1,10.0,-2.90539e-07,7.61177e-08,3.03099e-05,0.236742,0.123529,1.91648,0
22,16,1,10.0,-2.8237e-07,-1.34406e-07,2.72131e-05,0.236739,0.123522,1.91657,0
23,16,1,10.0,-3.01756e-07,-4.32942e-07,2.24737e-05,0.236738,0.123519,1.91661,0
0,17,1,10.0,-1.67771e-07,-2.01454e-07,1.57648e-05,0.238335,0.128769,1.85087,0
1,17,1,10.0,5.05713e-07,5.87812e-07,1.48177e-05,0.237519,0.126006,1.88498,0
2,17,1,10.0,2.73743e-07,3.22468e-07,1.55436e-05,0.237129,0.124729,1.90116,0
3,17,1,10.0,1.62308e-07,1.18588e-07,1.69427e-05,0.236943,0.12413,1.90883,0
4,17,1,10.0,1.77463e-09,2.05893e-08,1.86658e-05,0.236854,0.123847,1.91247,0
5,17,1,10.0,-1.3912e-07,-1.27958e-07,2.04839e-05,0.236811,0.123713,1.91421,0
6,17,1,10.0,-1.8712e-07,-5.59373e-08,2.22555e-05,0.236791,0.123649,1.91502,0
7,17,1,10.0,-2.80169e-07,-1.52816e-07,2.38871e-05,0.236782,0.123619,1.91541,0
8,17,1,10.0,-3.12417e-07,-9.38187e-08,2.5334e-05,0.236777,0.123605,1.91559,0
9,17,1,10.0,-3.9652e-07,-1.48809e-07,2.65726e-05,0.236775,0.123598,1.91569,0
10,17,1,10.0,-3.57061e-07,-3.29447e-08,2.76401e-05,0.236774,0.123595,1.91572,0
11,17,1,10.0,-3.84823e-07,-4.22763e-08,2.85519e-05,0.236773,0.123593,1.91574,0
12,17,1,10.0,-3.84015e-07,-5.48476e-08,2.93527e-05,0.236773,0.123593,1.91575,0
13,17,1,10.0,-4.00282e-07,3.65713e-08,3.004e-05,0.236773,0.123592,1.91576,0
14,17,1,10.0,-5.88787e-07,-6.98417e-08,3.13898e-05,0.23751,0.125986,1.88521,0
15,17,1,10.0,-5.78956e-07,-5.48856e-08,3.19157e-05,0.237125,0.12472,1.90127,0
16,17,1,10.0,-7.13057e-07,-3.89953e-08,3.22535e-05,0.236931,0.124104,1.90914,0
17,17,1,10.0,-5.89099e-07,-1.36728e-07,3.24307e-05,0.238316,0.128725,1.85136,0
18,17,1,10.0,-5.49921e-07,-2.01535e-07,3.23592e-05,0.23751,0.125986,1.88521,0
19,17,1,10.0,-5.27389e-07,-1.95392e-07,3.18963e-05,0.237125,0.12472,1.90127,0
20,17,1,10.0,-3.68707e-07,-1.08475e-07,3.10909e-05,0.236941,0.124125,1.90889,0
21,17,1,10.0,-3.36096e-07,-1.05621e-07,2.95083e-05,0.236853,0.123845,1.9125,0
22,17,1,10.0,-3.96876e-07,-2.16896e-07,2.6611e-05,0.236811,0.123712,1.91421,0
23,17,1,10.0,-5.05966e-07,-4.93922e-07,2.20858e-05,0.236791,0.123649,1.91503,0
0,18,1,10.0,-2.98439e-07,-2.18576e-07,1.38715e-05,0.238326,0.128747,1.85111,0
1,18,1,10.0,6.44121e-07,6.09329e-07,1.30287e-05,0.2375,0.125964,1.88546,0
2,18,1,10.0,3.11233e-07,2.77689e-07,1.37151e-05,0.237104,0.124673,1.9018,0
3,18,1,10.0,6.66304e-08,1.05524e-07,1.50444e-05,0.236913,0.124066,1.90958,0
4,18,1,10.0,-1.1921e-07,1.76085e-08,1.66518e-05,0.236822,0.123778,1.91328,0
5,18,1,10.0,-2.76931e-07,-4.19164e-08,1.83344e-05,0.236778,0.123641,1.91505,0
6,18,1,10.0,-3.96908e-07,-1.15366e-07,1.9985e-05,0.236757,0.123576,1.91589,0
7,18,1,10.0,-4.60268e-07,-1.21724e-07,2.15258e-05,0.236747,0.123545,1.91628,0
8,18,1,10.0,-5.12386e-07,-6.31912e-08,2.28963e-05,0.236742,0.12353,1.91647,0
9,18,1,10.0,-5.51047e-07,-4.32965e-08,2.40792e-05,0.23674,0.123523,1.91657,0
10,18,1,10.0,-5.61081e-07,-6.08319e-08,2.51293e-05,0.236739,0.12352,1.91661,0
11,18,1,10.0,-5.02498e-07,7.40252e-09,2.60449e-05,0.236738,0.123518,1.91663,0
12,18,1,10.0,-5.12377e-07,2.89117e-08,2.68422e-05,0.236738,0.123517,1.91664,0
13,18,1,10.0,-4.68704e-07,5.47192e-08,2.7528e-05,0.236738,0.123517,1.91665,0
14,18,1,10.0,-6.62091e-07,-8.55409e-09,2.8803e-05,0.237491,0.125944,1.88568,0
15,18,1,10.0,-7.07836e-07,-2.94265e-08,2.92818e-05,0.2371,0.124664,1.90191,0
16,18,1,10.0,-7.24251e-07,-2.66045e-09,2.95638e-05,0.236901,0.12404,1.90988,0
17,18,1,10.0,-7.75201e-07,-4.64285e-08,2.9727e-05,0.238306,0.128703,1.8516,0
18,18,1,10.0,-8.4013e-07,-2.13441e-07,2.96963e-05,0.237491,0.125944,1.88568,0
19,18,1,10.0,-7.04194e-07,-2.00548e-07,2.92813e-05,0.2371,0.124664,1.90191,0
20,18,1,10.0,-5.70152e-07,-2.11023e-07,2.84424e-05,0.236911,0.124061,1.90964,0
21,18,1,10.0,-4.75027e-07,-1.6706e-07,2.70283e-05,0.236821,0.123776,1.91331,0
22,18,1,10.0,-5.68466e-07,-1.9452e-07,2.45506e-05,0.236778,0.12364,1.91506,0
23,18,1,10.0,-7.52825e-07,-4.11695e-07,2.04688e-05,0.236757,0.123575,1.91589,0
0,19,1,10.0,-3.46186e-07,-1.86177e-07,1.15408e-05,0.238326,0.128747,1.85111,0
1,19,1,10.0,7.41937e-07,5.46248e-07,1.08823e-05,0.2375,0.125964,1.88546,0
2,19,1,10.0,3.50309e-07,3.16301e-07,1.14891e-05,0.237104,0.124673,1.9018,0
3,19,1,10.0,6.98195e-08,1.48871e-07,1.2652e-05,0.236913,0.124065,1.90958,0
4,19,1,10.0,-9.41854e-08,3.17427e-08,1.40793e-05,0.236822,0.123777,1.91329,0
5,19,1,10.0,-2.56509e-07,-4.01936e-08,1.55582e-05,0.236778,0.12364,1.91506,0
6,19,1,10.0,-3.70657e-07,-3.46312e-08,1.70194e-05,0.236757,0.123575,1.91589,0
7,19,1,10.0,-4.80807e-07,-4.20073e-08,1.8416e-05,0.236747,0.123544,1.91629,0
8,19,1,10.0,-5.04892e-07,-5.031e-08,1.96948e-05,0.236742,0.12353,1.91648,0
9,19,1,10.0,-5.2964e-07,-3.89131e-08,2.0815e-05,0.236739,0.123522,1.91658,0
10,19,1,10.0,-5.41783e-07,7.7343e-09,2.18271e-05,0.236738,0.123519,1.91661,0
11,19,1,10.0,-4.88037e-07,3.1049e-08,2.27632e-05,0.236738,0.123518,1.91663,0
12,19,1,10.0,-4.72255e-07,2.44606e-08,2.35879e-05,0.236738,0.123517,1.91664,0
13,19,1,10.0,-4.35138e-07,5.55569e-08,2.42899e-05,0.236737,0.123516,1.91665,0
14,19,1,10.0,-6.11228e-07,8.5522e-09,2.54931e-05,0.237491,0.125944,1.88569,0
15,19,1,10.0,-6.48582e-07,1.85674e-08,2.58951e-05,0.237099,0.124664,1.90191,0
16,19,1,10.0,-6.32776e-07,4.40269e-08,2.61301e-05,0.236901,0.124039,1.90989,0
17,19,1,10.0,-6.1298e-07,-3.74734e-08,2.62224e-05,0.238306,0.128703,1.8516,0
18,19,1,10.0,-7.32686e-07,-1.33108e-07,2.61349e-05,0.237491,0.125944,1.88569,0
19,19,1,10.0,-6.74908e-07,-1.89878e-07,2.57471e-05,0.237099,0.124664,1.90191,0
20,19,1,10.0,-5.98228e-07,-2.32398e-07,2.49314e-05,0.236911,0.12406,1.90964,0
21,19,1,10.0,-4.99146e-07,-2.59427e-07,2.35375e-05,0.236821,0.123775,1.91331,0
22,19,1,10.0,-4.87963e-07,-2.63752e-07,2.13784e-05,0.236777,0.12364,1.91506,0
23,19,1,10.0,-7.08758e-07,-3.43139e-07,1.79287e-05,0.236756,0.123575,1.91589,0
0,20,1,10.0,-3.55801e-07,-1.73336e-07,9.15112e-06,0.238326,0.128747,1.85111,0
1,20,1,10.0,7.07643e-07,5.4788e-07,8.66088e-06,0.2375,0.125964,1.88546,0
2,20,1,10.0,3.31261e-07,3.38331e-07,9.17389e-06,0.237104,0.124673,1.9018,0
3,20,1,10.0,5.99073e-08,1.74698e-07,1.01607e-05,0.236913,0.124065,1.90958,0
4,20,1,10.0,-1.94627e-07,7.99268e-08,1.13749e-05,0.236822,0.123777,1.91329,0
5,20,1,10.0,-3.1335e-07,3.92689e-08,1.26485e-05,0.236778,0.12364,1.91506,0
6,20,1,10.0,-3.58486e-07,4.28225e-08,1.3932e-05,0.236757,0.123575,1.91589,0
7,20,1,10.0,-4.27684e-07,-1.55463e-09,1.51727e-05,0.236747,0.123544,1.91629,0
8,20,1,10.0,-5.47447e-07,-8.9719e-10,1.63276e-05,0.236742,0.12353,1.91648,0
9,20,1,10.0,-5.57209e-07,1.97584e-08,1.73751e-05,0.236739,0.123522,1.91658,0
10,20,1,10.0,-4.7155e-07,5.25476e-08,1.83681e-05,0.236738,0.123519,1.91661,0
11,20,1,10.0,-4.91737e-07,2.74806e-08,1.93025e-05,0.236738,0.123517,1.91663,0
12,20,1,10.0,-5.06086e-07,4.25859e-08,2.01448e-05,0.236738,0.123517,1.91664,0
13,20,1,10.0,-4.75931e-07,5.35541e-08,2.08565e-05,0.236737,0.123516,1.91665,0
14,20,1,10.0,-6.15774e-07,2.60049e-08,2.20138e-05,0.237491,0.125944,1.88569,0
15,20,1,10.0,-6.22388e-07,4.28003e-08,2.23639e-05,0.237099,0.124664,1.90191,0
16,20,1,10.0,-5.84291e-07,5.61113e-08,2.25662e-05,0.236901,0.124039,1.90989,0
17,20,1,10.0,-6.20191e-07,1.63283e-08,2.26216e-05,0.238306,0.128703,1.8516,0
18,20,1,10.0,-6.23519e-07,-9.16734e-08,2.24928e-05,0.237491,0.125944,1.88569,0
19,20,1,10.0,-6.50819e-07,-1.58449e-07,2.21014e-05,0.237099,0.124664,1.90191,0
20,20,1,10.0,-6.29554e-07,-2.13536e-07,2.13274e-05,0.236911,0.12406,1.90964,0
21,20,1,10.0,-6.10789e-07,-2.81018e-07,2.00124e-05,0.236821,0.123775,1.91331,0
22,20,1,10.0,-5.72918e-07,-3.39056e-07,1.79852e-05,0.236777,0.123639,1.91506,0
23,20,1,10.0,-6.66211e-07,-4.00106e-07,1.50292e-05,0.236756,0.123575,1.91589,0
0,21,1,10.0,-3.30451e-07,-1.4792e-07,6.92332e-06,0.238326,0.128747,1.85111,0
1,21,1,10.0,6.38944e-07,5.33243e-07,6.55998e-06,0.2375,0.125964,1.88546,0
2,21,1,10.0,2.65124e-07,3.10161e-07,6.98848e-06,0.237104,0.124673,1.9018,0
3,21,1,10.0,-2.31732e-08,1.9204e-07,7.8038e-06,0.236913,0.124065,1.90958,0
4,21,1,10.0,-1.90184e-07,1.32017e-07,8.82443e-06,0.236822,0.123777,1.91329,0
5,21,1,10.0,-2.68659e-07,9.43275e-08,9.93071e-06,0.236778,0.12364,1.91506,0
6,21,1,10.0,-3.73698e-07,3.57402e-08,1.10572e-05,0.236757,0.123575,1.91589,0
7,21,1,10.0,-4.64577e-07,3.4413e-08,1.21545e-05,0.236747,0.123544,1.91629,0
8,21,1,10.0,-4.82086e-07,5.89334e-08,1.31915e-05,0.236742,0.12353,1.91648,0
9,21,1,10.0,-4.38194e-07,6.80672e-08,1.41843e-05,0.236739,0.123522,1.91658,0
10,21,1,10.0,-4.70852e-07,4.20202e-08,1.51415e-05,0.236738,0.123519,1.91661,0
11,21,1,10.0,-4.79522e-07,5.52812e-08,1.60411e-05,0.236738,0.123518,1.91663,0
12,21,1,10.0,-5.1428e-07,6.87012e-08,1.68702e-05,0.236738,0.123517,1.91664,0
13,21,1,10.0,-4.29234e-07,8.28422e-08,1.75997e-05,0.236737,0.123516,1.91665,0
14,21,1,10.0,-5.60017e-07,2.776e-08,1.87452e-05,0.237491,0.125944,1.88569,0
15,21,1,10.0,-5.49622e-07,3.86345e-08,1.90723e-05,0.237099,0.124664,1.90191,0
16,21,1,10.0,-5.11925e-07,5.4085e-08,1.92695e-05,0.236901,0.124039,1.90989,0
17,21,1,10.0,-5.26587e-07,2.00352e-08,1.93152e-05,0.238306,0.128703,1.8516,0
18,21,1,10.0,-5.13574e-07,-8.60689e-08,1.92033e-05,0.237491,0.125944,1.88569,0
19,21,1,10.0,-5.5237e-07,-1.22168e-07,1.88246e-05,0.237099,0.124664,1.90191,0
20,21,1,10.0,-5.78544e-07,-1.87264e-07,1.80951e-05,0.236911,0.12406,1.90964,0
21,21,1,10.0,-5.98801e-07,-2.62922e-07,1.68829e-05,0.236821,0.123775,1.91331,0
22,21,1,10.0,-6.27342e-07,-3.52928e-07,1.50291e-05,0.236777,0.12364,1.91506,0
23,21,1,10.0,-6.74012e-07,-4.70846e-07,1.23383e-05,0.236756,0.123575,1.91589,0
0,22,1,10.0,-2.77966e-07,-1.12398e-07,4.98508e-06,0.238326,0.128747,1.85111,0
1,22,1,10.0,5.01965e-07,4.61608e-07,4.73928e-06,0.2375,0.125964,1.88546,0
2,22,1,10.0,1.70996e-07,3.21346e-07,5.09485e-06,0.237104,0.124673,1.9018,0
3,22,1,10.0,-3.44125e-08,2.07365e-07,5.77993e-06,0.236913,0.124065,1.90958,0
4,22,1,10.0,-2.08191e-07,1.19255e-07,6.65905e-06,0.236822,0.123777,1.91329,0
5,22,1,10.0,-2.93622e-07,7.08798e-08,7.62583e-06,0.236778,0.12364,1.91506,0
6,22,1,10.0,-3.77089e-07,7.00863e-08,8.61068e-06,0.236757,0.123575,1.91589,0
7,22,1,10.0,-4.05712e-07,6.64048e-08,9.59849e-06,0.236747,0.123544,1.91629,0
8,22,1,10.0,-4.37191e-07,4.78256e-08,1.05647e-05,0.236742,0.12353,1.91648,0
9,22,1,10.0,-4.25821e-07,4.54213e-08,1.15058e-05,0.236739,0.123522,1.91658,0
10,22,1,10.0,-4.39407e-07,6.77499e-08,1.24002e-05,0.236738,0.123519,1.91661,0
11,22,1,10.0,-4.34851e-07,7.17577e-08,1.32594e-05,0.236738,0.123518,1.91663,0
12,22,1,10.0,-4.76534e-07,6.70944e-08,1.40554e-05,0.236738,0.123517,1.91664,0
13,22,1,10.0,-4.3997e-07,5.28571e-08,1.48037e-05,0.238316,0.128724,1.85136,0
14,22,1,10.0,-5.56706e-07,1.99274e-08,1.59327e-05,0.237106,0.124678,1.90175,0
15,22,1,10.0,-4.92428e-07,5.21642e-08,1.62721e-05,0.236915,0.12407,1.90953,0
16,22,1,10.0,-4.76659e-07,3.6737e-08,1.64903e-05,0.236813,0.123759,1.9135,0
17,22,1,10.0,-4.63828e-07,-1.09053e-08,1.65687e-05,0.238306,0.128703,1.8516,0
18,22,1,10.0,-4.68255e-07,-6.76748e-08,1.64923e-05,0.237491,0.125944,1.88569,0
19,22,1,10.0,-5.11323e-07,-1.21525e-07,1.6141e-05,0.237099,0.124664,1.90191,0
20,22,1,10.0,-5.51647e-07,-1.7754e-07,1.54635e-05,0.236911,0.12406,1.90964,0
21,22,1,10.0,-5.92911e-07,-2.51246e-07,1.43532e-05,0.236821,0.123775,1.91331,0
22,22,1,10.0,-6.40497e-07,-3.51199e-07,1.26898e-05,0.236777,0.12364,1.91506,0
23,22,1,10.0,-7.33288e-07,-4.75598e-07,1.032e-05,0.236756,0.123575,1.91589,0
0,23,1,10.0,-2.10361e-07,-9.03454e-08,3.48864e-06,0.238326,0.128747,1.85111,0
1,23,1,10.0,3.13343e-07,4.46238e-07,3.31839e-06,0.2375,0.125964,1.88546,0
2,23,1,10.0,8.38965e-08,2.94458e-07,3.62458e-06,0.237104,0.124673,1.9018,0
3,23,1,10.0,-1.21819e-07,1.99841e-07,4.21686e-06,0.236913,0.124065,1.90958,0
4,23,1,10.0,-2.51561e-07,1.36625e-07,4.97914e-06,0.236822,0.123777,1.91329,0
5,23,1,10.0,-3.35283e-07,9.91545e-08,5.8333e-06,0.236778,0.12364,1.91506,0
6,23,1,10.0,-3.46477e-07,7.91726e-08,6.73691e-06,0.236757,0.123575,1.91589,0
7,23,1,10.0,-4.07906e-07,5.95576e-08,7.65619e-06,0.236747,0.123544,1.91629,0
8,23,1,10.0,-4.14571e-07,6.0922e-08,8.5646e-06,0.236742,0.12353,1.91648,0
9,23,1,10.0,-4.30737e-07,6.25946e-08,9.44864e-06,0.236739,0.123522,1.91658,0
10,23,1,10.0,-4.13072e-07,6.87914e-08,1.0305e-05,0.236738,0.123519,1.91661,0
11,23,1,10.0,-4.41714e-07,6.73483e-08,1.11243e-05,0.236738,0.123518,1.91663,0
12,23,1,10.0,-4.26414e-07,7.8566e-08,1.18873e-05,0.236738,0.123517,1.91664,0
13,23,1,10.0,-4.54817e-07,5.61122e-08,1.26017e-05,0.238306,0.128702,1.85161,0
14,23,1,10.0,-4.81352e-07,4.79466e-08,1.37325e-05,0.237099,0.124664,1.90191,0
15,23,1,10.0,-4.68736e-07,2.19793e-08,1.41109e-05,0.236911,0.124061,1.90963,0
16,23,1,10.0,-4.29635e-07,3.10944e-08,1.43719e-05,0.236811,0.123754,1.91356,0
17,23,1,10.0,-4.34504e-07,2.76991e-09,1.44857e-05,0.238306,0.128703,1.8516,0
18,23,1,10.0,-4.07425e-07,-9.39882e-08,1.44384e-05,0.237491,0.125944,1.88569,0
19,23,1,10.0,-4.50097e-07,-1.23404e-07,1.41106e-05,0.237099,0.124664,1.90191,0
20,23,1,10.0,-4.98177e-07,-1.67882e-07,1.34694e-05,0.236911,0.12406,1.90964,0
21,23,1,10.0,-5.37471e-07,-2.33026e-07,1.2442e-05,0.236821,0.123775,1.91331,0
22,23,1,10.0,-5.85047e-07,-3.24412e-07,1.09373e-05,0.236777,0.12364,1.91506,0
23,23,1,10.0,-6.66208e-07,-4.56339e-07,8.83666e-06,0.236756,0.123575,1.91589,0
0,0,2,10.0,1.90077e-10,-1.89908e-07,1.52698e-05,0.238368,0.134681,1.76987,0
1,0,2,10.0,3.51902e-08,1.11301e-07,1.51135e-05,0.237583,0.134603,1.76507,0
2,0,2,10.0,3.21668e-08,-8.38416e-08,1.52986e-05,0.237214,0.134564,1.76283,0
3,0,2,10.0,3.62343e-08,-1.96197e-07,1.56464e-05,0.237041,0.134546,1.76179,0
4,0,2,10.0,4.12093e-08,-2.58388e-07,1.61017e-05,0.236959,0.134536,1.7613,0
5,0,2,10.0,4.52004e-08,-3.1431e-07,1.66228e-05,0.236921,0.134532,1.76107,0
6,0,2,10.0,4.74241e-08,-3.49167e-07,1.71867e-05,0.236903,0.13453,1.76097,0
7,0,2,10.0,4.69496e-08,-3.90556e-07,1.77709e-05,0.236894,0.134529,1.76092,0
8,0,2,10.0,4.51702e-08,-4.2707e-07,1.83497e-05,0.23689,0.134528,1.7609,0
9,0,2,10.0,4.59037e-08,-4.56521e-07,1.8899e-05,0.236888,0.134528,1.76089,0
10,0,2,10.0,4.81206e-08,-4.8073e-07,1.94046e-05,0.236887,0.134528,1.76088,0
11,0,2,10.0,5.75903e-08,-5.2155e-07,1.98533e-05,0.236887,0.134528,1.76088,0
12,0,2,10.0,5.19949e-08,-5.75065e-07,2.02279e-05,0.236887,0.134528,1.76088,0
13,0,2,10.0,6.32852e-08,-5.99282e-07,2.05006e-05,0.236887,0.134528,1.76088,0
14,0,2,10.0,4.49281e-08,-7.59276e-07,2.0683e-05,0.237574,0.1346,1.76504,0
15,0,2,10.0,6.76358e-08,-7.64472e-07,2.04883e-05,0.23721,0.134563,1.76282,0
16,0,2,10.0,6.78153e-08,-8.02848e-07,2.00791e-05,0.237038,0.134545,1.76178,0
17,0,2,10.0,5.38773e-08,-8.30174e-07,1.94307e-05,0.236958,0.134536,1.7613,0
18,0,2,10.0,6.00457e-08,-8.35608e-07,1.85268e-05,0.23692,0.134532,1.76107,0
19,0,2,10.0,6.5308e-08,-8.39438e-07,1.73669e-05,0.236903,0.13453,1.76097,0
20,0,2,10.0,5.96742e-08,-8.76508e-07,1.59204e-05,0.236894,0.134529,1.76092,0
21,0,2,10.0,4.66301e-08,-9.25258e-07,1.4148e-05,0.23689,0.134528,1.7609,0
22,0,2,10.0,3.83617e-08,-1.00792e-06,1.19938e-05,0.236888,0.134528,1.76089,0
23,0,2,10.0,2.78321e-08,-1.09997e-06,9.37857e-06,0.236888,0.134528,1.76088,0
0,1,2,10.0,3.48432e-10,-1.37538e-07,1.50357e-05,0.238377,0.134684,1.7699,0
1,1,2,10.0,1.02055e-07,3.85907e-07,1.49331e-05,0.237601,0.134608,1.76513,0
2,1,2,10.0,9.52633e-08,2.24603e-07,1.51089e-05,0.237238,0.134571,1.76292,0
3,1,2,10.0,1.02877e-07,1.35285e-07,1.54436e-05,0.237069,0.134554,1.76189,0
4,1,2,10.0,1.11969e-07,8.5216e-08,1.58852e-05,0.236989,0.134545,1.76141,0
5,1,2,10.0,1.19783e-07,4.73044e-08,1.63947e-05,0.236952,0.134541,1.76119,0
6,1,2,10.0,1.22005e-07,2.6449e-08,1.69464e-05,0.236935,0.134539,1.76109,0
7,1,2,10.0,1.18188e-07,4.51089e-09,1.75158e-05,0.236927,0.134538,1.76104,0
8,1,2,10.0,1.12939e-07,-1.47585e-08,1.80786e-05,0.236923,0.134538,1.76102,0
9,1,2,10.0,1.11229e-07,-2.44904e-08,1.86149e-05,0.236921,0.134538,1.761,0
10,1,2,10.0,1.18177e-07,-3.03871e-08,1.91098e-05,0.236921,0.134537,1.761,0
11,1,2,10.0,1.13919e-07,-5.74551e-08,1.95523e-05,0.23692,0.134537,1.761,0
12,1,2,10.0,1.21651e-07,-7.35606e-08,1.99189e-05,0.23692,0.134537,1.761,0
13,1,2,10.0,1.2466e-07,-1.065e-07,2.01917e-05,0.23692,0.134537,1.761,0
14,1,2,10.0,1.24754e-07,-2.49015e-07,2.03648e-05,0.237592,0.134605,1.7651,0
15,1,2,10.0,1.26908e-07,-2.63021e-07,2.01736e-05,0.237234,0.13457,1.7629,0
16,1,2,10.0,1.21016e-07,-2.94346e-07,1.9762e-05,0.237067,0.134553,1.76188,0
17,1,2,10.0,1.12361e-07,-3.32511e-07,1.91146e-05,0.236989,0.134545,1.76141,0
18,1,2,10.0,1.24177e-07,-3.37982e-07,1.82215e-05,0.236952,0.134541,1.76119,0
19,1,2,10.0,1.1346e-07,-3.90923e-07,1.70666e-05,0.236935,0.134539,1.76108,0
20,1,2,10.0,1.11017e-07,-4.58548e-07,1.56211e-05,0.236927,0.134538,1.76104,0
21,1,2,10.0,1.10454e-07,-5.47177e-07,1.38463e-05,0.236923,0.134538,1.76102,0
22,1,2,10.0,8.60428e-08,-6.72649e-07,1.16964e-05,0.236921,0.134538,1.76101,0
23,1,2,10.0,5.48238e-08,-8.38704e-07,9.09977e-06,0.236921,0.134537,1.761,0
0,2,2,10.0,-3.48448e-11,-1.35146e-07,1.48406e-05,0.238377,0.134684,1.7699,0
1,2,2,10.0,8.56644e-08,3.76353e-07,1.47641e-05,0.237601,0.134608,1.76513,0
2,2,2,10.0,8.05571e-08,2.18735e-07,1.49387e-05,0.237238,0.134571,1.76292,0
3,2,2,10.0,8.22113e-08,1.24607e-07,1.52694e-05,0.237069,0.134554,1.76189,0
4,2,2,10.0,8.40456e-08,6.83021e-08,1.57078e-05,0.23699,0.134545,1.76141,0
5,2,2,10.0,8.67579e-08,2.69449e-08,1.62146e-05,0.236953,0.134541,1.76119,0
6,2,2,10.0,7.98301e-08,2.46521e-09,1.67622e-05,0.236935,0.134539,1.76109,0
7,2,2,10.0,6.54118e-08,-1.978e-08,1.73249e-05,0.236927,0.134538,1.76104,0
8,2,2,10.0,5.15569e-08,-3.82023e-08,1.78804e-05,0.236924,0.134538,1.76102,0
9,2,2,10.0,4.26193e-08,-4.86651e-08,1.84103e-05,0.236922,0.134538,1.76101,0
10,2,2,10.0,3.83317e-08,-5.85705e-08,1.89011e-05,0.236921,0.134538,1.761,0
11,2,2,10.0,2.62689e-08,-6.97851e-08,1.93361e-05,0.236921,0.134538,1.761,0
12,2,2,10.0,2.81537e-08,-1.14452e-07,1.97064e-05,0.23692,0.134538,1.761,0
13,2,2,10.0,1.82973e-08,-1.17963e-07,1.99767e-05,0.23692,0.134538,1.761,0
14,2,2,10.0,1.08614e-08,-2.8745e-07,2.01507e-05,0.237592,0.134605,1.7651,0
15,2,2,10.0,7.31025e-09,-2.89056e-07,1.99562e-05,0.237234,0.13457,1.7629,0
16,2,2,10.0,5.65369e-09,-3.33436e-07,1.95451e-05,0.237067,0.134553,1.76188,0
17,2,2,10.0,5.57744e-09,-3.69415e-07,1.89033e-05,0.236989,0.134545,1.76141,0
18,2,2,10.0,4.20352e-09,-3.93937e-07,1.80143e-05,0.236952,0.134541,1.76119,0
19,2,2,10.0,1.42636e-09,-4.12008e-07,1.6853e-05,0.236935,0.134539,1.76109,0
20,2,2,10.0,3.66167e-09,-4.90762e-07,1.54041e-05,0.236927,0.134538,1.76104,0
21,2,2,10.0,6.90266e-09,-5.88628e-07,1.36271e-05,0.236923,0.134538,1.76102,0
22,2,2,10.0,-4.77932e-09,-7.01117e-07,1.1473e-05,0.236922,0.134538,1.76101,0
23,2,2,10.0,-3.32192e-08,-8.47499e-07,8.88471e-06,0.236921,0.134538,1.761,0
0,3,2,10.0,1.13937e-08,-1.35828e-07,1.46954e-05,0.238377,0.134684,1.7699,0
1,3,2,10.0,6.75559e-08,3.81682e-07,1.46362e-05,0.237601,0.134608,1.76513,0
2,3,2,10.0,6.99537e-08,2.23255e-07,1.4815e-05,0.237238,0.134571,1.76292,0
3,3,2,10.0,7.5326e-08,1.2239e-07,1.51508e-05,0.237069,0.134554,1.76189,0
4,3,2,10.0,7.68416e-08,5.47962e-08,1.55962e-05,0.23699,0.134545,1.76141,0
5,3,2,10.0,7.31712e-08,1.22421e-08,1.61126e-05,0.236953,0.134541,1.76119,0
6,3,2,10.0,5.90251e-08,-1.66222e-08,1.66679e-05,0.236935,0.134539,1.76109,0
7,3,2,10.0,3.75956e-08,-3.99351e-08,1.72358e-05,0.236927,0.134538,1.76104,0
8,3,2,10.0,1.62748e-08,-5.79815e-08,1.77949e-05,0.236924,0.134538,1.76102,0
9,3,2,10.0,2.75052e-10,-6.93325e-08,1.83277e-05,0.236922,0.134538,1.76101,0
10,3,2,10.0,-1.53851e-08,-7.95087e-08,1.88186e-05,0.236921,0.134538,1.761,0
11,3,2,10.0,-2.0655e-08,-9.25987e-08,1.92536e-05,0.236921,0.134538,1.761,0
12,3,2,10.0,-4.89766e-08,-1.24345e-07,1.96178e-05,0.23692,0.134538,1.761,0
13,3,2,10.0,-5.70266e-08,-1.41991e-07,1.98854e-05,0.23692,0.134538,1.761,0
14,3,2,10.0,-7.28959e-08,-3.02586e-07,2.00507e-05,0.237592,0.134605,1.7651,0
15,3,2,10.0,-7.95799e-08,-3.18069e-07,1.98603e-05,0.237234,0.13457,1.7629,0
16,3,2,10.0,-7.9554e-08,-3.60885e-07,1.94561e-05,0.237067,0.134553,1.76188,0
17,3,2,10.0,-7.79424e-08,-3.9477e-07,1.88172e-05,0.236989,0.134545,1.76141,0
18,3,2,10.0,-8.86643e-08,-3.93996e-07,1.79186e-05,0.236952,0.134541,1.76119,0
19,3,2,10.0,-7.74928e-08,-4.44432e-07,1.67513e-05,0.236935,0.134539,1.76109,0
20,3,2,10.0,-7.12946e-08,-5.11425e-07,1.52915e-05,0.236927,0.134538,1.76104,0
21,3,2,10.0,-6.70919e-08,-6.11944e-07,1.35043e-05,0.236923,0.134538,1.76102,0
22,3,2,10.0,-6.17305e-08,-7.18139e-07,1.13425e-05,0.236922,0.134538,1.76101,0
23,3,2,10.0,-7.23789e-08,-8.55859e-07,8.748e-06,0.236921,0.134538,1.761,0
0,4,2,10.0,3.1785e-08,-1.436e-07,1.46483e-05,0.238377,0.134684,1.7699,0
1,4,2,10.0,4.23132e-08,4.02846e-07,1.45966e-05,0.237601,0.134608,1.76513,0
2,4,2,10.0,6.19917e-08,2.34087e-07,1.47849e-05,0.237238,0.134571,1.76292,0
3,4,2,10.0,7.31887e-08,1.21727e-07,1.51379e-05,0.237069,0.134554,1.76189,0
4,4,2,10.0,7.50402e-08,4.67999e-08,1.56062e-05,0.23699,0.134545,1.76141,0
5,4,2,10.0,6.5714e-08,-1.2073e-09,1.61475e-05,0.236953,0.134541,1.76119,0
6,4,2,10.0,4.52771e-08,-3.44511e-08,1.67265e-05,0.236935,0.134539,1.76109,0
7,4,2,10.0,1.7459e-08,-5.87312e-08,1.73158e-05,0.236927,0.134538,1.76104,0
8,4,2,10.0,-1.0975e-08,-7.66273e-08,1.7893e-05,0.236924,0.134538,1.76102,0
9,4,2,10.0,-3.47085e-08,-8.91692e-08,1.84397e-05,0.236922,0.134538,1.76101,0
10,4,2,10.0,-5.47988e-08,-9.9278e-08,1.89399e-05,0.236921,0.134538,1.761,0
11,4,2,10.0,-7.69259e-08,-1.14117e-07,1.93787e-05,0.236921,0.134538,1.761,0
12,4,2,10.0,-9.95621e-08,-1.33005e-07,1.97394e-05,0.23692,0.134538,1.761,0
13,4,2,10.0,-1.19605e-07,-1.51797e-07,2.00029e-05,0.23692,0.134538,1.761,0
14,4,2,10.0,-1.38009e-07,-3.15003e-07,2.01689e-05,0.237592,0.134605,1.7651,0
15,4,2,10.0,-1.37852e-07,-3.31204e-07,1.99854e-05,0.237234,0.13457,1.7629,0
16,4,2,10.0,-1.43736e-07,-3.76985e-07,1.95857e-05,0.237067,0.134553,1.76188,0
17,4,2,10.0,-1.60029e-07,-4.12071e-07,1.89423e-05,0.236989,0.134545,1.76141,0
18,4,2,10.0,-1.5079e-07,-4.17793e-07,1.80319e-05,0.236952,0.134541,1.76119,0
19,4,2,10.0,-1.42135e-07,-4.53533e-07,1.685e-05,0.236935,0.134539,1.76109,0
20,4,2,10.0,-1.2947e-07,-5.39269e-07,1.53761e-05,0.236927,0.134538,1.76104,0
21,4,2,10.0,-1.09279e-07,-6.37764e-07,1.3571e-05,0.236923,0.134538,1.76102,0
22,4,2,10.0,-1.00436e-07,-7.4602e-07,1.13823e-05,0.236922,0.134538,1.76101,0
23,4,2,10.0,-8.03897e-08,-8.52647e-07,8.75663e-06,0.236921,0.134538,1.761,0
0,5,2,10.0,5.68054e-08,-1.60105e-07,1.47443e-05,0.238377,0.134684,1.7699,0
1,5,2,10.0,1.19383e-08,4.40751e-07,1.46817e-05,0.237601,0.134608,1.76513,0
2,5,2,10.0,5.68227e-08,2.51349e-07,1.4886e-05,0.237238,0.134571,1.76292,0
3,5,2,10.0,7.61114e-08,1.2285e-07,1.52702e-05,0.237069,0.134554,1.76189,0
4,5,2,10.0,7.82663e-08,3.85255e-08,1.57785e-05,0.23699,0.134545,1.76141,0
5,5,2,10.0,6.40267e-08,-1.6066e-08,1.63627e-05,0.236953,0.134541,1.76119,0
6,5,2,10.0,3.8294e-08,-5.32414e-08,1.69836e-05,0.236935,0.134539,1.76109,0
7,5,2,10.0,1.53639e-09,-8.00964e-08,1.7611e-05,0.236927,0.134538,1.76104,0
8,5,2,10.0,-3.20334e-08,-9.68641e-08,1.82228e-05,0.236924,0.134538,1.76102,0
9,5,2,10.0,-6.42592e-08,-1.0869e-07,1.8797e-05,0.236922,0.134538,1.76101,0
10,5,2,10.0,-9.1966e-08,-1.18779e-07,1.93188e-05,0.236921,0.134538,1.761,0
11,5,2,10.0,-1.2053e-07,-1.28666e-07,1.97711e-05,0.236921,0.134538,1.761,0
12,5,2,10.0,-1.49148e-07,-1.50842e-07,2.01399e-05,0.23692,0.134538,1.761,0
13,5,2,10.0,-1.71184e-07,-1.62725e-07,2.04094e-05,0.23692,0.134538,1.761,0
14,5,2,10.0,-1.92989e-07,-3.27607e-07,2.05885e-05,0.237592,0.134605,1.7651,0
15,5,2,10.0,-1.92084e-07,-3.53793e-07,2.04146e-05,0.237234,0.13457,1.7629,0
16,5,2,10.0,-2.12922e-07,-3.94406e-07,2.00114e-05,0.237067,0.134553,1.76188,0
17,5,2,10.0,-2.31295e-07,-4.18458e-07,1.93542e-05,0.236989,0.134545,1.76141,0
18,5,2,10.0,-2.10038e-07,-4.29973e-07,1.84347e-05,0.236952,0.134541,1.76119,0
19,5,2,10.0,-1.88711e-07,-4.92773e-07,1.72402e-05,0.236935,0.134539,1.76109,0
20,5,2,10.0,-1.72963e-07,-5.67088e-07,1.57434e-05,0.236927,0.134538,1.76104,0
21,5,2,10.0,-1.55492e-07,-6.71386e-07,1.39019e-05,0.236923,0.134538,1.76102,0
22,5,2,10.0,-1.24519e-07,-7.52607e-07,1.16595e-05,0.236922,0.134538,1.76101,0
23,5,2,10.0,-6.76035e-08,-9.0242e-07,8.97054e-06,0.236921,0.134538,1.761,0
0,6,2,10.0,8.52985e-08,-1.89379e-07,1.50028e-05,0.238377,0.134684,1.7699,0
1,6,2,10.0,-4.56584e-09,4.92004e-07,1.49065e-05,0.237601,0.134608,1.76513,0
2,6,2,10.0,5.89826e-08,2.68402e-07,1.51348e-05,0.237238,0.134571,1.76292,0
3,6,2,10.0,8.59708e-08,1.21291e-07,1.5565e-05,0.237069,0.134554,1.76189,0
4,6,2,10.0,8.80952e-08,2.49525e-08,1.6131e-05,0.23699,0.134545,1.76141,0
5,6,2,10.0,6.73368e-08,-3.44495e-08,1.67761e-05,0.236953,0.134541,1.76119,0
6,6,2,10.0,3.39299e-08,-7.66794e-08,1.74562e-05,0.236935,0.134539,1.76109,0
7,6,2,10.0,-6.95133e-09,-1.04466e-07,1.81377e-05,0.236927,0.134538,1.76104,0
8,6,2,10.0,-5.54042e-08,-1.21588e-07,1.88001e-05,0.236924,0.134538,1.76102,0
9,6,2,10.0,-9.07319e-08,-1.30671e-07,1.94179e-05,0.236922,0.134538,1.76101,0
10,6,2,10.0,-1.28852e-07,-1.40664e-07,1.99758e-05,0.236921,0.134538,1.761,0
11,6,2,10.0,-1.61831e-07,-1.48777e-07,2.04572e-05,0.236921,0.134538,1.761,0
12,6,2,10.0,-1.94781e-07,-1.73551e-07,2.08505e-05,0.23692,0.134538,1.761,0
13,6,2,10.0,-2.18441e-07,-1.80138e-07,2.11418e-05,0.23692,0.134538,1.761,0
14,6,2,10.0,-2.27472e-07,-3.54816e-07,2.13581e-05,0.237592,0.134605,1.7651,0
15,6,2,10.0,-2.5336e-07,-3.78125e-07,2.11884e-05,0.237234,0.13457,1.7629,0
16,6,2,10.0,-2.80757e-07,-4.13126e-07,2.0777e-05,0.237067,0.134553,1.76188,0
17,6,2,10.0,-2.75549e-07,-4.30373e-07,2.01103e-05,0.236989,0.134545,1.76141,0
18,6,2,10.0,-2.54983e-07,-4.7774e-07,1.91823e-05,0.236952,0.134541,1.76119,0
19,6,2,10.0,-2.36377e-07,-5.2319e-07,1.79686e-05,0.236935,0.134539,1.76109,0
20,6,2,10.0,-2.19144e-07,-6.12566e-07,1.64357e-05,0.236927,0.134538,1.76104,0
21,6,2,10.0,-1.94143e-07,-6.96171e-07,1.45378e-05,0.236923,0.134538,1.76102,0
22,6,2,10.0,-1.38257e-07,-8.20792e-07,1.22211e-05,0.236922,0.134538,1.76101,0
23,6,2,10.0,-5.83224e-08,-9.48151e-07,9.42895e-06,0.236921,0.134538,1.761,0
0,7,2,10.0,1.0174e-07,-2.27092e-07,1.53964e-05,0.238377,0.134684,1.7699,0
1,7,2,10.0,-1.49743e-08,5.5112e-07,1.52433e-05,0.237601,0.134608,1.76513,0
2,7,2,10.0,6.01989e-08,2.85286e-07,1.55005e-05,0.237238,0.134571,1.76292,0
3,7,2,10.0,9.29065e-08,1.13988e-07,1.59928e-05,0.237069,0.134554,1.76189,0
4,7,2,10.0,8.91942e-08,9.86238e-09,1.66329e-05,0.23699,0.134545,1.76141,0
5,7,2,10.0,6.12863e-08,-5.91278e-08,1.73555e-05,0.236953,0.134541,1.76119,0
6,7,2,10.0,1.93109e-08,-1.04011e-07,1.81078e-05,0.236935,0.134539,1.76109,0
7,7,2,10.0,-2.41062e-08,-1.34355e-07,1.88601e-05,0.236927,0.134538,1.76104,0
8,7,2,10.0,-8.17639e-08,-1.48273e-07,1.95878e-05,0.236924,0.134538,1.76102,0
9,7,2,10.0,-1.35069e-07,-1.58537e-07,2.02641e-05,0.236922,0.134538,1.76101,0
10,7,2,10.0,-1.81221e-07,-1.6167e-07,2.08739e-05,0.236921,0.134538,1.761,0
11,7,2,10.0,-2.18002e-07,-1.77414e-07,2.1406e-05,0.236921,0.134538,1.761,0
12,7,2,10.0,-2.50073e-07,-1.87477e-07,2.18419e-05,0.23692,0.134538,1.761,0
13,7,2,10.0,-2.831e-07,-2.08186e-07,2.21725e-05,0.23692,0.134538,1.761,0
14,7,2,10.0,-2.85001e-07,-3.85798e-07,2.24566e-05,0.237592,0.134605,1.7651,0
15,7,2,10.0,-3.32441e-07,-4.11749e-07,2.22915e-05,0.237234,0.13457,1.7629,0
16,7,2,10.0,-3.39832e-07,-4.24629e-07,2.18775e-05,0.237067,0.134553,1.76188,0
17,7,2,10.0,-3.1692e-07,-4.69188e-07,2.1207e-05,0.236989,0.134545,1.76141,0
18,7,2,10.0,-3.09796e-07,-5.13204e-07,2.02633e-05,0.236952,0.134541,1.76119,0
19,7,2,10.0,-2.91697e-07,-5.77759e-07,1.90208e-05,0.236935,0.134539,1.76109,0
20,7,2,10.0,-2.72102e-07,-6.46219e-07,1.74401e-05,0.236927,0.134538,1.76104,0
21,7,2,10.0,-2.36615e-07,-7.51085e-07,1.54761e-05,0.236924,0.134538,1.76102,0
22,7,2,10.0,-1.71282e-07,-8.68793e-07,1.30692e-05,0.236922,0.134538,1.76101,0
23,7,2,10.0,-6.62119e-08,-1.03592e-06,1.01389e-05,0.236921,0.134538,1.761,0
0,8,2,10.0,1.05919e-07,-2.65589e-07,1.58324e-05,0.238377,0.134684,1.7699,0
1,8,2,10.0,5.41833e-09,6.22111e-07,1.56051e-05,0.237601,0.134608,1.76513,0
2,8,2,10.0,9.37084e-08,3.14498e-07,1.59047e-05,0.237238,0.134571,1.76292,0
3,8,2,10.0,1.19139e-07,1.23832e-07,1.64736e-05,0.237069,0.134554,1.76189,0
4,8,2,10.0,1.08014e-07,-2.57498e-09,1.72039e-05,0.23699,0.134545,1.76141,0
5,8,2,10.0,7.25223e-08,-6.69983e-08,1.80181e-05,0.236953,0.134541,1.76119,0
6,8,2,10.0,4.44933e-08,-1.2597e-07,1.88616e-05,0.236935,0.134539,1.76109,0
7,8,2,10.0,-1.42579e-08,-1.51699e-07,1.9695e-05,0.236927,0.134538,1.76104,0
8,8,2,10.0,-9.01205e-08,-1.72611e-07,2.05023e-05,0.236924,0.134538,1.76102,0
9,8,2,10.0,-1.43817e-07,-1.74918e-07,2.1257e-05,0.236922,0.134538,1.76101,0
10,8,2,10.0,-1.99232e-07,-1.77984e-07,2.19442e-05,0.236921,0.134538,1.761,0
11,8,2,10.0,-2.5256e-07,-1.95532e-07,2.25467e-05,0.236921,0.134538,1.761,0
12,8,2,10.0,-2.91438e-07,-2.20235e-07,2.30426e-05,0.23692,0.134538,1.761,0
13,8,2,10.0,-3.14443e-07,-2.24274e-07,2.34277e-05,0.23692,0.134538,1.761,0
14,8,2,10.0,-3.59186e-07,-4.195e-07,2.3795e-05,0.237592,0.134605,1.7651,0
15,8,2,10.0,-3.71634e-07,-4.16709e-07,2.36431e-05,0.237234,0.13457,1.7629,0
16,8,2,10.0,-3.71848e-07,-4.56176e-07,2.32338e-05,0.237067,0.134553,1.76188,0
17,8,2,10.0,-3.72145e-07,-5.01022e-07,2.25573e-05,0.236989,0.134545,1.76141,0
18,8,2,10.0,-3.43765e-07,-5.53575e-07,2.15948e-05,0.236952,0.134541,1.76119,0
19,8,2,10.0,-3.29483e-07,-6.07041e-07,2.03175e-05,0.236935,0.134539,1.76109,0
20,8,2,10.0,-3.02225e-07,-6.85886e-07,1.86912e-05,0.236927,0.134538,1.76104,0
21,8,2,10.0,-2.6292e-07,-7.85354e-07,1.66634e-05,0.236923,0.134538,1.76102,0
22,8,2,10.0,-2.00548e-07,-9.24572e-07,1.41602e-05,0.236922,0.134538,1.76101,0
23,8,2,10.0,-8.09177e-08,-1.10675e-06,1.10783e-05,0.236921,0.134538,1.761,0
0,9,2,10.0,8.11064e-08,-3.00255e-07,1.61744e-05,0.238386,0.134687,1.76993,0
1,9,2,10.0,5.14475e-08,6.96388e-07,1.58752e-05,0.237619,0.134613,1.7652,0
2,9,2,10.0,8.16369e-08,3.30407e-07,1.62178e-05,0.237262,0.134578,1.76301,0
3,9,2,10.0,1.09157e-07,1.03205e-07,1.68724e-05,0.237097,0.134562,1.76199,0
4,9,2,10.0,1.12005e-07,-2.1294e-08,1.77071e-05,0.23702,0.134554,1.76152,0
5,9,2,10.0,8.20294e-08,-1.20061e-07,1.86272e-05,0.236984,0.13455,1.7613,0
6,9,2,10.0,1.03346e-08,-1.77713e-07,1.95695e-05,0.236967,0.134549,1.7612,0
7,9,2,10.0,-2.59007e-08,-2.16151e-07,2.04949e-05,0.23696,0.134548,1.76116,0
8,9,2,10.0,-9.70474e-08,-2.16635e-07,2.13941e-05,0.236947,0.134545,1.7611,0
9,9,2,10.0,-1.44581e-07,-2.25817e-07,2.22515e-05,0.238368,0.134681,1.76987,0
10,9,2,10.0,-1.74761e-07,-5.16707e-07,2.30757e-05,0.23761,0.134611,1.76517,0
11,9,2,10.0,-2.25267e-07,-4.77613e-07,2.37648e-05,0.237258,0.134577,1.76299,0
12,9,2,10.0,-2.59935e-07,-4.65971e-07,2.4326e-05,0.237095,0.134561,1.76198,0
13,9,2,10.0,-3.10425e-07,-4.61058e-07,2.47655e-05,0.237019,0.134554,1.76152,0
14,9,2,10.0,-3.88213e-07,-6.61336e-07,2.52072e-05,0.23761,0.134611,1.76517,0
15,9,2,10.0,-4.08699e-07,-6.61963e-07,2.50705e-05,0.237258,0.134577,1.76299,0
16,9,2,10.0,-4.13793e-07,-6.60789e-07,2.46602e-05,0.237095,0.134561,1.76198,0
17,9,2,10.0,-4.06993e-07,-6.8804e-07,2.39682e-05,0.237019,0.134554,1.76152,0
18,9,2,10.0,-4.05054e-07,-7.25635e-07,2.29892e-05,0.236984,0.13455,1.7613,0
19,9,2,10.0,-3.73044e-07,-7.62487e-07,2.16911e-05,0.236967,0.134549,1.7612,0
20,9,2,10.0,-3.46559e-07,-8.20898e-07,2.00325e-05,0.23696,0.134548,1.76115,0
21,9,2,10.0,-3.14357e-07,-9.15152e-07,1.79561e-05,0.236956,0.134547,1.76113,0
22,9,2,10.0,-2.61813e-07,-1.0383e-06,1.53692e-05,0.236954,0.134547,1.76112,0
23,9,2,10.0,-1.66164e-07,-1.22288e-06,1.21431e-05,0.236954,0.134547,1.76112,0
0,10,2,10.0,3.93262e-08,-3.14503e-07,1.62621e-05,0.238377,0.134684,1.7699,0
1,10,2,10.0,6.52347e-08,7.69537e-07,1.5935e-05,0.237601,0.134608,1.76513,0
2,10,2,10.0,1.11662e-07,4.19672e-07,1.63201e-05,0.237238,0.134571,1.76292,0
3,10,2,10.0,1.01993e-07,1.4045e-07,1.70644e-05,0.237069,0.134554,1.76189,0
4,10,2,10.0,7.67839e-08,-2.79469e-08,1.80003e-05,0.23699,0.134546,1.76141,0
5,10,2,10.0,1.95988e-08,-1.321e-07,1.90177e-05,0.236953,0.134541,1.76119,0
6,10,2,10.0,-2.48045e-08,-1.55212e-07,2.00544e-05,0.236936,0.13454,1.76109,0
7,10,2,10.0,-5.84379e-08,-2.2132e-07,2.10793e-05,0.236928,0.134539,1.76104,0
8,10,2,10.0,-1.26277e-07,-2.09739e-07,2.20658e-05,0.236915,0.134535,1.76098,0
9,10,2,10.0,-1.96295e-07,-2.32793e-07,2.30182e-05,0.238359,0.134679,1.76983,0
10,10,2,10.0,-1.97587e-07,-4.79132e-07,2.39549e-05,0.237592,0.134605,1.7651,0
11,10,2,10.0,-2.43492e-07,-4.60348e-07,2.47331e-05,0.237234,0.13457,1.7629,0
12,10,2,10.0,-2.84152e-07,-4.58917e-07,2.53692e-05,0.237067,0.134553,1.76188,0
13,10,2,10.0,-3.63545e-07,-4.45986e-07,2.58543e-05,0.236989,0.134545,1.76141,0
14,10,2,10.0,-4.0353e-07,-7.02434e-07,2.63725e-05,0.237592,0.134605,1.7651,0
15,10,2,10.0,-4.52034e-07,-6.82682e-07,2.62512e-05,0.237234,0.13457,1.7629,0
16,10,2,10.0,-4.41721e-07,-7.08501e-07,2.58497e-05,0.237067,0.134553,1.76188,0
17,10,2,10.0,-4.36287e-07,-7.49324e-07,2.51681e-05,0.236989,0.134545,1.76141,0
18,10,2,10.0,-4.28782e-07,-7.39699e-07,2.41901e-05,0.236953,0.134541,1.76119,0
19,10,2,10.0,-4.14724e-07,-7.96174e-07,2.29003e-05,0.236936,0.134539,1.76109,0
20,10,2,10.0,-3.97643e-07,-8.61371e-07,2.12384e-05,0.236927,0.134539,1.76104,0
21,10,2,10.0,-3.79015e-07,-9.53465e-07,1.9139e-05,0.236924,0.134538,1.76102,0
22,10,2,10.0,-3.42906e-07,-1.07078e-06,1.6497e-05,0.236922,0.134538,1.76101,0
23,10,2,10.0,-2.48371e-07,-1.19675e-06,1.31647e-05,0.236921,0.134538,1.761,0
0,11,2,10.0,2.62384e-08,-2.81875e-07,1.61359e-05,0.238377,0.134684,1.7699,0
1,11,2,10.0,1.48258e-07,8.7027e-07,1.58052e-05,0.237601,0.134608,1.76513,0
2,11,2,10.0,1.55692e-07,4.42325e-07,1.62363e-05,0.237238,0.134571,1.76292,0
3,11,2,10.0,1.20025e-07,1.63452e-07,1.70471e-05,0.237069,0.134554,1.76189,0
4,11,2,10.0,6.533e-08,-3.2692e-08,1.80593e-05,0.23699,0.134545,1.76141,0
5,11,2,10.0,1.09972e-08,-1.30885e-07,1.91597e-05,0.236953,0.134541,1.76119,0
6,11,2,10.0,-3.09542e-08,-2.13107e-07,2.02888e-05,0.236935,0.134539,1.76109,0
7,11,2,10.0,-7.27309e-08,-2.66616e-07,2.13973e-05,0.236927,0.134538,1.76104,0
8,11,2,10.0,-1.37312e-07,-2.68752e-07,2.2459e-05,0.236914,0.134535,1.76098,0
9,11,2,10.0,-1.58542e-07,-2.20011e-07,2.34982e-05,0.238358,0.134679,1.76983,0
10,11,2,10.0,-1.58872e-07,-5.04748e-07,2.45281e-05,0.237592,0.134605,1.7651,0
11,11,2,10.0,-2.2303e-07,-4.95603e-07,2.53808e-05,0.237234,0.13457,1.7629,0
12,11,2,10.0,-2.78943e-07,-4.84209e-07,2.60746e-05,0.237067,0.134553,1.76188,0
13,11,2,10.0,-3.35707e-07,-4.59645e-07,2.66159e-05,0.236989,0.134545,1.76141,0
14,11,2,10.0,-3.99525e-07,-7.26379e-07,2.72322e-05,0.237592,0.134605,1.7651,0
15,11,2,10.0,-4.16876e-07,-7.27394e-07,2.71493e-05,0.237234,0.13457,1.7629,0
16,11,2,10.0,-4.37568e-07,-7.76384e-07,2.67829e-05,0.237067,0.134553,1.76188,0
17,11,2,10.0,-4.35948e-07,-7.75727e-07,2.61397e-05,0.236989,0.134545,1.76141,0
18,11,2,10.0,-3.98216e-07,-7.97991e-07,2.52072e-05,0.236952,0.134541,1.76119,0
19,11,2,10.0,-4.03451e-07,-8.20546e-07,2.3942e-05,0.236935,0.134539,1.76109,0
20,11,2,10.0,-4.06156e-07,-8.98407e-07,2.23005e-05,0.236927,0.134538,1.76104,0
21,11,2,10.0,-4.04842e-07,-9.85973e-07,2.01938e-05,0.236924,0.134538,1.76102,0
22,11,2,10.0,-3.80921e-07,-1.0844e-06,1.75098e-05,0.236922,0.134538,1.76101,0
23,11,2,10.0,-2.78994e-07,-1.23229e-06,1.40577e-05,0.236921,0.134538,1.761,0
0,12,2,10.0,2.01929e-08,-2.73092e-07,1.58972e-05,0.238377,0.134684,1.7699,0
1,12,2,10.0,2.17507e-07,9.39754e-07,1.55735e-05,0.237601,0.134608,1.76513,0
2,12,2,10.0,1.67436e-07,5.09461e-07,1.60292e-05,0.237238,0.134571,1.76292,0
3,12,2,10.0,1.09484e-07,1.92973e-07,1.68813e-05,0.237069,0.134554,1.76189,0
4,12,2,10.0,5.20259e-08,-4.02752e-08,1.79533e-05,0.23699,0.134545,1.76141,0
5,12,2,10.0,2.35628e-09,-1.52451e-07,1.91268e-05,0.236953,0.134541,1.76119,0
6,12,2,10.0,-5.38714e-08,-2.24304e-07,2.0328e-05,0.236935,0.134539,1.76109,0
7,12,2,10.0,-1.19991e-07,-3.00815e-07,2.15089e-05,0.236927,0.134538,1.76104,0
8,12,2,10.0,-1.25749e-07,-2.75219e-07,2.26473e-05,0.236914,0.134535,1.76098,0
9,12,2,10.0,-1.35296e-07,-2.62504e-07,2.37618e-05,0.238358,0.134679,1.76983,0
10,12,2,10.0,-1.46474e-07,-5.40556e-07,2.48484e-05,0.237592,0.134605,1.7651,0
11,12,2,10.0,-1.99019e-07,-5.24979e-07,2.57486e-05,0.237234,0.13457,1.7629,0
12,12,2,10.0,-2.54347e-07,-5.00926e-07,2.64879e-05,0.237067,0.134553,1.76188,0
13,12,2,10.0,-3.45641e-07,-4.75826e-07,2.70849e-05,0.236989,0.134545,1.76141,0
14,12,2,10.0,-3.80115e-07,-5.91183e-07,2.82927e-05,0.23761,0.134611,1.76517,0
15,12,2,10.0,-3.34479e-07,-6.52126e-07,2.84485e-05,0.237258,0.134577,1.76299,0
16,12,2,10.0,-3.12915e-07,-7.29849e-07,2.83129e-05,0.237095,0.134561,1.76198,0
17,12,2,10.0,-3.2527e-07,-7.99713e-07,2.703e-05,0.236976,0.134541,1.76136,0
18,12,2,10.0,-3.40427e-07,-7.99481e-07,2.61643e-05,0.236946,0.134539,1.76117,0
19,12,2,10.0,-3.51733e-07,-8.51988e-07,2.49535e-05,0.236932,0.134539,1.76108,0
20,12,2,10.0,-3.78959e-07,-9.19978e-07,2.33412e-05,0.236926,0.134538,1.76103,0
21,12,2,10.0,-4.00306e-07,-9.92507e-07,2.12449e-05,0.236923,0.134538,1.76101,0
22,12,2,10.0,-3.85284e-07,-1.04525e-06,1.85403e-05,0.236922,0.134538,1.76101,0
23,12,2,10.0,-3.00615e-07,-1.222e-06,1.49508e-05,0.236921,0.134538,1.761,0
0,13,2,10.0,-5.67813e-10,-2.609e-07,1.52629e-05,0.238377,0.134684,1.7699,0
1,13,2,10.0,1.9912e-07,1.10905e-06,1.49244e-05,0.237601,0.134608,1.76513,0
2,13,2,10.0,2.04375e-07,5.77968e-07,1.54293e-05,0.237238,0.134571,1.76292,0
3,13,2,10.0,1.56316e-07,2.05286e-07,1.63902e-05,0.237069,0.134554,1.76189,0
4,13,2,10.0,6.41492e-08,-6.9072e-08,1.75985e-05,0.23699,0.134545,1.76141,0
5,13,2,10.0,-1.41815e-08,-2.19162e-07,1.89163e-05,0.236953,0.134541,1.76119,0
6,13,2,10.0,-3.31814e-08,-2.90786e-07,2.02581e-05,0.236935,0.134539,1.76109,0
7,13,2,10.0,-3.85343e-08,-3.76402e-07,2.15822e-05,0.236927,0.134538,1.76104,0
8,13,2,10.0,-7.5116e-08,-4.08348e-07,2.28442e-05,0.236924,0.134538,1.76102,0
9,13,2,10.0,-1.6617e-07,-2.91818e-07,2.4001e-05,0.236922,0.134538,1.76101,0
10,13,2,10.0,-1.63296e-07,-2.67025e-07,2.50566e-05,0.236921,0.134538,1.761,0
11,13,2,10.0,-2.05082e-07,-3.24875e-07,2.59857e-05,0.236921,0.134538,1.761,0
12,13,2,10.0,-2.6498e-07,-3.18265e-07,2.67853e-05,0.23692,0.134538,1.761,0
13,13,2,10.0,-3.17939e-07,-2.68404e-07,2.7466e-05,0.23692,0.134538,1.761,0
14,13,2,10.0,-3.20959e-07,-5.7613e-07,2.85975e-05,0.237592,0.134605,1.7651,0
15,13,2,10.0,-4.0483e-07,-6.19029e-07,2.88724e-05,0.237234,0.13457,1.7629,0
16,13,2,10.0,-4.03951e-07,-6.68699e-07,2.88683e-05,0.237067,0.134553,1.76188,0
17,13,2,10.0,-3.99116e-07,-7.32446e-07,2.8556e-05,0.236989,0.134545,1.76141,0
18,13,2,10.0,-3.86703e-07,-7.39407e-07,2.79126e-05,0.236952,0.134541,1.76119,0
19,13,2,10.0,-4.06134e-07,-8.4065e-07,2.69004e-05,0.236935,0.134539,1.76109,0
20,13,2,10.0,-4.32775e-07,-8.65522e-07,2.54507e-05,0.236927,0.134538,1.76104,0
21,13,2,10.0,-4.41987e-07,-8.91869e-07,2.34807e-05,0.236924,0.134538,1.76102,0
22,13,2,10.0,-4.73646e-07,-9.87075e-07,2.07698e-05,0.236922,0.134538,1.76101,0
23,13,2,10.0,-4.40809e-07,-1.30886e-06,1.70085e-05,0.236921,0.134538,1.761,0
0,14,2,10.0,1.21814e-08,-3.50702e-07,1.4995e-05,0.238377,0.134684,1.7699,0
1,14,2,10.0,2.96455e-07,1.19439e-06,1.45332e-05,0.237601,0.134608,1.76513,0
2,14,2,10.0,2.61084e-07,5.61325e-07,1.50797e-05,0.237238,0.134571,1.76292,0
3,14,2,10.0,1.61314e-07,1.91077e-07,1.61025e-05,0.237069,0.134554,1.76189,0
4,14,2,10.0,8.03887e-08,-7.3139e-08,1.73952e-05,0.23699,0.134545,1.76141,0
5,14,2,10.0,1.40954e-08,-2.22159e-07,1.88011e-05,0.236953,0.134541,1.76119,0
6,14,2,10.0,-5.20931e-09,-3.52137e-07,2.0247e-05,0.236935,0.134539,1.76109,0
7,14,2,10.0,-4.10197e-08,-4.36497e-07,2.16339e-05,0.236927,0.134538,1.76104,0
8,14,2,10.0,-9.94825e-08,-4.47723e-07,2.29125e-05,0.236924,0.134538,1.76102,0
9,14,2,10.0,-1.83417e-07,-3.28325e-07,2.40653e-05,0.236922,0.134538,1.76101,0
10,14,2,10.0,-1.85404e-07,-3.68655e-07,2.51117e-05,0.236921,0.134538,1.761,0
11,14,2,10.0,-2.37246e-07,-3.43805e-07,2.60286e-05,0.236921,0.134538,1.761,0
12,14,2,10.0,-2.91661e-07,-3.46265e-07,2.68207e-05,0.23692,0.134538,1.761,0
13,14,2,10.0,-3.32041e-07,-3.09344e-07,2.75277e-05,0.23692,0.134538,1.761,0
14,14,2,10.0,-3.97459e-07,-6.01362e-07,2.87714e-05,0.237592,0.134605,1.7651,0
15,14,2,10.0,-4.22779e-07,-6.08647e-07,2.91184e-05,0.237234,0.13457,1.7629,0
16,14,2,10.0,-4.24827e-07,-6.80938e-07,2.92305e-05,0.237067,0.134553,1.76188,0
17,14,2,10.0,-4.22956e-07,-7.30208e-07,2.90517e-05,0.236989,0.134545,1.76141,0
18,14,2,10.0,-4.01776e-07,-8.06139e-07,2.85548e-05,0.236952,0.134541,1.76119,0
19,14,2,10.0,-4.02668e-07,-8.34327e-07,2.76812e-05,0.236935,0.134539,1.76109,0
20,14,2,10.0,-4.24293e-07,-8.89282e-07,2.6373e-05,0.236927,0.134538,1.76104,0
21,14,2,10.0,-4.41363e-07,-8.97299e-07,2.45152e-05,0.236924,0.134538,1.76102,0
22,14,2,10.0,-4.52669e-07,-1.02293e-06,2.19022e-05,0.236922,0.134538,1.76101,0
23,14,2,10.0,-3.76383e-07,-1.39063e-06,1.80203e-05,0.236921,0.134538,1.761,0
0,15,2,10.0,-4.4269e-08,-5.15952e-07,1.46221e-05,0.238377,0.134684,1.7699,0
1,15,2,10.0,3.52787e-07,1.21901e-06,1.40334e-05,0.237601,0.134608,1.76513,0
2,15,2,10.0,2.16141e-07,6.11476e-07,1.46003e-05,0.237238,0.134571,1.76292,0
3,15,2,10.0,1.82439e-07,2.2123e-07,1.56946e-05,0.237069,0.134554,1.76189,0
4,15,2,10.0,8.04247e-08,-1.09598e-07,1.70697e-05,0.23699,0.134545,1.76141,0
5,15,2,10.0,1.64918e-08,-2.75503e-07,1.85627e-05,0.236953,0.134541,1.76119,0
6,15,2,10.0,-8.19625e-08,-3.9787e-07,2.00601e-05,0.236935,0.134539,1.76109,0
7,15,2,10.0,-1.17965e-07,-4.82583e-07,2.14914e-05,0.236927,0.134538,1.76104,0
8,15,2,10.0,-1.32129e-07,-4.9586e-07,2.27935e-05,0.236924,0.134538,1.76102,0
9,15,2,10.0,-1.96508e-07,-4.38716e-07,2.39409e-05,0.236922,0.134538,1.76101,0
10,15,2,10.0,-2.61409e-07,-3.9831e-07,2.49582e-05,0.236921,0.134538,1.761,0
11,15,2,10.0,-2.94994e-07,-4.08602e-07,2.58557e-05,0.236921,0.134538,1.761,0
12,15,2,10.0,-2.98454e-07,-3.7899e-07,2.66391e-05,0.23692,0.134538,1.761,0
13,15,2,10.0,-3.78717e-07,-3.46651e-07,2.73432e-05,0.23692,0.134538,1.761,0
14,15,2,10.0,-4.87882e-07,-5.59344e-07,2.86549e-05,0.237592,0.134605,1.7651,0
15,15,2,10.0,-4.02011e-07,-6.27382e-07,2.90838e-05,0.237234,0.13457,1.7629,0
16,15,2,10.0,-5.05641e-07,-6.79259e-07,2.93068e-05,0.237067,0.134553,1.76188,0
17,15,2,10.0,-4.26267e-07,-7.27927e-07,2.92539e-05,0.236989,0.134545,1.76141,0
18,15,2,10.0,-4.42431e-07,-8.19039e-07,2.88903e-05,0.236952,0.134541,1.76119,0
19,15,2,10.0,-4.39453e-07,-8.70289e-07,2.81729e-05,0.236935,0.134539,1.76109,0
20,15,2,10.0,-4.43868e-07,-8.50187e-07,2.7025e-05,0.236927,0.134538,1.76104,0
21,15,2,10.0,-4.32317e-07,-8.72608e-07,2.52548e-05,0.236923,0.134538,1.76102,0
22,15,2,10.0,-3.99589e-07,-1.08287e-06,2.26498e-05,0.236922,0.134538,1.76101,0
23,15,2,10.0,-3.73763e-07,-1.48299e-06,1.86971e-05,0.236921,0.134538,1.761,0
0,16,2,10.0,-5.91219e-08,-4.70526e-07,1.38351e-05,0.238377,0.134684,1.7699,0
1,16,2,10.0,4.1537e-07,1.2369e-06,1.32622e-05,0.237601,0.134608,1.76513,0
2,16,2,10.0,3.52689e-07,6.20866e-07,1.38646e-05,0.237238,0.134571,1.76292,0
3,16,2,10.0,2.12974e-07,1.75183e-07,1.5016e-05,0.237069,0.134554,1.76189,0
4,16,2,10.0,9.46527e-08,-7.27805e-08,1.64442e-05,0.23699,0.134545,1.76141,0
5,16,2,10.0,-7.09599e-09,-3.09668e-07,1.79803e-05,0.236953,0.134541,1.76119,0
6,16,2,10.0,-4.0045e-08,-3.92492e-07,1.95066e-05,0.236935,0.134539,1.76109,0
7,16,2,10.0,-8.60429e-08,-5.10504e-07,2.0954e-05,0.236927,0.134538,1.76104,0
8,16,2,10.0,-1.588e-07,-4.82461e-07,2.22483e-05,0.236924,0.134538,1.76102,0
9,16,2,10.0,-2.16319e-07,-5.08376e-07,2.33838e-05,0.236922,0.134538,1.76101,0
10,16,2,10.0,-2.1965e-07,-4.3071e-07,2.43891e-05,0.236921,0.134538,1.761,0
11,16,2,10.0,-2.39014e-07,-4.50034e-07,2.52638e-05,0.236921,0.134538,1.761,0
12,16,2,10.0,-2.85036e-07,-4.24783e-07,2.60325e-05,0.23692,0.134538,1.761,0
13,16,2,10.0,-2.92632e-07,-3.53517e-07,2.67231e-05,0.23692,0.134538,1.761,0
14,16,2,10.0,-4.26789e-07,-5.60216e-07,2.80658e-05,0.237592,0.134605,1.7651,0
15,16,2,10.0,-4.18078e-07,-5.71854e-07,2.85603e-05,0.237234,0.13457,1.7629,0
16,16,2,10.0,-4.97735e-07,-6.52157e-07,2.88531e-05,0.237067,0.134553,1.76188,0
17,16,2,10.0,-4.97481e-07,-7.66385e-07,2.89178e-05,0.236989,0.134545,1.76141,0
18,16,2,10.0,-3.77385e-07,-8.15858e-07,2.86969e-05,0.236952,0.134541,1.76119,0
19,16,2,10.0,-3.80616e-07,-8.80777e-07,2.8114e-05,0.236935,0.134539,1.76109,0
20,16,2,10.0,-3.54602e-07,-8.67014e-07,2.70968e-05,0.236927,0.134538,1.76104,0
21,16,2,10.0,-3.42965e-07,-9.13096e-07,2.54301e-05,0.236923,0.134538,1.76102,0
22,16,2,10.0,-3.43067e-07,-1.13342e-06,2.28853e-05,0.236922,0.134538,1.76101,0
23,16,2,10.0,-3.4221e-07,-1.5403e-06,1.89652e-05,0.236921,0.134538,1.761,0
0,17,2,10.0,-1.45953e-07,-5.51553e-07,1.27465e-05,0.238386,0.134687,1.76993,0
1,17,2,10.0,5.7981e-07,1.20936e-06,1.21013e-05,0.237619,0.134613,1.7652,0
2,17,2,10.0,3.2069e-07,5.47698e-07,1.27061e-05,0.237262,0.134578,1.76301,0
3,17,2,10.0,1.60505e-07,1.45928e-07,1.38577e-05,0.237097,0.134562,1.76199,0
4,17,2,10.0,4.8751e-08,-1.7073e-07,1.52783e-05,0.23702,0.134554,1.76152,0
5,17,2,10.0,-6.25294e-08,-3.21606e-07,1.67878e-05,0.236984,0.13455,1.7613,0
6,17,2,10.0,-1.78729e-07,-5.15732e-07,1.82971e-05,0.236967,0.134549,1.7612,0
7,17,2,10.0,-2.35511e-07,-5.5023e-07,1.97093e-05,0.23696,0.134548,1.76116,0
8,17,2,10.0,-2.71893e-07,-6.21211e-07,2.09751e-05,0.236956,0.134547,1.76113,0
9,17,2,10.0,-2.94563e-07,-5.30611e-07,2.20795e-05,0.236954,0.134547,1.76112,0
10,17,2,10.0,-3.72109e-07,-5.72083e-07,2.30708e-05,0.236954,0.134547,1.76112,0
11,17,2,10.0,-3.40851e-07,-5.32526e-07,2.3948e-05,0.236953,0.134547,1.76112,0
12,17,2,10.0,-3.46849e-07,-5.13983e-07,2.47009e-05,0.236953,0.134547,1.76112,0
13,17,2,10.0,-3.41934e-07,-4.61213e-07,2.53886e-05,0.236953,0.134547,1.76112,0
14,17,2,10.0,-5.24364e-07,-6.4891e-07,2.6693e-05,0.23761,0.134611,1.76517,0
15,17,2,10.0,-5.13254e-07,-6.57507e-07,2.72041e-05,0.237258,0.134577,1.76299,0
16,17,2,10.0,-6.01885e-07,-7.00477e-07,2.75176e-05,0.237086,0.134559,1.76195,0
17,17,2,10.0,-5.82313e-07,-7.6587e-07,2.76464e-05,0.238368,0.134681,1.76987,0
18,17,2,10.0,-5.74688e-07,-9.05794e-07,2.75589e-05,0.23761,0.134611,1.76517,0
19,17,2,10.0,-4.92277e-07,-9.74389e-07,2.70993e-05,0.237258,0.134577,1.76299,0
20,17,2,10.0,-4.3996e-07,-9.9637e-07,2.6192e-05,0.237095,0.134561,1.76198,0
21,17,2,10.0,-4.25774e-07,-1.0298e-06,2.46433e-05,0.237019,0.134554,1.76152,0
22,17,2,10.0,-3.95862e-07,-1.23951e-06,2.22397e-05,0.236984,0.13455,1.7613,0
23,17,2,10.0,-4.55133e-07,-1.64802e-06,1.85116e-05,0.236967,0.134549,1.7612,0
0,18,2,10.0,-2.75787e-07,-5.14699e-07,1.0969e-05,0.238377,0.134684,1.7699,0
1,18,2,10.0,6.48064e-07,1.17549e-06,1.04643e-05,0.237601,0.134608,1.76513,0
2,18,2,10.0,3.13892e-07,6.24573e-07,1.1021e-05,0.237238,0.134571,1.76292,0
3,18,2,10.0,1.21087e-07,1.9019e-07,1.20972e-05,0.237069,0.134554,1.76189,0
4,18,2,10.0,-4.29298e-08,-1.13976e-07,1.34296e-05,0.23699,0.134546,1.76141,0
5,18,2,10.0,-1.78488e-07,-2.78281e-07,1.48315e-05,0.236953,0.134541,1.76119,0
6,18,2,10.0,-2.82844e-07,-3.60797e-07,1.62239e-05,0.236936,0.13454,1.76109,0
7,18,2,10.0,-3.44242e-07,-4.5123e-07,1.75516e-05,0.236928,0.134539,1.76104,0
8,18,2,10.0,-3.91052e-07,-5.01588e-07,1.8762e-05,0.236924,0.134538,1.76102,0
9,18,2,10.0,-4.1501e-07,-4.49376e-07,1.98294e-05,0.236922,0.134538,1.76101,0
10,18,2,10.0,-4.21219e-07,-4.21484e-07,2.07885e-05,0.236921,0.134538,1.761,0
11,18,2,10.0,-4.49219e-07,-4.53347e-07,2.16678e-05,0.236921,0.134538,1.761,0
12,18,2,10.0,-4.18052e-07,-4.22681e-07,2.24385e-05,0.236921,0.134538,1.761,0
13,18,2,10.0,-4.36426e-07,-3.47856e-07,2.31184e-05,0.236921,0.134538,1.761,0
14,18,2,10.0,-5.59948e-07,-5.36409e-07,2.43602e-05,0.237592,0.134605,1.7651,0
15,18,2,10.0,-6.04056e-07,-5.70958e-07,2.48256e-05,0.237234,0.13457,1.7629,0
16,18,2,10.0,-6.38251e-07,-5.71337e-07,2.51149e-05,0.237058,0.134551,1.76185,0
17,18,2,10.0,-6.15951e-07,-6.83096e-07,2.52614e-05,0.238359,0.134679,1.76983,0
18,18,2,10.0,-6.65142e-07,-8.21935e-07,2.5209e-05,0.237592,0.134605,1.7651,0
19,18,2,10.0,-6.40016e-07,-9.42952e-07,2.4823e-05,0.237234,0.13457,1.7629,0
20,18,2,10.0,-5.6695e-07,-1.03377e-06,2.40014e-05,0.237067,0.134553,1.76188,0
21,18,2,10.0,-5.11642e-07,-1.08718e-06,2.25839e-05,0.236989,0.134545,1.76141,0
22,18,2,10.0,-4.98411e-07,-1.23207e-06,2.0332e-05,0.236953,0.134541,1.76119,0
23,18,2,10.0,-5.854e-07,-1.5867e-06,1.69461e-05,0.236936,0.134539,1.76109,0
0,19,2,10.0,-2.93018e-07,-4.67775e-07,8.91685e-06,0.238377,0.134684,1.7699,0
1,19,2,10.0,6.94778e-07,1.14439e-06,8.53443e-06,0.237601,0.134608,1.76513,0
2,19,2,10.0,3.99346e-07,5.74907e-07,9.03699e-06,0.237238,0.134571,1.76292,0
3,19,2,10.0,1.64102e-07,1.88948e-07,9.98564e-06,0.237069,0.134554,1.76189,0
4,19,2,10.0,-4.83888e-08,-8.4991e-08,1.11524e-05,0.23699,0.134545,1.76141,0
5,19,2,10.0,-1.43879e-07,-1.9348e-07,1.2393e-05,0.236953,0.134541,1.76119,0
6,19,2,10.0,-2.12039e-07,-3.21972e-07,1.36446e-05,0.236935,0.134539,1.76109,0
7,19,2,10.0,-2.96771e-07,-4.09736e-07,1.48499e-05,0.236927,0.134538,1.76104,0
8,19,2,10.0,-3.78278e-07,-4.42372e-07,1.59626e-05,0.236924,0.134538,1.76102,0
9,19,2,10.0,-3.6264e-07,-3.85369e-07,1.69726e-05,0.236922,0.134538,1.76101,0
10,19,2,10.0,-3.45745e-07,-3.86506e-07,1.79164e-05,0.236921,0.134538,1.761,0
11,19,2,10.0,-3.70756e-07,-4.2004e-07,1.87828e-05,0.236921,0.134538,1.761,0
12,19,2,10.0,-3.8507e-07,-4.21636e-07,1.95609e-05,0.23692,0.134538,1.761,0
13,19,2,10.0,-3.54254e-07,-3.42475e-07,2.02404e-05,0.23692,0.134538,1.761,0
14,19,2,10.0,-4.83511e-07,-5.20468e-07,2.14291e-05,0.237592,0.134605,1.7651,0
15,19,2,10.0,-5.10865e-07,-5.23946e-07,2.18365e-05,0.237234,0.13457,1.7629,0
16,19,2,10.0,-5.10411e-07,-5.38155e-07,2.20927e-05,0.237057,0.134551,1.76185,0
17,19,2,10.0,-5.43532e-07,-6.0175e-07,2.22058e-05,0.238359,0.134679,1.76983,0
18,19,2,10.0,-5.48769e-07,-7.5753e-07,2.21471e-05,0.237592,0.134605,1.7651,0
19,19,2,10.0,-5.46413e-07,-8.87698e-07,2.17975e-05,0.237234,0.13457,1.7629,0
20,19,2,10.0,-5.11751e-07,-1.02417e-06,2.1051e-05,0.237067,0.134553,1.76188,0
21,19,2,10.0,-4.82714e-07,-1.1521e-06,1.97644e-05,0.236989,0.134545,1.76141,0
22,19,2,10.0,-5.06299e-07,-1.27324e-06,1.77335e-05,0.236952,0.134541,1.76119,0
23,19,2,10.0,-5.9413e-07,-1.53436e-06,1.46673e-05,0.236935,0.134539,1.76109,0
0,20,2,10.0,-2.81367e-07,-3.8199e-07,6.85935e-06,0.238377,0.134684,1.7699,0
1,20,2,10.0,7.19225e-07,1.04671e-06,6.57767e-06,0.237601,0.134608,1.76513,0
2,20,2,10.0,3.39287e-07,5.6874e-07,7.0061e-06,0.237238,0.134571,1.76292,0
3,20,2,10.0,1.01399e-07,2.05761e-07,7.80712e-06,0.237069,0.134554,1.76189,0
4,20,2,10.0,-4.65143e-08,-3.83839e-08,8.80367e-06,0.23699,0.134545,1.76141,0
5,20,2,10.0,-1.32502e-07,-1.57127e-07,9.88564e-06,0.236953,0.134541,1.76119,0
6,20,2,10.0,-2.61498e-07,-2.62362e-07,1.09814e-05,0.236935,0.134539,1.76109,0
7,20,2,10.0,-3.19022e-07,-3.26132e-07,1.20542e-05,0.236927,0.134538,1.76104,0
8,20,2,10.0,-3.45493e-07,-3.66862e-07,1.30637e-05,0.236924,0.134538,1.76102,0
9,20,2,10.0,-3.07292e-07,-3.09445e-07,1.40205e-05,0.236922,0.134538,1.76101,0
10,20,2,10.0,-3.82281e-07,-3.405e-07,1.49186e-05,0.236921,0.134538,1.761,0
11,20,2,10.0,-3.6489e-07,-3.47966e-07,1.57714e-05,0.236921,0.134538,1.761,0
12,20,2,10.0,-3.53301e-07,-3.87671e-07,1.65477e-05,0.23692,0.134538,1.761,0
13,20,2,10.0,-3.50753e-07,-3.35314e-07,1.72227e-05,0.23692,0.134538,1.761,0
14,20,2,10.0,-4.72684e-07,-4.84044e-07,1.83666e-05,0.237592,0.134605,1.7651,0
15,20,2,10.0,-4.78457e-07,-4.79464e-07,1.87392e-05,0.237234,0.13457,1.7629,0
16,20,2,10.0,-4.63107e-07,-4.87602e-07,1.89767e-05,0.237057,0.134551,1.76185,0
17,20,2,10.0,-4.45737e-07,-5.76075e-07,1.90728e-05,0.238359,0.134679,1.76983,0
18,20,2,10.0,-5.27812e-07,-6.89708e-07,1.90018e-05,0.237592,0.134605,1.7651,0
19,20,2,10.0,-5.00606e-07,-8.04813e-07,1.86827e-05,0.237234,0.13457,1.7629,0
20,20,2,10.0,-5.14108e-07,-9.63754e-07,1.80081e-05,0.237067,0.134553,1.76188,0
21,20,2,10.0,-5.19974e-07,-1.12001e-06,1.68463e-05,0.236989,0.134545,1.76141,0
22,20,2,10.0,-5.47172e-07,-1.2989e-06,1.50355e-05,0.236952,0.134541,1.76119,0
23,20,2,10.0,-6.752e-07,-1.51724e-06,1.23638e-05,0.236935,0.134539,1.76109,0
0,21,2,10.0,-2.64213e-07,-3.26443e-07,4.96167e-06,0.238377,0.134684,1.7699,0
1,21,2,10.0,5.99118e-07,9.55924e-07,4.73466e-06,0.237601,0.134608,1.76513,0
2,21,2,10.0,3.13026e-07,5.44577e-07,5.08206e-06,0.237238,0.134571,1.76292,0
3,21,2,10.0,8.18879e-08,2.42291e-07,5.75416e-06,0.237069,0.134554,1.76189,0
4,21,2,10.0,-7.43938e-08,9.1774e-09,6.60983e-06,0.23699,0.134545,1.76141,0
5,21,2,10.0,-1.76684e-07,-1.18898e-07,7.54259e-06,0.236953,0.134541,1.76119,0
6,21,2,10.0,-2.29844e-07,-1.75945e-07,8.49815e-06,0.236935,0.134539,1.76109,0
7,21,2,10.0,-2.95677e-07,-2.5003e-07,9.45253e-06,0.236927,0.134538,1.76104,0
8,21,2,10.0,-3.21638e-07,-2.76162e-07,1.03784e-05,0.236924,0.134538,1.76102,0
9,21,2,10.0,-3.40034e-07,-2.80372e-07,1.12675e-05,0.236922,0.134538,1.76101,0
10,21,2,10.0,-3.133e-07,-2.60718e-07,1.21163e-05,0.236921,0.134538,1.761,0
11,21,2,10.0,-3.43655e-07,-2.99239e-07,1.29349e-05,0.236921,0.134538,1.761,0
12,21,2,10.0,-3.77867e-07,-3.38896e-07,1.36941e-05,0.23692,0.134538,1.761,0
13,21,2,10.0,-3.27584e-07,-2.81853e-07,1.43695e-05,0.23692,0.134538,1.761,0
14,21,2,10.0,-4.4454e-07,-4.4594e-07,1.54801e-05,0.237592,0.134605,1.7651,0
15,21,2,10.0,-4.24985e-07,-4.358e-07,1.58434e-05,0.237234,0.13457,1.7629,0
16,21,2,10.0,-4.07864e-07,-4.52225e-07,1.60849e-05,0.237057,0.134551,1.76185,0
17,21,2,10.0,-4.33494e-07,-5.06702e-07,1.61946e-05,0.238359,0.134679,1.76983,0
18,21,2,10.0,-4.18668e-07,-6.07651e-07,1.61458e-05,0.237592,0.134605,1.7651,0
19,21,2,10.0,-4.48604e-07,-7.33032e-07,1.58643e-05,0.237234,0.13457,1.7629,0
20,21,2,10.0,-4.73242e-07,-8.77384e-07,1.5259e-05,0.237067,0.134553,1.76188,0
21,21,2,10.0,-5.01069e-07,-1.04409e-06,1.42196e-05,0.236989,0.134545,1.76141,0
22,21,2,10.0,-5.5677e-07,-1.24631e-06,1.26199e-05,0.236952,0.134541,1.76119,0
23,21,2,10.0,-6.62685e-07,-1.50836e-06,1.02899e-05,0.236935,0.134539,1.76109,0
0,22,2,10.0,-2.30448e-07,-2.73562e-07,3.29516e-06,0.238377,0.134684,1.7699,0
1,22,2,10.0,4.71308e-07,9.03082e-07,3.12136e-06,0.237601,0.134608,1.76513,0
2,22,2,10.0,2.37754e-07,5.18254e-07,3.42342e-06,0.237238,0.134571,1.76292,0
3,22,2,10.0,2.24236e-08,2.5613e-07,3.99075e-06,0.237069,0.134554,1.76189,0
4,22,2,10.0,-1.23438e-07,6.46301e-08,4.71869e-06,0.23699,0.134545,1.76141,0
5,22,2,10.0,-2.06668e-07,-5.2432e-08,5.52925e-06,0.236953,0.134541,1.76119,0
6,22,2,10.0,-2.33888e-07,-1.2432e-07,6.38544e-06,0.236935,0.134539,1.76109,0
7,22,2,10.0,-2.9945e-07,-1.92034e-07,7.24423e-06,0.236927,0.134538,1.76104,0
8,22,2,10.0,-3.1978e-07,-2.05397e-07,8.09125e-06,0.236924,0.134538,1.76102,0
9,22,2,10.0,-3.33414e-07,-2.14937e-07,8.91709e-06,0.236922,0.134538,1.76101,0
10,22,2,10.0,-3.11313e-07,-2.20298e-07,9.72492e-06,0.236921,0.134538,1.761,0
11,22,2,10.0,-3.44799e-07,-2.63154e-07,1.04958e-05,0.236921,0.134538,1.761,0
12,22,2,10.0,-3.77056e-07,-2.65684e-07,1.12099e-05,0.23692,0.134538,1.761,0
13,22,2,10.0,-3.50592e-07,-2.75454e-07,1.18837e-05,0.238368,0.134681,1.76987,0
14,22,2,10.0,-4.12018e-07,-3.8476e-07,1.29822e-05,0.23724,0.134572,1.76293,0
15,22,2,10.0,-4.18202e-07,-4.04228e-07,1.3358e-05,0.237071,0.134554,1.7619,0
16,22,2,10.0,-3.82319e-07,-4.05178e-07,1.36304e-05,0.236982,0.134543,1.76138,0
17,22,2,10.0,-3.90081e-07,-4.62615e-07,1.3769e-05,0.238359,0.134679,1.76983,0
18,22,2,10.0,-4.01566e-07,-6.163e-07,1.37716e-05,0.237592,0.134605,1.7651,0
19,22,2,10.0,-4.38941e-07,-7.05177e-07,1.35292e-05,0.237234,0.13457,1.7629,0
20,22,2,10.0,-4.70999e-07,-8.35098e-07,1.29843e-05,0.237067,0.134553,1.76188,0
21,22,2,10.0,-5.07707e-07,-9.93319e-07,1.20599e-05,0.236989,0.134545,1.76141,0
22,22,2,10.0,-5.62292e-07,-1.1864e-06,1.0648e-05,0.236952,0.134541,1.76119,0
23,22,2,10.0,-6.63931e-07,-1.45318e-06,8.63097e-06,0.236935,0.134539,1.76109,0
0,23,2,10.0,-1.82604e-07,-2.36553e-07,1.98582e-06,0.238377,0.134684,1.7699,0
1,23,2,10.0,3.23717e-07,8.50169e-07,1.86687e-06,0.237601,0.134608,1.76513,0
2,23,2,10.0,9.71761e-08,5.32176e-07,2.128e-06,0.237238,0.134571,1.76292,0
3,23,2,10.0,-5.9028e-08,2.83671e-07,2.61346e-06,0.237069,0.134554,1.76189,0
4,23,2,10.0,-1.65822e-07,1.03897e-07,3.24774e-06,0.23699,0.134545,1.76141,0
5,23,2,10.0,-1.97961e-07,1.12879e-08,3.97244e-06,0.236953,0.134541,1.76119,0
6,23,2,10.0,-2.82921e-07,-7.66803e-08,4.74833e-06,0.236935,0.134539,1.76109,0
7,23,2,10.0,-3.05553e-07,-1.23303e-07,5.53987e-06,0.236927,0.134538,1.76104,0
8,23,2,10.0,-3.2916e-07,-1.65398e-07,6.3292e-06,0.236924,0.134538,1.76102,0
9,23,2,10.0,-3.12962e-07,-1.61135e-07,7.10741e-06,0.236922,0.134538,1.76101,0
10,23,2,10.0,-3.41048e-07,-1.83617e-07,7.86973e-06,0.236921,0.134538,1.761,0
11,23,2,10.0,-3.58704e-07,-2.11085e-07,8.59573e-06,0.236921,0.134538,1.761,0
12,23,2,10.0,-3.52385e-07,-2.30452e-07,9.27473e-06,0.23692,0.134538,1.761,0
13,23,2,10.0,-3.61028e-07,-2.3055e-07,9.91616e-06,0.238359,0.134679,1.76983,0
14,23,2,10.0,-4.05924e-07,-3.65212e-07,1.1019e-05,0.237234,0.13457,1.7629,0
15,23,2,10.0,-3.64251e-07,-3.36528e-07,1.14308e-05,0.237067,0.134553,1.76188,0
16,23,2,10.0,-3.55098e-07,-3.83455e-07,1.17425e-05,0.236979,0.134542,1.76137,0
17,23,2,10.0,-3.33312e-07,-4.3099e-07,1.1924e-05,0.238359,0.134679,1.76983,0
18,23,2,10.0,-3.63243e-07,-5.60268e-07,1.19521e-05,0.237592,0.134605,1.7651,0
19,23,2,10.0,-3.94388e-07,-6.48901e-07,1.17359e-05,0.237234,0.13457,1.7629,0
20,23,2,10.0,-4.29307e-07,-7.67418e-07,1.1238e-05,0.237067,0.134553,1.76188,0
21,23,2,10.0,-4.63179e-07,-9.13309e-07,1.03981e-05,0.236989,0.134545,1.76141,0
22,23,2,10.0,-5.07691e-07,-1.10646e-06,9.13964e-06,0.236952,0.134541,1.76119,0
23,23,2,10.0,-5.89181e-07,-1.3534e-06,7.36787e-06,0.236935,0.134539,1.76109,0
0,0,3,10.0,-2.00815e-09,-2.32642e-07,1.24869e-05,0.238377,0.134733,1.76925,0
1,0,3,10.0,1.45303e-08,2.34931e-07,1.24719e-05,0.237597,0.134691,1.76401,0
2,0,3,10.0,1.19895e-08,-1.0497e-09,1.25811e-05,0.237233,0.134675,1.76152,0
3,0,3,10.0,9.84592e-09,-1.58889e-07,1.27919e-05,0.237062,0.13467,1.76033,0
4,0,3,10.0,1.03924e-08,-2.84319e-07,1.30723e-05,0.236983,0.134668,1.75976,0
5,0,3,10.0,9.83335e-09,-3.69776e-07,1.34008e-05,0.236945,0.134667,1.75948,0
6,0,3,10.0,8.60355e-09,-4.42306e-07,1.37551e-05,0.236928,0.134667,1.75935,0
7,0,3,10.0,6.29034e-09,-5.04682e-07,1.41094e-05,0.23692,0.134668,1.75929,0
8,0,3,10.0,4.58537e-09,-5.56756e-07,1.4442e-05,0.236916,0.134668,1.75926,0
9,0,3,10.0,1.29152e-09,-6.02133e-07,1.47366e-05,0.236914,0.134668,1.75925,0
10,0,3,10.0,3.79027e-09,-6.55338e-07,1.49744e-05,0.236913,0.134668,1.75924,0
11,0,3,10.0,1.40304e-08,-7.13144e-07,1.51475e-05,0.236913,0.134668,1.75924,0
12,0,3,10.0,4.37558e-09,-7.90712e-07,1.52438e-05,0.236913,0.134668,1.75924,0
13,0,3,10.0,1.04283e-08,-8.4275e-07,1.52571e-05,0.236912,0.134668,1.75924,0
14,0,3,10.0,-1.03586e-08,-1.06478e-06,1.49771e-05,0.237588,0.134689,1.76397,0
15,0,3,10.0,1.11416e-08,-1.07354e-06,1.4626e-05,0.237228,0.134674,1.7615,0
16,0,3,10.0,7.69203e-09,-1.10022e-06,1.41217e-05,0.23706,0.134669,1.76031,0
17,0,3,10.0,-8.97695e-09,-1.12172e-06,1.34647e-05,0.236982,0.134668,1.75975,0
18,0,3,10.0,-1.57454e-09,-1.14079e-06,1.26345e-05,0.236945,0.134667,1.75948,0
19,0,3,10.0,7.40545e-09,-1.17488e-06,1.16334e-05,0.236928,0.134667,1.75935,0
20,0,3,10.0,1.96128e-09,-1.24067e-06,1.04477e-05,0.236919,0.134668,1.75929,0
21,0,3,10.0,-2.05496e-09,-1.32377e-06,9.06358e-06,0.236916,0.134668,1.75926,0
22,0,3,10.0,-3.80405e-09,-1.42295e-06,7.46561e-06,0.236914,0.134668,1.75925,0
23,0,3,10.0,-3.13532e-09,-1.5461e-06,5.63304e-06,0.236913,0.134668,1.75924,0
0,1,3,10.0,-3.86701e-09,-1.67896e-07,1.24019e-05,0.238386,0.134735,1.76929,0
1,1,3,10.0,6.16309e-08,6.38178e-07,1.23899e-05,0.237616,0.134695,1.76411,0
2,1,3,10.0,5.35861e-08,4.36268e-07,1.24959e-05,0.237258,0.13468,1.76164,0
3,1,3,10.0,4.73485e-08,3.03894e-07,1.2698e-05,0.237092,0.134675,1.76047,0
4,1,3,10.0,4.64474e-08,2.09645e-07,1.29703e-05,0.237015,0.134674,1.75992,0
5,1,3,10.0,4.29924e-08,1.48626e-07,1.32889e-05,0.236978,0.134674,1.75965,0
6,1,3,10.0,3.76383e-08,1.04073e-07,1.3632e-05,0.236962,0.134674,1.75952,0
7,1,3,10.0,2.98603e-08,7.03551e-08,1.39753e-05,0.236954,0.134674,1.75946,0
8,1,3,10.0,2.13251e-08,4.64286e-08,1.42989e-05,0.23695,0.134674,1.75944,0
9,1,3,10.0,1.47775e-08,3.01763e-08,1.45861e-05,0.236949,0.134674,1.75942,0
10,1,3,10.0,1.73931e-08,1.32655e-08,1.48235e-05,0.236948,0.134674,1.75942,0
11,1,3,10.0,1.13822e-08,-2.16235e-08,1.49995e-05,0.236948,0.134674,1.75941,0
12,1,3,10.0,1.9001e-08,-6.55397e-08,1.51009e-05,0.236947,0.134674,1.75941,0
13,1,3,10.0,1.29888e-08,-9.86298e-08,1.51195e-05,0.236947,0.134674,1.75941,0
14,1,3,10.0,8.69921e-10,-3.38656e-07,1.4849e-05,0.237607,0.134693,1.76406,0
15,1,3,10.0,2.27568e-09,-3.46661e-07,1.45097e-05,0.237254,0.134679,1.76162,0
16,1,3,10.0,-5.42271e-09,-3.80174e-07,1.40173e-05,0.23709,0.134675,1.76046,0
17,1,3,10.0,-2.60445e-08,-4.23321e-07,1.33649e-05,0.237014,0.134674,1.75991,0
18,1,3,10.0,-8.75801e-09,-4.70393e-07,1.25524e-05,0.236978,0.134674,1.75965,0
19,1,3,10.0,-1.67282e-08,-5.46504e-07,1.15665e-05,0.236962,0.134674,1.75952,0
20,1,3,10.0,-1.92228e-08,-6.65246e-07,1.03943e-05,0.236954,0.134674,1.75946,0
21,1,3,10.0,-1.66632e-08,-8.2104e-07,9.02106e-06,0.23695,0.134674,1.75944,0
22,1,3,10.0,-2.89296e-08,-1.01222e-06,7.43237e-06,0.236949,0.134674,1.75942,0
23,1,3,10.0,-3.39799e-08,-1.25192e-06,5.61015e-06,0.236948,0.134674,1.75942,0
0,2,3,10.0,-6.38921e-09,-1.70838e-07,1.22726e-05,0.238386,0.134735,1.76929,0
1,2,3,10.0,8.54408e-08,6.36587e-07,1.22606e-05,0.237616,0.134695,1.76411,0
2,2,3,10.0,7.03102e-08,4.33851e-07,1.23663e-05,0.237259,0.13468,1.76164,0
3,2,3,10.0,5.70053e-08,2.92881e-07,1.25653e-05,0.237092,0.134675,1.76047,0
4,2,3,10.0,4.83132e-08,1.94202e-07,1.28335e-05,0.237015,0.134674,1.75992,0
5,2,3,10.0,3.56845e-08,1.28778e-07,1.31481e-05,0.236979,0.134674,1.75965,0
6,2,3,10.0,2.02411e-08,8.08947e-08,1.34858e-05,0.236962,0.134674,1.75953,0
7,2,3,10.0,2.18059e-09,4.5318e-08,1.38235e-05,0.236954,0.134674,1.75947,0
8,2,3,10.0,-1.50311e-08,2.04252e-08,1.41426e-05,0.236951,0.134674,1.75944,0
9,2,3,10.0,-2.80949e-08,3.19346e-09,1.44289e-05,0.236949,0.134674,1.75942,0
10,2,3,10.0,-3.36005e-08,-1.66027e-08,1.467e-05,0.236948,0.134674,1.75942,0
11,2,3,10.0,-4.68905e-08,-4.27528e-08,1.48533e-05,0.236948,0.134674,1.75941,0
12,2,3,10.0,-3.74001e-08,-9.62759e-08,1.49657e-05,0.236948,0.134674,1.75941,0
13,2,3,10.0,-4.81145e-08,-1.28232e-07,1.49955e-05,0.236948,0.134674,1.75941,0
14,2,3,10.0,-5.89638e-08,-3.76493e-07,1.47475e-05,0.237607,0.134693,1.76406,0
15,2,3,10.0,-6.53439e-08,-3.86195e-07,1.44184e-05,0.237254,0.134679,1.76162,0
16,2,3,10.0,-8.00404e-08,-4.2211e-07,1.39338e-05,0.23709,0.134675,1.76046,0
17,2,3,10.0,-8.24178e-08,-4.66205e-07,1.32955e-05,0.237014,0.134674,1.75991,0
18,2,3,10.0,-8.05326e-08,-5.14498e-07,1.25009e-05,0.236978,0.134674,1.75965,0
19,2,3,10.0,-8.34663e-08,-5.914e-07,1.15293e-05,0.236962,0.134674,1.75952,0
20,2,3,10.0,-7.8586e-08,-7.09752e-07,1.03695e-05,0.236954,0.134674,1.75946,0
21,2,3,10.0,-7.46007e-08,-8.64284e-07,9.00905e-06,0.236951,0.134674,1.75944,0
22,2,3,10.0,-7.83686e-08,-1.05151e-06,7.42866e-06,0.236949,0.134674,1.75942,0
23,2,3,10.0,-8.16968e-08,-1.28356e-06,5.61347e-06,0.236948,0.134674,1.75942,0
0,3,3,10.0,-5.50188e-09,-1.79144e-07,1.21053e-05,0.238386,0.134735,1.76929,0
1,3,3,10.0,1.06071e-07,6.54944e-07,1.20921e-05,0.237616,0.134695,1.76411,0
2,3,3,10.0,8.75131e-08,4.41125e-07,1.21997e-05,0.237259,0.13468,1.76164,0
3,3,3,10.0,6.95526e-08,2.87443e-07,1.24007e-05,0.237092,0.134675,1.76047,0
4,3,3,10.0,5.3988e-08,1.79587e-07,1.26714e-05,0.237015,0.134674,1.75992,0
5,3,3,10.0,3.43232e-08,1.05742e-07,1.29884e-05,0.236979,0.134674,1.75965,0
6,3,3,10.0,1.05895e-08,5.32949e-08,1.33279e-05,0.236962,0.134674,1.75953,0
7,3,3,10.0,-1.49699e-08,1.52819e-08,1.36677e-05,0.236954,0.134674,1.75947,0
8,3,3,10.0,-3.88145e-08,-1.1658e-08,1.39904e-05,0.236951,0.134674,1.75944,0
9,3,3,10.0,-5.7831e-08,-3.12024e-08,1.4282e-05,0.236949,0.134674,1.75942,0
10,3,3,10.0,-7.55566e-08,-4.87285e-08,1.45324e-05,0.236948,0.134674,1.75942,0
11,3,3,10.0,-7.58195e-08,-8.30211e-08,1.47271e-05,0.236948,0.134674,1.75941,0
12,3,3,10.0,-9.67131e-08,-1.15067e-07,1.48572e-05,0.236948,0.134674,1.75941,0
13,3,3,10.0,-9.90992e-08,-1.60642e-07,1.48983e-05,0.236948,0.134674,1.75941,0
14,3,3,10.0,-1.2681e-07,-4.06214e-07,1.46802e-05,0.237607,0.134693,1.76406,0
15,3,3,10.0,-1.38434e-07,-4.2635e-07,1.43634e-05,0.237254,0.134679,1.76162,0
16,3,3,10.0,-1.36751e-07,-4.66003e-07,1.3894e-05,0.23709,0.134675,1.76046,0
17,3,3,10.0,-1.43454e-07,-5.1014e-07,1.32726e-05,0.237014,0.134674,1.75991,0
18,3,3,10.0,-1.59002e-07,-5.58412e-07,1.24906e-05,0.236978,0.134674,1.75965,0
19,3,3,10.0,-1.4147e-07,-6.35779e-07,1.15317e-05,0.236962,0.134674,1.75952,0
20,3,3,10.0,-1.42279e-07,-7.5437e-07,1.03842e-05,0.236954,0.134674,1.75946,0
21,3,3,10.0,-1.41325e-07,-9.11263e-07,9.03209e-06,0.236951,0.134674,1.75944,0
22,3,3,10.0,-1.3328e-07,-1.09639e-06,7.45908e-06,0.236949,0.134674,1.75942,0
23,3,3,10.0,-1.2941e-07,-1.32161e-06,5.64663e-06,0.236948,0.134674,1.75942,0
0,4,3,10.0,-2.27317e-09,-1.94817e-07,1.1917e-05,0.238386,0.134735,1.76929,0
1,4,3,10.0,1.20359e-07,6.95676e-07,1.19024e-05,0.237616,0.134695,1.76411,0
2,4,3,10.0,1.01507e-07,4.61501e-07,1.20151e-05,0.237259,0.13468,1.76164,0
3,4,3,10.0,8.16834e-08,2.92909e-07,1.22251e-05,0.237092,0.134675,1.76047,0
4,4,3,10.0,6.01834e-08,1.70203e-07,1.25077e-05,0.237015,0.134674,1.75992,0
5,4,3,10.0,3.42291e-08,8.72978e-08,1.28373e-05,0.236979,0.134674,1.75965,0
6,4,3,10.0,3.78383e-09,2.8701e-08,1.31893e-05,0.236962,0.134674,1.75953,0
7,4,3,10.0,-2.86194e-08,-1.21976e-08,1.35419e-05,0.236954,0.134674,1.75947,0
8,4,3,10.0,-5.88454e-08,-4.07602e-08,1.38778e-05,0.236951,0.134674,1.75944,0
9,4,3,10.0,-8.37416e-08,-6.09358e-08,1.41835e-05,0.236949,0.134674,1.75942,0
10,4,3,10.0,-1.05134e-07,-8.18797e-08,1.44477e-05,0.236948,0.134674,1.75942,0
11,4,3,10.0,-1.23522e-07,-1.05432e-07,1.46612e-05,0.236948,0.134674,1.75941,0
12,4,3,10.0,-1.37202e-07,-1.48167e-07,1.48041e-05,0.236948,0.134674,1.75941,0
13,4,3,10.0,-1.55363e-07,-1.74057e-07,1.48648e-05,0.236948,0.134674,1.75941,0
14,4,3,10.0,-1.83213e-07,-4.3756e-07,1.46808e-05,0.237607,0.134693,1.76406,0
15,4,3,10.0,-1.89645e-07,-4.59251e-07,1.43817e-05,0.237254,0.134679,1.76162,0
16,4,3,10.0,-1.95503e-07,-5.0286e-07,1.39296e-05,0.23709,0.134675,1.76046,0
17,4,3,10.0,-2.13461e-07,-5.49844e-07,1.33228e-05,0.237014,0.134674,1.75991,0
18,4,3,10.0,-2.08751e-07,-5.99504e-07,1.25489e-05,0.236978,0.134674,1.75965,0
19,4,3,10.0,-2.10413e-07,-6.77168e-07,1.16007e-05,0.236962,0.134674,1.75952,0
20,4,3,10.0,-1.98048e-07,-8.00406e-07,1.04597e-05,0.236954,0.134674,1.75946,0
21,4,3,10.0,-1.88778e-07,-9.59047e-07,9.11222e-06,0.236951,0.134674,1.75944,0
22,4,3,10.0,-1.81563e-07,-1.1464e-06,7.54055e-06,0.236949,0.134674,1.75942,0
23,4,3,10.0,-1.65462e-07,-1.37289e-06,5.72148e-06,0.236948,0.134674,1.75942,0
0,5,3,10.0,4.31166e-09,-2.20349e-07,1.17217e-05,0.238386,0.134735,1.76929,0
1,5,3,10.0,1.34688e-07,7.58712e-07,1.17051e-05,0.237616,0.134695,1.76411,0
2,5,3,10.0,1.15875e-07,4.9526e-07,1.18274e-05,0.237258,0.13468,1.76164,0
3,5,3,10.0,9.40826e-08,3.04597e-07,1.20554e-05,0.237092,0.134675,1.76047,0
4,5,3,10.0,6.74674e-08,1.6566e-07,1.23616e-05,0.237015,0.134674,1.75992,0
5,5,3,10.0,3.67327e-08,7.10914e-08,1.27169e-05,0.236979,0.134674,1.75965,0
6,5,3,10.0,-1.85582e-10,6.47251e-09,1.30945e-05,0.236962,0.134674,1.75953,0
7,5,3,10.0,-3.87403e-08,-3.74496e-08,1.34716e-05,0.236954,0.134674,1.75947,0
8,5,3,10.0,-7.59595e-08,-6.70744e-08,1.38313e-05,0.236951,0.134674,1.75944,0
9,5,3,10.0,-1.07759e-07,-8.91167e-08,1.41592e-05,0.236949,0.134674,1.75942,0
10,5,3,10.0,-1.34634e-07,-1.08077e-07,1.44446e-05,0.236948,0.134674,1.75942,0
11,5,3,10.0,-1.6019e-07,-1.34312e-07,1.46758e-05,0.236948,0.134674,1.75941,0
12,5,3,10.0,-1.82177e-07,-1.62893e-07,1.48394e-05,0.236948,0.134674,1.75941,0
13,5,3,10.0,-1.9909e-07,-1.93414e-07,1.49184e-05,0.236948,0.134674,1.75941,0
14,5,3,10.0,-2.36741e-07,-4.58607e-07,1.47803e-05,0.237607,0.134693,1.76406,0
15,5,3,10.0,-2.39195e-07,-4.87235e-07,1.45015e-05,0.237254,0.134679,1.76162,0
16,5,3,10.0,-2.55332e-07,-5.33109e-07,1.40667e-05,0.23709,0.134675,1.76046,0
17,5,3,10.0,-2.77626e-07,-5.8107e-07,1.34671e-05,0.237014,0.134674,1.75991,0
18,5,3,10.0,-2.70382e-07,-6.34113e-07,1.27026e-05,0.236978,0.134674,1.75965,0
19,5,3,10.0,-2.63051e-07,-7.2071e-07,1.17583e-05,0.236962,0.134674,1.75952,0
20,5,3,10.0,-2.54195e-07,-8.46823e-07,1.06218e-05,0.236954,0.134674,1.75946,0
21,5,3,10.0,-2.41903e-07,-1.0112e-06,9.27372e-06,0.236951,0.134674,1.75944,0
22,5,3,10.0,-2.26582e-07,-1.20684e-06,7.69215e-06,0.236949,0.134674,1.75942,0
23,5,3,10.0,-1.94776e-07,-1.44514e-06,5.85213e-06,0.236948,0.134674,1.75942,0
0,6,3,10.0,1.03845e-08,-2.56186e-07,1.15294e-05,0.238386,0.134735,1.76929,0
1,6,3,10.0,1.49481e-07,8.45983e-07,1.15077e-05,0.237616,0.134695,1.76411,0
2,6,3,10.0,1.32236e-07,5.39598e-07,1.16431e-05,0.237259,0.13468,1.76164,0
3,6,3,10.0,1.07929e-07,3.20316e-07,1.18989e-05,0.237092,0.134675,1.76047,0
4,6,3,10.0,7.82049e-08,1.63717e-07,1.22416e-05,0.237015,0.134674,1.75992,0
5,6,3,10.0,4.20238e-08,5.65661e-08,1.26368e-05,0.236979,0.134674,1.75965,0
6,6,3,10.0,-1.81178e-09,-1.53405e-08,1.3052e-05,0.236962,0.134674,1.75953,0
7,6,3,10.0,-4.7932e-08,-6.17391e-08,1.34641e-05,0.236954,0.134674,1.75947,0
8,6,3,10.0,-9.18713e-08,-9.21996e-08,1.38573e-05,0.236951,0.134674,1.75944,0
9,6,3,10.0,-1.29254e-07,-1.13771e-07,1.42159e-05,0.236949,0.134674,1.75942,0
10,6,3,10.0,-1.64867e-07,-1.3515e-07,1.45279e-05,0.236948,0.134674,1.75942,0
11,6,3,10.0,-1.96912e-07,-1.53294e-07,1.47836e-05,0.236948,0.134674,1.75941,0
12,6,3,10.0,-2.23014e-07,-1.8207e-07,1.49695e-05,0.236948,0.134674,1.75941,0
13,6,3,10.0,-2.40601e-07,-2.09222e-07,1.50751e-05,0.236948,0.134674,1.75941,0
14,6,3,10.0,-2.78725e-07,-4.89004e-07,1.49881e-05,0.237607,0.134693,1.76406,0
15,6,3,10.0,-2.97456e-07,-5.15362e-07,1.47318e-05,0.237254,0.134679,1.76162,0
16,6,3,10.0,-3.24458e-07,-5.58783e-07,1.43087e-05,0.23709,0.134675,1.76046,0
17,6,3,10.0,-3.27212e-07,-6.08365e-07,1.37185e-05,0.237014,0.134674,1.75991,0
18,6,3,10.0,-3.22565e-07,-6.72519e-07,1.29607e-05,0.236978,0.134674,1.75965,0
19,6,3,10.0,-3.16375e-07,-7.64824e-07,1.20214e-05,0.236962,0.134674,1.75952,0
20,6,3,10.0,-3.05736e-07,-8.98879e-07,1.0884e-05,0.236954,0.134674,1.75946,0
21,6,3,10.0,-2.9306e-07,-1.07104e-06,9.52845e-06,0.236951,0.134674,1.75944,0
22,6,3,10.0,-2.65931e-07,-1.28276e-06,7.92702e-06,0.236949,0.134674,1.75942,0
23,6,3,10.0,-2.23751e-07,-1.54201e-06,6.05168e-06,0.236948,0.134674,1.75942,0
0,7,3,10.0,1.55688e-08,-3.04124e-07,1.13344e-05,0.238386,0.134735,1.76929,0
1,7,3,10.0,1.71579e-07,9.46155e-07,1.13019e-05,0.237616,0.134695,1.76411,0
2,7,3,10.0,1.50639e-07,5.90934e-07,1.14558e-05,0.237259,0.13468,1.76164,0
3,7,3,10.0,1.25921e-07,3.40819e-07,1.17499e-05,0.237092,0.134675,1.76047,0
4,7,3,10.0,9.07582e-08,1.61211e-07,1.21415e-05,0.237015,0.134674,1.75992,0
5,7,3,10.0,4.03727e-08,4.40969e-08,1.25851e-05,0.236979,0.134674,1.75965,0
6,7,3,10.0,-1.3006e-08,-3.47241e-08,1.30464e-05,0.236962,0.134674,1.75953,0
7,7,3,10.0,-5.82027e-08,-8.67733e-08,1.35032e-05,0.236954,0.134674,1.75947,0
8,7,3,10.0,-1.0874e-07,-1.15707e-07,1.394e-05,0.236951,0.134674,1.75944,0
9,7,3,10.0,-1.57503e-07,-1.37276e-07,1.43353e-05,0.236949,0.134674,1.75942,0
10,7,3,10.0,-2.03046e-07,-1.55193e-07,1.46824e-05,0.236948,0.134674,1.75942,0
11,7,3,10.0,-2.36694e-07,-1.75737e-07,1.49701e-05,0.236948,0.134674,1.75941,0
12,7,3,10.0,-2.64446e-07,-1.96711e-07,1.51873e-05,0.236948,0.134674,1.75941,0
13,7,3,10.0,-2.93544e-07,-2.19758e-07,1.53228e-05,0.236948,0.134674,1.75941,0
14,7,3,10.0,-3.25024e-07,-5.18217e-07,1.5298e-05,0.237607,0.134693,1.76406,0
15,7,3,10.0,-3.73636e-07,-5.43905e-07,1.50577e-05,0.237254,0.134679,1.76162,0
16,7,3,10.0,-3.83472e-07,-5.85375e-07,1.46483e-05,0.23709,0.134675,1.76046,0
17,7,3,10.0,-3.7033e-07,-6.40723e-07,1.40708e-05,0.237014,0.134674,1.75991,0
18,7,3,10.0,-3.79083e-07,-7.13372e-07,1.33182e-05,0.236978,0.134674,1.75965,0
19,7,3,10.0,-3.69492e-07,-8.15593e-07,1.23818e-05,0.236962,0.134674,1.75952,0
20,7,3,10.0,-3.58632e-07,-9.54998e-07,1.12437e-05,0.236954,0.134674,1.75946,0
21,7,3,10.0,-3.41662e-07,-1.14099e-06,9.87678e-06,0.236951,0.134674,1.75944,0
22,7,3,10.0,-3.08017e-07,-1.37229e-06,8.25032e-06,0.236949,0.134674,1.75942,0
23,7,3,10.0,-2.59968e-07,-1.66145e-06,6.32654e-06,0.236948,0.134674,1.75942,0
0,8,3,10.0,1.66719e-08,-3.53078e-07,1.11349e-05,0.238386,0.134735,1.76929,0
1,8,3,10.0,2.03243e-07,1.07031e-06,1.10742e-05,0.237616,0.134695,1.76411,0
2,8,3,10.0,1.96844e-07,6.56626e-07,1.12522e-05,0.237259,0.13468,1.76164,0
3,8,3,10.0,1.54988e-07,3.6368e-07,1.15892e-05,0.237092,0.134675,1.76047,0
4,8,3,10.0,9.81203e-08,1.62387e-07,1.20336e-05,0.237015,0.134674,1.75992,0
5,8,3,10.0,4.924e-08,3.27855e-08,1.25321e-05,0.236979,0.134674,1.75965,0
6,8,3,10.0,8.82518e-09,-5.86625e-08,1.30463e-05,0.236962,0.134674,1.75953,0
7,8,3,10.0,-6.08593e-08,-1.04258e-07,1.35493e-05,0.236954,0.134674,1.75947,0
8,8,3,10.0,-1.27856e-07,-1.41517e-07,1.40349e-05,0.236951,0.134674,1.75944,0
9,8,3,10.0,-1.62208e-07,-1.66161e-07,1.44786e-05,0.236949,0.134674,1.75942,0
10,8,3,10.0,-1.9877e-07,-1.87897e-07,1.48815e-05,0.236948,0.134674,1.75942,0
11,8,3,10.0,-2.48335e-07,-2.13378e-07,1.52119e-05,0.236948,0.134674,1.75941,0
12,8,3,10.0,-2.84993e-07,-2.36116e-07,1.54659e-05,0.236948,0.134674,1.75941,0
13,8,3,10.0,-3.06598e-07,-2.564e-07,1.5636e-05,0.236948,0.134674,1.75941,0
14,8,3,10.0,-3.94745e-07,-5.49799e-07,1.56739e-05,0.237607,0.134693,1.76406,0
15,8,3,10.0,-4.0032e-07,-5.66603e-07,1.54493e-05,0.237254,0.134679,1.76162,0
16,8,3,10.0,-4.10388e-07,-6.09514e-07,1.50503e-05,0.23709,0.134675,1.76046,0
17,8,3,10.0,-4.31235e-07,-6.7505e-07,1.44819e-05,0.237014,0.134674,1.75991,0
18,8,3,10.0,-4.10458e-07,-7.54161e-07,1.37359e-05,0.236978,0.134674,1.75965,0
19,8,3,10.0,-4.08815e-07,-8.63317e-07,1.28067e-05,0.236962,0.134674,1.75952,0
20,8,3,10.0,-3.95576e-07,-1.01515e-06,1.16712e-05,0.236954,0.134674,1.75946,0
21,8,3,10.0,-3.7533e-07,-1.21283e-06,1.02987e-05,0.236951,0.134674,1.75944,0
22,8,3,10.0,-3.47968e-07,-1.4678e-06,8.64817e-06,0.236949,0.134674,1.75942,0
23,8,3,10.0,-2.85123e-07,-1.79386e-06,6.67194e-06,0.236948,0.134674,1.75942,0
0,9,3,10.0,7.75532e-09,-4.09414e-07,1.08707e-05,0.238396,0.134737,1.76934,0
1,9,3,10.0,2.69776e-07,1.18723e-06,1.07815e-05,0.237635,0.134699,1.7642,0
2,9,3,10.0,2.02478e-07,7.11068e-07,1.09793e-05,0.237284,0.134685,1.76177,0
3,9,3,10.0,1.50099e-07,3.78093e-07,1.13559e-05,0.237122,0.134681,1.76062,0
4,9,3,10.0,1.10921e-07,1.4576e-07,1.18493e-05,0.237047,0.13468,1.76007,0
5,9,3,10.0,5.36173e-08,-1.24014e-08,1.23984e-05,0.237012,0.13468,1.75981,0
6,9,3,10.0,-3.76417e-08,-1.09462e-07,1.29588e-05,0.236996,0.13468,1.75969,0
7,9,3,10.0,-7.2744e-08,-1.50586e-07,1.35118e-05,0.236988,0.13468,1.75964,0
8,9,3,10.0,-1.48992e-07,-1.9666e-07,1.4041e-05,0.236975,0.134679,1.75956,0
9,9,3,10.0,-1.62267e-07,-2.3235e-07,1.45462e-05,0.238376,0.134733,1.76925,0
10,9,3,10.0,-2.49806e-07,-6.76458e-07,1.50239e-05,0.237626,0.134697,1.76416,0
11,9,3,10.0,-2.86338e-07,-6.43611e-07,1.54067e-05,0.23728,0.134684,1.76175,0
12,9,3,10.0,-3.04692e-07,-6.1212e-07,1.57004e-05,0.23712,0.134681,1.76061,0
13,9,3,10.0,-3.44289e-07,-5.95336e-07,1.59092e-05,0.237045,0.13468,1.76007,0
14,9,3,10.0,-4.39376e-07,-9.91263e-07,1.60103e-05,0.237626,0.134697,1.76416,0
15,9,3,10.0,-4.49819e-07,-9.46427e-07,1.58023e-05,0.23728,0.134684,1.76175,0
16,9,3,10.0,-4.71495e-07,-9.47032e-07,1.54087e-05,0.237119,0.134681,1.76061,0
17,9,3,10.0,-4.70693e-07,-9.71807e-07,1.48421e-05,0.237046,0.13468,1.76007,0
18,9,3,10.0,-4.71493e-07,-1.02421e-06,1.41127e-05,0.237011,0.13468,1.75981,0
19,9,3,10.0,-4.5277e-07,-1.1122e-06,1.32017e-05,0.236996,0.13468,1.75969,0
20,9,3,10.0,-4.39795e-07,-1.2444e-06,1.20843e-05,0.236988,0.13468,1.75963,0
21,9,3,10.0,-4.26615e-07,-1.43597e-06,1.07183e-05,0.236985,0.134681,1.75961,0
22,9,3,10.0,-3.98985e-07,-1.69201e-06,9.05257e-06,0.236983,0.134681,1.75959,0
23,9,3,10.0,-3.43329e-07,-2.0378e-06,7.03229e-06,0.236983,0.134681,1.75959,0
0,10,3,10.0,-1.4613e-08,-4.52226e-07,1.04852e-05,0.238386,0.134735,1.76929,0
1,10,3,10.0,2.79537e-07,1.33101e-06,1.03816e-05,0.237616,0.134695,1.76411,0
2,10,3,10.0,2.35541e-07,8.11874e-07,1.05909e-05,0.237259,0.13468,1.76165,0
3,10,3,10.0,1.71526e-07,4.29071e-07,1.09934e-05,0.237092,0.134675,1.76047,0
4,10,3,10.0,9.08102e-08,1.70808e-07,1.1516e-05,0.237015,0.134674,1.75992,0
5,10,3,10.0,2.75604e-09,4.93567e-09,1.20965e-05,0.236979,0.134674,1.75965,0
6,10,3,10.0,-5.64564e-08,-8.07047e-08,1.26895e-05,0.236963,0.134674,1.75953,0
7,10,3,10.0,-1.07358e-07,-1.58793e-07,1.32812e-05,0.236955,0.134674,1.75947,0
8,10,3,10.0,-1.66616e-07,-1.73878e-07,1.38546e-05,0.236941,0.134672,1.75939,0
9,10,3,10.0,-2.31826e-07,-2.01395e-07,1.44095e-05,0.238367,0.134731,1.7692,0
10,10,3,10.0,-2.74782e-07,-6.30488e-07,1.49491e-05,0.237607,0.134693,1.76406,0
11,10,3,10.0,-2.90403e-07,-5.95684e-07,1.53883e-05,0.237255,0.134679,1.76162,0
12,10,3,10.0,-3.31162e-07,-5.78798e-07,1.57289e-05,0.23709,0.134675,1.76046,0
13,10,3,10.0,-3.891e-07,-5.61334e-07,1.59659e-05,0.237014,0.134674,1.75991,0
14,10,3,10.0,-4.62692e-07,-1.02409e-06,1.61189e-05,0.237607,0.134693,1.76406,0
15,10,3,10.0,-5.18459e-07,-9.69662e-07,1.59192e-05,0.237255,0.134679,1.76162,0
16,10,3,10.0,-5.0448e-07,-9.59143e-07,1.55388e-05,0.23709,0.134675,1.76046,0
17,10,3,10.0,-5.00602e-07,-1.00357e-06,1.5e-05,0.237014,0.134674,1.75991,0
18,10,3,10.0,-4.99432e-07,-1.06163e-06,1.43046e-05,0.236979,0.134674,1.75965,0
19,10,3,10.0,-4.86198e-07,-1.16171e-06,1.34392e-05,0.236962,0.134674,1.75953,0
20,10,3,10.0,-4.86865e-07,-1.31089e-06,1.2362e-05,0.236955,0.134674,1.75947,0
21,10,3,10.0,-4.80578e-07,-1.51626e-06,1.10185e-05,0.236951,0.134674,1.75944,0
22,10,3,10.0,-4.57036e-07,-1.79616e-06,9.36056e-06,0.23695,0.134674,1.75942,0
23,10,3,10.0,-4.07467e-07,-2.18021e-06,7.31321e-06,0.236949,0.134674,1.75942,0
0,11,3,10.0,-1.10633e-08,-4.68224e-07,1.00108e-05,0.238386,0.134735,1.76929,0
1,11,3,10.0,3.43207e-07,1.47511e-06,9.86206e-06,0.237616,0.134695,1.76411,0
2,11,3,10.0,2.81441e-07,8.71682e-07,1.00789e-05,0.237259,0.13468,1.76164,0
3,11,3,10.0,1.77663e-07,4.78347e-07,1.04889e-05,0.237092,0.134675,1.76047,0
4,11,3,10.0,9.06377e-08,1.83157e-07,1.10153e-05,0.237015,0.134674,1.75992,0
5,11,3,10.0,-2.26118e-09,8.07769e-10,1.16048e-05,0.236979,0.134674,1.75965,0
6,11,3,10.0,-5.22291e-08,-9.70776e-08,1.22186e-05,0.236962,0.134674,1.75953,0
7,11,3,10.0,-1.18449e-07,-1.83526e-07,1.28369e-05,0.236954,0.134674,1.75947,0
8,11,3,10.0,-1.99652e-07,-2.02262e-07,1.34478e-05,0.236941,0.134672,1.75939,0
9,11,3,10.0,-1.76008e-07,-2.15209e-07,1.40577e-05,0.238367,0.134731,1.7692,0
10,11,3,10.0,-2.43996e-07,-6.80191e-07,1.46634e-05,0.237607,0.134693,1.76406,0
11,11,3,10.0,-3.2505e-07,-6.39058e-07,1.51538e-05,0.237254,0.134679,1.76162,0
12,11,3,10.0,-3.58612e-07,-5.98829e-07,1.5527e-05,0.23709,0.134675,1.76046,0
13,11,3,10.0,-3.89483e-07,-5.70242e-07,1.5798e-05,0.237014,0.134674,1.75991,0
14,11,3,10.0,-4.75256e-07,-1.07407e-06,1.60001e-05,0.237607,0.134693,1.76406,0
15,11,3,10.0,-4.8982e-07,-1.01156e-06,1.58181e-05,0.237254,0.134679,1.76162,0
16,11,3,10.0,-5.08705e-07,-1.01625e-06,1.54722e-05,0.23709,0.134675,1.76046,0
17,11,3,10.0,-5.0991e-07,-1.05029e-06,1.49848e-05,0.237014,0.134674,1.75991,0
18,11,3,10.0,-4.61995e-07,-1.11488e-06,1.43556e-05,0.236978,0.134674,1.75965,0
19,11,3,10.0,-4.91574e-07,-1.23183e-06,1.35561e-05,0.236962,0.134674,1.75952,0
20,11,3,10.0,-4.9839e-07,-1.38057e-06,1.25278e-05,0.236954,0.134674,1.75946,0
21,11,3,10.0,-4.89984e-07,-1.59016e-06,1.12285e-05,0.236951,0.134674,1.75944,0
22,11,3,10.0,-4.76987e-07,-1.89356e-06,9.59004e-06,0.236949,0.134674,1.75942,0
23,11,3,10.0,-4.37637e-07,-2.32075e-06,7.53272e-06,0.236948,0.134674,1.75942,0
0,12,3,10.0,-1.07965e-08,-5.02222e-07,9.53654e-06,0.238386,0.134735,1.76929,0
1,12,3,10.0,4.63222e-07,1.57443e-06,9.25024e-06,0.237616,0.134695,1.76411,0
2,12,3,10.0,2.70702e-07,9.65496e-07,9.43128e-06,0.237259,0.13468,1.76164,0
3,12,3,10.0,1.61782e-07,5.20323e-07,9.82182e-06,0.237092,0.134675,1.76047,0
4,12,3,10.0,8.16615e-08,2.09372e-07,1.03513e-05,0.237015,0.134674,1.75992,0
5,12,3,10.0,8.51612e-10,2.15108e-08,1.09414e-05,0.236979,0.134674,1.75965,0
6,12,3,10.0,-8.12561e-08,-1.06315e-07,1.15585e-05,0.236962,0.134674,1.75953,0
7,12,3,10.0,-1.58675e-07,-1.92001e-07,1.21812e-05,0.236954,0.134674,1.75947,0
8,12,3,10.0,-2.34813e-07,-2.19525e-07,1.2814e-05,0.236941,0.134672,1.75939,0
9,12,3,10.0,-1.75217e-07,-2.61241e-07,1.35098e-05,0.238367,0.134731,1.7692,0
10,12,3,10.0,-2.89759e-07,-7.62991e-07,1.41842e-05,0.237607,0.134693,1.76406,0
11,12,3,10.0,-3.75927e-07,-7.21759e-07,1.46927e-05,0.237254,0.134679,1.76162,0
12,12,3,10.0,-3.72204e-07,-6.33244e-07,1.50974e-05,0.23709,0.134675,1.76046,0
13,12,3,10.0,-4.17807e-07,-5.9797e-07,1.54121e-05,0.237014,0.134674,1.75991,0
14,12,3,10.0,-4.77172e-07,-1.15837e-06,1.52162e-05,0.237626,0.134697,1.76416,0
15,12,3,10.0,-4.31196e-07,-1.08017e-06,1.51887e-05,0.23728,0.134684,1.76175,0
16,12,3,10.0,-4.13942e-07,-1.12029e-06,1.50158e-05,0.237119,0.134681,1.76061,0
17,12,3,10.0,-4.44489e-07,-1.09128e-06,1.4893e-05,0.237,0.134671,1.75984,0
18,12,3,10.0,-4.44015e-07,-1.18496e-06,1.43543e-05,0.236972,0.134673,1.75962,0
19,12,3,10.0,-4.92693e-07,-1.2939e-06,1.36129e-05,0.236959,0.134673,1.75951,0
20,12,3,10.0,-4.94807e-07,-1.4348e-06,1.26482e-05,0.236953,0.134674,1.75946,0
21,12,3,10.0,-4.87465e-07,-1.65344e-06,1.14055e-05,0.23695,0.134674,1.75943,0
22,12,3,10.0,-4.87481e-07,-1.9759e-06,9.80002e-06,0.236949,0.134674,1.75942,0
23,12,3,10.0,-4.6378e-07,-2.44703e-06,7.73995e-06,0.236948,0.134674,1.75942,0
0,13,3,10.0,-1.26271e-07,-6.4256e-07,7.65895e-06,0.238386,0.134735,1.76929,0
1,13,3,10.0,3.79897e-07,1.84757e-06,7.44004e-06,0.237616,0.134695,1.76411,0
2,13,3,10.0,3.00351e-07,1.09011e-06,7.62018e-06,0.237258,0.13468,1.76164,0
3,13,3,10.0,1.83594e-07,5.89721e-07,8.0113e-06,0.237092,0.134675,1.76047,0
4,13,3,10.0,2.85426e-08,2.37595e-07,8.54495e-06,0.237015,0.134674,1.75992,0
5,13,3,10.0,-6.80018e-08,1.41439e-09,9.15153e-06,0.236979,0.134674,1.75965,0
6,13,3,10.0,-9.69643e-08,-1.58051e-07,9.77422e-06,0.236962,0.134674,1.75953,0
7,13,3,10.0,-1.38305e-07,-2.68474e-07,1.04186e-05,0.236954,0.134674,1.75947,0
8,13,3,10.0,-1.46144e-07,-3.2285e-07,1.11221e-05,0.236951,0.134674,1.75944,0
9,13,3,10.0,-2.61169e-07,-3.53033e-07,1.18246e-05,0.236958,0.134676,1.75947,0
10,13,3,10.0,-2.52656e-07,-2.68587e-07,1.24511e-05,0.236956,0.134676,1.75946,0
11,13,3,10.0,-2.70121e-07,-3.09782e-07,1.3009e-05,0.236953,0.134675,1.75944,0
12,13,3,10.0,-3.33466e-07,-2.59104e-07,1.34896e-05,0.236951,0.134675,1.75943,0
13,13,3,10.0,-3.80121e-07,-2.07605e-07,1.38792e-05,0.236949,0.134675,1.75942,0
14,13,3,10.0,-3.44096e-07,-6.3819e-07,1.4434e-05,0.237607,0.134693,1.76406,0
15,13,3,10.0,-4.30127e-07,-6.76813e-07,1.45243e-05,0.237255,0.134679,1.76162,0
16,13,3,10.0,-4.24612e-07,-7.58061e-07,1.44909e-05,0.23709,0.134675,1.76046,0
17,13,3,10.0,-4.22358e-07,-8.93702e-07,1.43147e-05,0.237014,0.134674,1.75991,0
18,13,3,10.0,-4.51481e-07,-1.02341e-06,1.39542e-05,0.236979,0.134674,1.75965,0
19,13,3,10.0,-4.51787e-07,-1.18206e-06,1.33951e-05,0.236962,0.134674,1.75952,0
20,13,3,10.0,-4.75969e-07,-1.36008e-06,1.26118e-05,0.236954,0.134674,1.75946,0
21,13,3,10.0,-4.90036e-07,-1.6231e-06,1.15238e-05,0.236951,0.134674,1.75944,0
22,13,3,10.0,-4.99659e-07,-2.01815e-06,1.00372e-05,0.236949,0.134674,1.75942,0
23,13,3,10.0,-4.94262e-07,-2.57476e-06,8.01974e-06,0.236948,0.134674,1.75942,0
0,14,3,10.0,-5.32156e-08,-6.63706e-07,6.5158e-06,0.238386,0.134735,1.76929,0
1,14,3,10.0,4.71273e-07,1.95405e-06,6.37124e-06,0.237616,0.134695,1.76411,0
2,14,3,10.0,3.43711e-07,1.18591e-06,6.58618e-06,0.237259,0.13468,1.76164,0
3,14,3,10.0,1.64957e-07,5.86039e-07,6.99447e-06,0.237092,0.134675,1.76047,0
4,14,3,10.0,8.03652e-08,2.4603e-07,7.53528e-06,0.237015,0.134674,1.75992,0
5,14,3,10.0,-5.10805e-08,-3.37662e-08,8.15749e-06,0.236979,0.134674,1.75965,0
6,14,3,10.0,-7.8687e-08,-1.91491e-07,8.82294e-06,0.236962,0.134674,1.75953,0
7,14,3,10.0,-1.16723e-07,-3.29284e-07,9.50189e-06,0.236954,0.134674,1.75947,0
8,14,3,10.0,-1.87416e-07,-3.76293e-07,1.02052e-05,0.236951,0.134674,1.75944,0
9,14,3,10.0,-2.60889e-07,-3.7007e-07,1.08711e-05,0.236949,0.134674,1.75942,0
10,14,3,10.0,-2.74473e-07,-3.48419e-07,1.14857e-05,0.236948,0.134674,1.75942,0
11,14,3,10.0,-3.11274e-07,-3.39442e-07,1.20506e-05,0.236948,0.134674,1.75941,0
12,14,3,10.0,-3.72333e-07,-2.81652e-07,1.25582e-05,0.236948,0.134674,1.75941,0
13,14,3,10.0,-3.84673e-07,-2.33413e-07,1.30048e-05,0.236948,0.134674,1.75941,0
14,14,3,10.0,-3.90362e-07,-6.49955e-07,1.3715e-05,0.237607,0.134693,1.76406,0
15,14,3,10.0,-4.16629e-07,-6.75687e-07,1.39042e-05,0.237254,0.134679,1.76162,0
16,14,3,10.0,-4.33887e-07,-7.65389e-07,1.39689e-05,0.23709,0.134675,1.76046,0
17,14,3,10.0,-4.75127e-07,-8.89832e-07,1.38821e-05,0.237014,0.134674,1.75991,0
18,14,3,10.0,-4.47296e-07,-1.03904e-06,1.36201e-05,0.236978,0.134674,1.75965,0
19,14,3,10.0,-4.47576e-07,-1.19787e-06,1.31701e-05,0.236962,0.134674,1.75952,0
20,14,3,10.0,-4.66991e-07,-1.39524e-06,1.24757e-05,0.236954,0.134674,1.75946,0
21,14,3,10.0,-4.95071e-07,-1.67958e-06,1.14762e-05,0.236951,0.134674,1.75944,0
22,14,3,10.0,-5.08997e-07,-2.07913e-06,1.00528e-05,0.236949,0.134674,1.75942,0
23,14,3,10.0,-4.84892e-07,-2.66557e-06,8.08013e-06,0.236948,0.134674,1.75942,0
0,15,3,10.0,-1.15874e-07,-7.29196e-07,5.4849e-06,0.238386,0.134735,1.76929,0
1,15,3,10.0,4.86788e-07,2.05001e-06,5.34923e-06,0.237616,0.134695,1.76411,0
2,15,3,10.0,3.12891e-07,1.2033e-06,5.5604e-06,0.237259,0.13468,1.76164,0
3,15,3,10.0,1.93189e-07,6.49941e-07,5.98236e-06,0.237092,0.134675,1.76047,0
4,15,3,10.0,6.46434e-08,1.90977e-07,6.55025e-06,0.237015,0.134674,1.75992,0
5,15,3,10.0,-1.70438e-08,-5.6294e-08,7.1973e-06,0.236979,0.134674,1.75965,0
6,15,3,10.0,-1.10276e-07,-2.41921e-07,7.88022e-06,0.236962,0.134674,1.75953,0
7,15,3,10.0,-1.56708e-07,-3.63835e-07,8.58032e-06,0.236954,0.134674,1.75947,0
8,15,3,10.0,-1.93484e-07,-4.06329e-07,9.27317e-06,0.236951,0.134674,1.75944,0
9,15,3,10.0,-2.4357e-07,-3.84124e-07,9.93484e-06,0.236949,0.134674,1.75942,0
10,15,3,10.0,-2.93882e-07,-3.88192e-07,1.0547e-05,0.236948,0.134674,1.75942,0
11,15,3,10.0,-3.14901e-07,-3.7457e-07,1.11226e-05,0.236948,0.134674,1.75941,0
12,15,3,10.0,-3.54018e-07,-3.23359e-07,1.16578e-05,0.236948,0.134674,1.75941,0
13,15,3,10.0,-4.418e-07,-2.7131e-07,1.21487e-05,0.236948,0.134674,1.75941,0
14,15,3,10.0,-4.58424e-07,-6.56104e-07,1.30185e-05,0.237607,0.134693,1.76406,0
15,15,3,10.0,-4.31288e-07,-6.84146e-07,1.32945e-05,0.237254,0.134679,1.76162,0
16,15,3,10.0,-4.99415e-07,-7.82716e-07,1.34502e-05,0.23709,0.134675,1.76046,0
17,15,3,10.0,-4.47035e-07,-9.11332e-07,1.34385e-05,0.237014,0.134674,1.75991,0
18,15,3,10.0,-4.62856e-07,-1.06125e-06,1.32598e-05,0.236978,0.134674,1.75965,0
19,15,3,10.0,-4.66771e-07,-1.23259e-06,1.28948e-05,0.236962,0.134674,1.75952,0
20,15,3,10.0,-4.80116e-07,-1.44667e-06,1.22868e-05,0.236954,0.134674,1.75946,0
21,15,3,10.0,-4.90511e-07,-1.74348e-06,1.13554e-05,0.236951,0.134674,1.75944,0
22,15,3,10.0,-4.87221e-07,-2.15308e-06,9.99859e-06,0.236949,0.134674,1.75942,0
23,15,3,10.0,-5.01849e-07,-2.76067e-06,8.0754e-06,0.236948,0.134674,1.75942,0
0,16,3,10.0,-1.07333e-07,-7.32535e-07,4.33194e-06,0.238386,0.134735,1.76929,0
1,16,3,10.0,4.41688e-07,2.08205e-06,4.28623e-06,0.237616,0.134695,1.76411,0
2,16,3,10.0,3.62467e-07,1.227e-06,4.52966e-06,0.237258,0.13468,1.76164,0
3,16,3,10.0,2.21565e-07,6.07962e-07,4.97249e-06,0.237092,0.134675,1.76047,0
4,16,3,10.0,6.69857e-08,1.84287e-07,5.5516e-06,0.237015,0.134674,1.75992,0
5,16,3,10.0,-5.05029e-08,-9.24952e-08,6.20419e-06,0.236979,0.134674,1.75965,0
6,16,3,10.0,-5.98531e-08,-2.74636e-07,6.90114e-06,0.236962,0.134674,1.75953,0
7,16,3,10.0,-1.201e-07,-4.02558e-07,7.60233e-06,0.236954,0.134674,1.75947,0
8,16,3,10.0,-2.02064e-07,-4.25068e-07,8.28935e-06,0.236951,0.134674,1.75944,0
9,16,3,10.0,-2.72298e-07,-4.38626e-07,8.94158e-06,0.236949,0.134674,1.75942,0
10,16,3,10.0,-2.41791e-07,-4.12674e-07,9.56645e-06,0.236948,0.134674,1.75942,0
11,16,3,10.0,-2.92899e-07,-4.19138e-07,1.01523e-05,0.236948,0.134674,1.75941,0
12,16,3,10.0,-3.36782e-07,-3.65611e-07,1.07087e-05,0.236948,0.134674,1.75941,0
13,16,3,10.0,-3.38993e-07,-3.08916e-07,1.12356e-05,0.236948,0.134674,1.75941,0
14,16,3,10.0,-4.09316e-07,-6.72914e-07,1.22327e-05,0.237607,0.134693,1.76406,0
15,16,3,10.0,-4.30018e-07,-6.98311e-07,1.25648e-05,0.237254,0.134679,1.76162,0
16,16,3,10.0,-4.73487e-07,-7.77632e-07,1.27779e-05,0.23709,0.134675,1.76046,0
17,16,3,10.0,-4.975e-07,-9.11667e-07,1.28501e-05,0.237014,0.134674,1.75991,0
18,16,3,10.0,-4.34734e-07,-1.07767e-06,1.27619e-05,0.236978,0.134674,1.75965,0
19,16,3,10.0,-4.56642e-07,-1.26082e-06,1.24674e-05,0.236962,0.134674,1.75952,0
20,16,3,10.0,-4.55898e-07,-1.48728e-06,1.19304e-05,0.236954,0.134674,1.75946,0
21,16,3,10.0,-4.57304e-07,-1.79221e-06,1.10737e-05,0.236951,0.134674,1.75944,0
22,16,3,10.0,-4.72749e-07,-2.21067e-06,9.79293e-06,0.236949,0.134674,1.75942,0
23,16,3,10.0,-4.76241e-07,-2.82905e-06,7.94211e-06,0.236948,0.134674,1.75942,0
0,17,3,10.0,-2.31895e-08,-7.06473e-07,3.28042e-06,0.238396,0.134737,1.76934,0
1,17,3,10.0,4.94299e-07,2.02679e-06,3.18023e-06,0.237635,0.134699,1.7642,0
2,17,3,10.0,3.25959e-07,1.18549e-06,3.42052e-06,0.237284,0.134685,1.76177,0
3,17,3,10.0,1.44146e-07,5.64924e-07,3.85913e-06,0.237122,0.134681,1.76062,0
4,17,3,10.0,5.28342e-08,1.1873e-07,4.4177e-06,0.237047,0.13468,1.76007,0
5,17,3,10.0,-4.10702e-08,-1.50482e-07,5.0592e-06,0.237012,0.13468,1.75981,0
6,17,3,10.0,-1.35559e-07,-3.57884e-07,5.74075e-06,0.236996,0.13468,1.75969,0
7,17,3,10.0,-2.15918e-07,-4.91487e-07,6.42698e-06,0.236988,0.13468,1.75964,0
8,17,3,10.0,-2.35997e-07,-5.35369e-07,7.08719e-06,0.236985,0.134681,1.75961,0
9,17,3,10.0,-2.64445e-07,-4.88406e-07,7.7303e-06,0.236983,0.134681,1.75959,0
10,17,3,10.0,-3.45688e-07,-5.20397e-07,8.35128e-06,0.236983,0.134681,1.75959,0
11,17,3,10.0,-3.32406e-07,-5.29504e-07,8.94878e-06,0.236982,0.134681,1.75959,0
12,17,3,10.0,-3.50301e-07,-4.83548e-07,9.51942e-06,0.236982,0.134681,1.75958,0
13,17,3,10.0,-3.62291e-07,-4.06287e-07,1.00722e-05,0.236982,0.134681,1.75958,0
14,17,3,10.0,-4.85124e-07,-8.22531e-07,1.11185e-05,0.237626,0.134697,1.76416,0
15,17,3,10.0,-4.85358e-07,-8.24588e-07,1.14926e-05,0.23728,0.134684,1.76175,0
16,17,3,10.0,-5.15688e-07,-8.56905e-07,1.174e-05,0.23711,0.134679,1.76056,0
17,17,3,10.0,-5.37248e-07,-9.89125e-07,1.18796e-05,0.238377,0.134733,1.76925,0
18,17,3,10.0,-5.15765e-07,-1.26685e-06,1.19095e-05,0.237626,0.134697,1.76416,0
19,17,3,10.0,-4.6656e-07,-1.43753e-06,1.17038e-05,0.23728,0.134684,1.76175,0
20,17,3,10.0,-4.55477e-07,-1.66017e-06,1.12386e-05,0.237119,0.134681,1.76061,0
21,17,3,10.0,-4.77524e-07,-1.95611e-06,1.04646e-05,0.237046,0.13468,1.76007,0
22,17,3,10.0,-4.83108e-07,-2.35795e-06,9.27855e-06,0.237011,0.13468,1.75981,0
23,17,3,10.0,-5.0852e-07,-2.95143e-06,7.55711e-06,0.236996,0.13468,1.75969,0
0,18,3,10.0,-1.76399e-07,-6.83797e-07,2.13747e-06,0.238386,0.134735,1.76929,0
1,18,3,10.0,4.93236e-07,1.99706e-06,1.9844e-06,0.237616,0.134695,1.76411,0
2,18,3,10.0,2.78483e-07,1.2238e-06,2.18687e-06,0.237259,0.13468,1.76165,0
3,18,3,10.0,1.45149e-07,6.21049e-07,2.58163e-06,0.237092,0.134675,1.76047,0
4,18,3,10.0,1.65823e-08,2.0524e-07,3.11048e-06,0.237015,0.134674,1.75992,0
5,18,3,10.0,-8.91722e-08,-4.64202e-08,3.7055e-06,0.236979,0.134674,1.75965,0
6,18,3,10.0,-1.85973e-07,-2.24868e-07,4.32948e-06,0.236963,0.134674,1.75953,0
7,18,3,10.0,-2.26449e-07,-3.4495e-07,4.96318e-06,0.236955,0.134674,1.75947,0
8,18,3,10.0,-2.80292e-07,-3.89436e-07,5.6005e-06,0.236951,0.134674,1.75944,0
9,18,3,10.0,-3.16714e-07,-3.52437e-07,6.21651e-06,0.236949,0.134674,1.75942,0
10,18,3,10.0,-3.44948e-07,-3.82343e-07,6.81182e-06,0.236949,0.134674,1.75942,0
11,18,3,10.0,-3.75911e-07,-4.00013e-07,7.39699e-06,0.236948,0.134675,1.75942,0
12,18,3,10.0,-3.67103e-07,-3.79892e-07,7.96926e-06,0.236948,0.134675,1.75941,0
13,18,3,10.0,-4.10941e-07,-3.23859e-07,8.51165e-06,0.236948,0.134675,1.75941,0
14,18,3,10.0,-5.08324e-07,-6.69356e-07,9.54207e-06,0.237607,0.134693,1.76406,0
15,18,3,10.0,-5.47379e-07,-6.87311e-07,9.92549e-06,0.237255,0.134679,1.76162,0
16,18,3,10.0,-5.47123e-07,-7.10955e-07,1.01984e-05,0.23708,0.134673,1.76042,0
17,18,3,10.0,-5.18267e-07,-8.50216e-07,1.03997e-05,0.238367,0.134731,1.7692,0
18,18,3,10.0,-5.36945e-07,-1.16029e-06,1.05073e-05,0.237607,0.134693,1.76406,0
19,18,3,10.0,-5.39924e-07,-1.34602e-06,1.03849e-05,0.237255,0.134679,1.76162,0
20,18,3,10.0,-5.17706e-07,-1.58377e-06,1.00217e-05,0.23709,0.134675,1.76046,0
21,18,3,10.0,-4.94132e-07,-1.8877e-06,9.35709e-06,0.237014,0.134674,1.75991,0
22,18,3,10.0,-5.15044e-07,-2.29575e-06,8.31819e-06,0.236979,0.134674,1.75965,0
23,18,3,10.0,-5.77542e-07,-2.87225e-06,6.7823e-06,0.236962,0.134674,1.75953,0
0,19,3,10.0,-1.57507e-07,-6.08702e-07,8.11665e-07,0.238386,0.134735,1.76929,0
1,19,3,10.0,4.75332e-07,1.91582e-06,7.1148e-07,0.237616,0.134695,1.76411,0
2,19,3,10.0,3.25433e-07,1.171e-06,8.91755e-07,0.237259,0.13468,1.76164,0
3,19,3,10.0,1.50991e-07,6.02812e-07,1.23921e-06,0.237092,0.134675,1.76047,0
4,19,3,10.0,-2.10669e-08,2.11997e-07,1.70051e-06,0.237015,0.134674,1.75992,0
5,19,3,10.0,-1.14305e-07,-2.06711e-08,2.22757e-06,0.236979,0.134674,1.75965,0
6,19,3,10.0,-1.33697e-07,-1.84189e-07,2.78979e-06,0.236962,0.134674,1.75953,0
7,19,3,10.0,-2.00592e-07,-3.04103e-07,3.36717e-06,0.236954,0.134674,1.75947,0
8,19,3,10.0,-2.86203e-07,-3.41817e-07,3.94635e-06,0.236951,0.134674,1.75944,0
9,19,3,10.0,-3.13599e-07,-3.32681e-07,4.52885e-06,0.236949,0.134674,1.75942,0
10,19,3,10.0,-2.84971e-07,-3.48713e-07,5.09909e-06,0.236948,0.134674,1.75942,0
11,19,3,10.0,-3.17295e-07,-3.82398e-07,5.65766e-06,0.236948,0.134674,1.75941,0
12,19,3,10.0,-3.61843e-07,-3.78729e-07,6.19816e-06,0.236948,0.134674,1.75941,0
13,19,3,10.0,-3.48157e-07,-3.20013e-07,6.72134e-06,0.236948,0.134674,1.75941,0
14,19,3,10.0,-4.6052e-07,-6.56482e-07,7.71651e-06,0.237607,0.134693,1.76406,0
15,19,3,10.0,-4.68612e-07,-6.56598e-07,8.10158e-06,0.237254,0.134679,1.76162,0
16,19,3,10.0,-4.43041e-07,-6.71033e-07,8.40448e-06,0.23708,0.134673,1.76041,0
17,19,3,10.0,-4.72882e-07,-7.93823e-07,8.64387e-06,0.238367,0.134731,1.7692,0
18,19,3,10.0,-4.45686e-07,-1.08567e-06,8.79791e-06,0.237607,0.134693,1.76406,0
19,19,3,10.0,-4.52553e-07,-1.28053e-06,8.75652e-06,0.237254,0.134679,1.76162,0
20,19,3,10.0,-4.40231e-07,-1.5256e-06,8.49637e-06,0.23709,0.134675,1.76046,0
21,19,3,10.0,-4.365e-07,-1.83268e-06,7.97244e-06,0.237014,0.134674,1.75991,0
22,19,3,10.0,-4.67964e-07,-2.23071e-06,7.09936e-06,0.236978,0.134674,1.75965,0
23,19,3,10.0,-5.27189e-07,-2.77946e-06,5.79089e-06,0.236962,0.134674,1.75952,0
0,20,3,10.0,-1.6702e-07,-5.59097e-07,-4.51116e-07,0.238386,0.134735,1.76929,0
1,20,3,10.0,5.02705e-07,1.79022e-06,-5.32899e-07,0.237616,0.134695,1.76411,0
2,20,3,10.0,2.44584e-07,1.10961e-06,-3.78347e-07,0.237258,0.13468,1.76164,0
3,20,3,10.0,1.13448e-07,6.12846e-07,-8.09586e-08,0.237092,0.134675,1.76047,0
4,20,3,10.0,-7.76689e-09,2.30752e-07,3.0928e-07,0.237015,0.134674,1.75992,0
5,20,3,10.0,-6.78267e-08,1.10754e-08,7.68872e-07,0.236979,0.134674,1.75965,0
6,20,3,10.0,-1.8252e-07,-1.44108e-07,1.26858e-06,0.236962,0.134674,1.75953,0
7,20,3,10.0,-2.25633e-07,-2.27478e-07,1.7779e-06,0.236954,0.134674,1.75947,0
8,20,3,10.0,-2.46677e-07,-2.97178e-07,2.30519e-06,0.236951,0.134674,1.75944,0
9,20,3,10.0,-2.50762e-07,-2.93811e-07,2.84362e-06,0.236949,0.134674,1.75942,0
10,20,3,10.0,-3.13172e-07,-3.19627e-07,3.38174e-06,0.236948,0.134674,1.75942,0
11,20,3,10.0,-3.24669e-07,-3.44453e-07,3.90099e-06,0.236948,0.134674,1.75941,0
12,20,3,10.0,-3.02116e-07,-3.73321e-07,4.4115e-06,0.236948,0.134674,1.75941,0
13,20,3,10.0,-3.18134e-07,-3.29316e-07,4.91343e-06,0.236948,0.134674,1.75941,0
14,20,3,10.0,-4.16521e-07,-6.29013e-07,5.87873e-06,0.237607,0.134693,1.76406,0
15,20,3,10.0,-4.23179e-07,-6.24569e-07,6.27889e-06,0.237254,0.134679,1.76162,0
16,20,3,10.0,-4.04484e-07,-6.40983e-07,6.6175e-06,0.23708,0.134673,1.76041,0
17,20,3,10.0,-3.77786e-07,-7.53938e-07,6.89647e-06,0.238367,0.134731,1.7692,0
18,20,3,10.0,-4.23267e-07,-1.0153e-06,7.10171e-06,0.237607,0.134693,1.76406,0
19,20,3,10.0,-3.96194e-07,-1.20393e-06,7.13682e-06,0.237254,0.134679,1.76162,0
20,20,3,10.0,-3.92797e-07,-1.44667e-06,6.98076e-06,0.23709,0.134675,1.76046,0
21,20,3,10.0,-4.0488e-07,-1.74695e-06,6.58664e-06,0.237014,0.134674,1.75991,0
22,20,3,10.0,-4.29085e-07,-2.12889e-06,5.88801e-06,0.236978,0.134674,1.75965,0
23,20,3,10.0,-5.12764e-07,-2.63749e-06,4.81198e-06,0.236962,0.134674,1.75952,0
0,21,3,10.0,-1.39636e-07,-4.82079e-07,-1.62557e-06,0.238386,0.134735,1.76929,0
1,21,3,10.0,3.92977e-07,1.66167e-06,-1.68904e-06,0.237616,0.134695,1.76411,0
2,21,3,10.0,2.33205e-07,1.04227e-06,-1.56651e-06,0.237259,0.13468,1.76164,0
3,21,3,10.0,8.0239e-08,5.80631e-07,-1.31407e-06,0.237092,0.134675,1.76047,0
4,21,3,10.0,-2.47912e-08,2.52259e-07,-9.76502e-07,0.237015,0.134674,1.75992,0
5,21,3,10.0,-1.13461e-07,4.23854e-08,-5.78784e-07,0.236979,0.134674,1.75965,0
6,21,3,10.0,-1.54417e-07,-8.6452e-08,-1.49231e-07,0.236962,0.134674,1.75953,0
7,21,3,10.0,-1.94345e-07,-2.00858e-07,3.09206e-07,0.236954,0.134674,1.75947,0
8,21,3,10.0,-2.2492e-07,-2.36823e-07,7.89747e-07,0.236951,0.134674,1.75944,0
9,21,3,10.0,-2.63289e-07,-2.62595e-07,1.28143e-06,0.236949,0.134674,1.75942,0
10,21,3,10.0,-2.62423e-07,-2.73805e-07,1.7673e-06,0.236948,0.134674,1.75942,0
11,21,3,10.0,-2.73267e-07,-3.2215e-07,2.25332e-06,0.236948,0.134674,1.75941,0
12,21,3,10.0,-2.95075e-07,-3.45004e-07,2.74214e-06,0.236948,0.134674,1.75941,0
13,21,3,10.0,-2.80567e-07,-3.19722e-07,3.22174e-06,0.236948,0.134674,1.75941,0
14,21,3,10.0,-3.72401e-07,-5.9912e-07,4.17198e-06,0.237607,0.134693,1.76406,0
15,21,3,10.0,-3.57153e-07,-5.87318e-07,4.59408e-06,0.237254,0.134679,1.76162,0
16,21,3,10.0,-3.50196e-07,-6.15076e-07,4.96861e-06,0.23708,0.134673,1.76041,0
17,21,3,10.0,-3.63657e-07,-7.18141e-07,5.29476e-06,0.238367,0.134731,1.7692,0
18,21,3,10.0,-3.33258e-07,-9.47171e-07,5.55337e-06,0.237607,0.134693,1.76406,0
19,21,3,10.0,-3.38863e-07,-1.12929e-06,5.663e-06,0.237254,0.134679,1.76162,0
20,21,3,10.0,-3.46679e-07,-1.36223e-06,5.6021e-06,0.23709,0.134675,1.76046,0
21,21,3,10.0,-3.60463e-07,-1.64951e-06,5.32497e-06,0.237014,0.134674,1.75991,0
22,21,3,10.0,-3.99446e-07,-2.01278e-06,4.78876e-06,0.236978,0.134674,1.75965,0
23,21,3,10.0,-4.62511e-07,-2.48188e-06,3.92684e-06,0.236962,0.134674,1.75952,0
0,22,3,10.0,-1.34429e-07,-4.41816e-07,-2.64191e-06,0.238386,0.134735,1.76929,0
1,22,3,10.0,3.04896e-07,1.55935e-06,-2.70533e-06,0.237616,0.134695,1.76411,0
2,22,3,10.0,1.82329e-07,9.99154e-07,-2.5942e-06,0.237259,0.13468,1.76164,0
3,22,3,10.0,4.46654e-08,5.76556e-07,-2.38174e-06,0.237092,0.134675,1.76047,0
4,22,3,10.0,-5.69853e-08,2.82949e-07,-2.09342e-06,0.237015,0.134674,1.75992,0
5,22,3,10.0,-1.23729e-07,8.41654e-08,-1.75019e-06,0.236979,0.134674,1.75965,0
6,22,3,10.0,-1.40818e-07,-4.55424e-08,-1.36438e-06,0.236962,0.134674,1.75953,0
7,22,3,10.0,-1.83294e-07,-1.49758e-07,-9.50601e-07,0.236954,0.134674,1.75947,0
8,22,3,10.0,-2.19017e-07,-1.85731e-07,-5.19433e-07,0.236951,0.134674,1.75944,0
9,22,3,10.0,-2.42423e-07,-2.13997e-07,-7.55369e-08,0.236949,0.134674,1.75942,0
10,22,3,10.0,-2.28508e-07,-2.40185e-07,3.75674e-07,0.236948,0.134674,1.75942,0
11,22,3,10.0,-2.50144e-07,-2.83459e-07,8.31106e-07,0.236948,0.134674,1.75941,0
12,22,3,10.0,-2.74182e-07,-2.83308e-07,1.2855e-06,0.236948,0.134674,1.75941,0
13,22,3,10.0,-2.59981e-07,-3.13296e-07,1.74091e-06,0.236947,0.134676,1.75939,0
14,22,3,10.0,-3.12413e-07,-5.42119e-07,2.68946e-06,0.237603,0.134692,1.76404,0
15,22,3,10.0,-3.25421e-07,-5.54801e-07,3.13853e-06,0.237251,0.134679,1.76161,0
16,22,3,10.0,-2.98045e-07,-5.70656e-07,3.54688e-06,0.237078,0.134673,1.76041,0
17,22,3,10.0,-3.12027e-07,-6.85393e-07,3.90866e-06,0.238367,0.134731,1.7692,0
18,22,3,10.0,-3.0055e-07,-9.25954e-07,4.21579e-06,0.237607,0.134693,1.76406,0
19,22,3,10.0,-3.10521e-07,-1.08704e-06,4.38876e-06,0.237254,0.134679,1.76162,0
20,22,3,10.0,-3.18328e-07,-1.29952e-06,4.40152e-06,0.23709,0.134675,1.76046,0
21,22,3,10.0,-3.33295e-07,-1.5687e-06,4.22986e-06,0.237014,0.134674,1.75991,0
22,22,3,10.0,-3.64509e-07,-1.90717e-06,3.82851e-06,0.236978,0.134674,1.75965,0
23,22,3,10.0,-4.2314e-07,-2.34035e-06,3.15775e-06,0.236962,0.134674,1.75952,0
0,23,3,10.0,-1.09216e-07,-3.97191e-07,-3.46066e-06,0.238386,0.134735,1.76929,0
1,23,3,10.0,2.2555e-07,1.48586e-06,-3.49852e-06,0.237616,0.134695,1.76411,0
2,23,3,10.0,8.25953e-08,9.8169e-07,-3.39899e-06,0.237259,0.13468,1.76164,0
3,23,3,10.0,-3.77437e-09,6.0268e-07,-3.21412e-06,0.237092,0.134675,1.76047,0
4,23,3,10.0,-7.31367e-08,3.19043e-07,-2.96419e-06,0.237015,0.134674,1.75992,0
5,23,3,10.0,-1.02649e-07,1.45009e-07,-2.65913e-06,0.236979,0.134674,1.75965,0
6,23,3,10.0,-1.57199e-07,8.97747e-09,-2.31077e-06,0.236962,0.134674,1.75953,0
7,23,3,10.0,-1.81784e-07,-7.00306e-08,-1.9379e-06,0.236954,0.134674,1.75947,0
8,23,3,10.0,-1.96794e-07,-1.33211e-07,-1.54442e-06,0.236951,0.134674,1.75944,0
9,23,3,10.0,-1.93759e-07,-1.54972e-07,-1.13559e-06,0.236949,0.134674,1.75942,0
10,23,3,10.0,-2.22463e-07,-1.8451e-07,-7.15423e-07,0.236948,0.134674,1.75942,0
11,23,3,10.0,-2.3737e-07,-2.19677e-07,-2.88944e-07,0.236948,0.134674,1.75941,0
12,23,3,10.0,-2.26046e-07,-2.33073e-07,1.44408e-07,0.236948,0.134674,1.75941,0
13,23,3,10.0,-2.34063e-07,-2.48847e-07,5.78219e-07,0.236947,0.134676,1.75939,0
14,23,3,10.0,-2.82899e-07,-4.8886e-07,1.52404e-06,0.237603,0.134692,1.76404,0
15,23,3,10.0,-2.67561e-07,-4.8957e-07,1.99294e-06,0.237251,0.134679,1.76161,0
16,23,3,10.0,-2.56308e-07,-5.38141e-07,2.4294e-06,0.237078,0.134673,1.7604,0
17,23,3,10.0,-2.35175e-07,-6.37701e-07,2.82599e-06,0.238367,0.134731,1.7692,0
18,23,3,10.0,-2.50511e-07,-8.68864e-07,3.16095e-06,0.237607,0.134693,1.76406,0
19,23,3,10.0,-2.57388e-07,-1.01509e-06,3.3723e-06,0.237254,0.134679,1.76162,0
20,23,3,10.0,-2.67307e-07,-1.21147e-06,3.44152e-06,0.23709,0.134675,1.76046,0
21,23,3,10.0,-2.80635e-07,-1.46327e-06,3.34519e-06,0.237014,0.134674,1.75991,0
22,23,3,10.0,-3.03352e-07,-1.78463e-06,3.05228e-06,0.236978,0.134674,1.75965,0
23,23,3,10.0,-3.50997e-07,-2.18892e-06,2.5285e-06,0.236962,0.134674,1.75952,0
0,0,4,10.0,-3.43168e-09,-2.2885e-07,1.10085e-05,0.238382,0.134756,1.76899,0
1,0,4,10.0,1.03587e-08,2.5891e-07,1.10158e-05,0.237607,0.134725,1.76365,0
2,0,4,10.0,3.67102e-09,2.28303e-08,1.10863e-05,0.237245,0.134713,1.76111,0
3,0,4,10.0,1.05035e-09,-1.54146e-07,1.12201e-05,0.237076,0.134709,1.75991,0
4,0,4,10.0,-1.8591e-09,-2.80755e-07,1.13999e-05,0.236997,0.134708,1.75934,0
5,0,4,10.0,-5.44981e-09,-3.83073e-07,1.1613e-05,0.23696,0.134708,1.75906,0
6,0,4,10.0,-7.49654e-09,-4.68162e-07,1.18369e-05,0.236943,0.134708,1.75894,0
7,0,4,10.0,-1.08013e-08,-5.40552e-07,1.20519e-05,0.236935,0.134708,1.75887,0
8,0,4,10.0,-1.49187e-08,-6.00265e-07,1.22372e-05,0.236931,0.134708,1.75885,0
9,0,4,10.0,-1.59379e-08,-6.55583e-07,1.23754e-05,0.236929,0.134708,1.75883,0
10,0,4,10.0,-1.63188e-08,-7.08697e-07,1.24521e-05,0.236929,0.134709,1.75883,0
11,0,4,10.0,-2.38836e-08,-7.80271e-07,1.24609e-05,0.236928,0.134709,1.75882,0
12,0,4,10.0,-9.38647e-09,-8.56028e-07,1.23965e-05,0.236928,0.134709,1.75882,0
13,0,4,10.0,-1.58867e-08,-9.12848e-07,1.22641e-05,0.236928,0.134709,1.75882,0
14,0,4,10.0,-7.97496e-09,-1.15176e-06,1.17513e-05,0.237597,0.134723,1.76359,0
15,0,4,10.0,-2.26593e-08,-1.15873e-06,1.1341e-05,0.23724,0.134712,1.76109,0
16,0,4,10.0,-1.44796e-08,-1.18049e-06,1.08179e-05,0.237074,0.134709,1.7599,0
17,0,4,10.0,-1.1881e-08,-1.20243e-06,1.01755e-05,0.236996,0.134708,1.75933,0
18,0,4,10.0,-1.73368e-08,-1.21703e-06,9.41842e-06,0.23696,0.134708,1.75906,0
19,0,4,10.0,-2.16465e-08,-1.2553e-06,8.53451e-06,0.236943,0.134708,1.75893,0
20,0,4,10.0,-1.82965e-08,-1.31751e-06,7.52786e-06,0.236935,0.134708,1.75887,0
21,0,4,10.0,-1.36316e-08,-1.40067e-06,6.39958e-06,0.236931,0.134708,1.75885,0
22,0,4,10.0,-1.84743e-08,-1.50101e-06,5.1492e-06,0.23693,0.134708,1.75883,0
23,0,4,10.0,-2.28291e-08,-1.6161e-06,3.78014e-06,0.236929,0.134709,1.75883,0
0,1,4,10.0,-7.53007e-09,-1.66253e-07,1.09478e-05,0.238393,0.134758,1.76905,0
1,1,4,10.0,5.8428e-08,6.66023e-07,1.09488e-05,0.237627,0.134727,1.76376,0
2,1,4,10.0,4.34331e-08,4.65452e-07,1.10159e-05,0.237271,0.134717,1.76126,0
3,1,4,10.0,3.22945e-08,3.24303e-07,1.11444e-05,0.237107,0.134713,1.76008,0
4,1,4,10.0,2.23784e-08,2.25562e-07,1.13183e-05,0.23703,0.134713,1.75952,0
5,1,4,10.0,1.34472e-08,1.54552e-07,1.15221e-05,0.236995,0.134713,1.75926,0
6,1,4,10.0,4.85745e-09,1.00763e-07,1.17367e-05,0.236979,0.134713,1.75914,0
7,1,4,10.0,-5.59388e-09,6.03308e-08,1.19419e-05,0.236971,0.134713,1.75908,0
8,1,4,10.0,-1.64503e-08,3.14807e-08,1.21193e-05,0.236967,0.134713,1.75905,0
9,1,4,10.0,-2.35038e-08,1.20682e-08,1.2254e-05,0.236966,0.134713,1.75904,0
10,1,4,10.0,-3.31368e-08,-1.16487e-08,1.23333e-05,0.236965,0.134713,1.75903,0
11,1,4,10.0,-2.46872e-08,-4.64944e-08,1.23476e-05,0.236965,0.134713,1.75903,0
12,1,4,10.0,-2.97572e-08,-9.80461e-08,1.22962e-05,0.236965,0.134713,1.75903,0
13,1,4,10.0,-3.37826e-08,-1.32789e-07,1.21696e-05,0.236964,0.134713,1.75903,0
14,1,4,10.0,-4.59451e-08,-3.98321e-07,1.16737e-05,0.237617,0.134726,1.76371,0
15,1,4,10.0,-5.77295e-08,-4.10602e-07,1.12722e-05,0.237267,0.134716,1.76124,0
16,1,4,10.0,-7.69715e-08,-4.43266e-07,1.07597e-05,0.237105,0.134713,1.76007,0
17,1,4,10.0,-6.17322e-08,-4.85775e-07,1.0134e-05,0.237029,0.134713,1.75952,0
18,1,4,10.0,-8.02064e-08,-5.3882e-07,9.39065e-06,0.236995,0.134713,1.75926,0
19,1,4,10.0,-6.49882e-08,-6.22401e-07,8.52619e-06,0.236978,0.134713,1.75914,0
20,1,4,10.0,-6.64509e-08,-7.47568e-07,7.53649e-06,0.236971,0.134713,1.75908,0
21,1,4,10.0,-7.52799e-08,-9.09661e-07,6.42281e-06,0.236967,0.134713,1.75905,0
22,1,4,10.0,-7.52783e-08,-1.1071e-06,5.18188e-06,0.236966,0.134713,1.75904,0
23,1,4,10.0,-7.64289e-08,-1.34943e-06,3.81852e-06,0.236965,0.134713,1.75903,0
0,2,4,10.0,-1.33006e-08,-1.71832e-07,1.08086e-05,0.238393,0.134758,1.76905,0
1,2,4,10.0,9.86645e-08,6.74549e-07,1.08055e-05,0.237627,0.134727,1.76376,0
2,2,4,10.0,7.38094e-08,4.66555e-07,1.08718e-05,0.237272,0.134717,1.76126,0
3,2,4,10.0,5.15557e-08,3.17419e-07,1.09973e-05,0.237107,0.134714,1.76008,0
4,2,4,10.0,3.10728e-08,2.12033e-07,1.11673e-05,0.237031,0.134713,1.75953,0
5,2,4,10.0,1.18733e-08,1.35628e-07,1.1366e-05,0.236995,0.134713,1.75926,0
6,2,4,10.0,-7.96331e-09,7.90226e-08,1.15745e-05,0.236979,0.134713,1.75914,0
7,2,4,10.0,-2.86654e-08,3.68984e-08,1.17734e-05,0.236971,0.134713,1.75908,0
8,2,4,10.0,-4.76237e-08,8.03417e-09,1.19468e-05,0.236968,0.134713,1.75905,0
9,2,4,10.0,-6.2968e-08,-1.42899e-08,1.20818e-05,0.236966,0.134713,1.75904,0
10,2,4,10.0,-7.31885e-08,-3.355e-08,1.21668e-05,0.236965,0.134713,1.75903,0
11,2,4,10.0,-6.69685e-08,-7.58054e-08,1.21963e-05,0.236965,0.134713,1.75903,0
12,2,4,10.0,-8.3228e-08,-1.15851e-07,1.21555e-05,0.236965,0.134714,1.75903,0
13,2,4,10.0,-8.03285e-08,-1.61983e-07,1.20429e-05,0.236965,0.134714,1.75903,0
14,2,4,10.0,-1.17822e-07,-4.39167e-07,1.15708e-05,0.237617,0.134726,1.76371,0
15,2,4,10.0,-1.20778e-07,-4.49405e-07,1.11814e-05,0.237267,0.134716,1.76124,0
16,2,4,10.0,-1.23635e-07,-4.83251e-07,1.06823e-05,0.237105,0.134713,1.76007,0
17,2,4,10.0,-1.30373e-07,-5.28049e-07,1.0076e-05,0.23703,0.134713,1.75952,0
18,2,4,10.0,-1.33231e-07,-5.81712e-07,9.35215e-06,0.236995,0.134713,1.75926,0
19,2,4,10.0,-1.26181e-07,-6.65443e-07,8.51119e-06,0.236979,0.134713,1.75914,0
20,2,4,10.0,-1.26698e-07,-7.92121e-07,7.54293e-06,0.236971,0.134713,1.75908,0
21,2,4,10.0,-1.27493e-07,-9.56367e-07,6.44511e-06,0.236968,0.134713,1.75905,0
22,2,4,10.0,-1.25833e-07,-1.15249e-06,5.2199e-06,0.236966,0.134713,1.75904,0
23,2,4,10.0,-1.25278e-07,-1.38911e-06,3.86507e-06,0.236965,0.134713,1.75903,0
0,3,4,10.0,-1.8493e-08,-1.83188e-07,1.05878e-05,0.238393,0.134758,1.76905,0
1,3,4,10.0,1.3834e-07,7.00203e-07,1.05808e-05,0.237627,0.134727,1.76376,0
2,3,4,10.0,1.03683e-07,4.77329e-07,1.06476e-05,0.237272,0.134717,1.76126,0
3,3,4,10.0,7.22347e-08,3.14463e-07,1.07729e-05,0.237107,0.134714,1.76008,0
4,3,4,10.0,4.3404e-08,1.96841e-07,1.09424e-05,0.237031,0.134713,1.75953,0
5,3,4,10.0,1.5021e-08,1.13015e-07,1.11396e-05,0.236995,0.134713,1.75926,0
6,3,4,10.0,-1.38874e-08,5.10828e-08,1.13463e-05,0.236979,0.134713,1.75914,0
7,3,4,10.0,-4.21569e-08,6.7993e-09,1.15445e-05,0.236971,0.134713,1.75908,0
8,3,4,10.0,-6.81104e-08,-2.51805e-08,1.17194e-05,0.236968,0.134713,1.75905,0
9,3,4,10.0,-8.9275e-08,-4.54766e-08,1.18599e-05,0.236966,0.134713,1.75904,0
10,3,4,10.0,-9.92048e-08,-7.25908e-08,1.19569e-05,0.236965,0.134713,1.75903,0
11,3,4,10.0,-1.19156e-07,-9.7275e-08,1.20017e-05,0.236965,0.134713,1.75903,0
12,3,4,10.0,-1.11293e-07,-1.61277e-07,1.19814e-05,0.236965,0.134714,1.75903,0
13,3,4,10.0,-1.32109e-07,-1.84561e-07,1.18871e-05,0.236965,0.134714,1.75903,0
14,3,4,10.0,-1.55138e-07,-4.80588e-07,1.14504e-05,0.237617,0.134726,1.76371,0
15,3,4,10.0,-1.58082e-07,-4.91001e-07,1.10787e-05,0.237267,0.134716,1.76124,0
16,3,4,10.0,-1.73132e-07,-5.27153e-07,1.05982e-05,0.237105,0.134713,1.76007,0
17,3,4,10.0,-1.9418e-07,-5.72178e-07,1.00092e-05,0.23703,0.134713,1.75952,0
18,3,4,10.0,-1.83937e-07,-6.26573e-07,9.30944e-06,0.236995,0.134713,1.75926,0
19,3,4,10.0,-1.92855e-07,-7.1288e-07,8.49066e-06,0.236979,0.134713,1.75914,0
20,3,4,10.0,-1.8436e-07,-8.41291e-07,7.54435e-06,0.236971,0.134713,1.75908,0
21,3,4,10.0,-1.77616e-07,-1.00673e-06,6.46923e-06,0.236968,0.134713,1.75905,0
22,3,4,10.0,-1.83004e-07,-1.20385e-06,5.26051e-06,0.236966,0.134713,1.75904,0
23,3,4,10.0,-1.76e-07,-1.44025e-06,3.91654e-06,0.236965,0.134713,1.75903,0
0,4,4,10.0,-2.27935e-08,-2.01579e-07,1.02888e-05,0.238393,0.134758,1.76905,0
1,4,4,10.0,1.75214e-07,7.46336e-07,1.02801e-05,0.237627,0.134727,1.76376,0
2,4,4,10.0,1.3085e-07,5.01845e-07,1.03494e-05,0.237272,0.134717,1.76126,0
3,4,4,10.0,9.1546e-08,3.20266e-07,1.0479e-05,0.237107,0.134714,1.76008,0
4,4,4,10.0,5.49768e-08,1.88629e-07,1.06535e-05,0.237031,0.134713,1.75953,0
5,4,4,10.0,1.86407e-08,9.33941e-08,1.0856e-05,0.236995,0.134713,1.75926,0
6,4,4,10.0,-1.79097e-08,2.60542e-08,1.10679e-05,0.236979,0.134713,1.75914,0
7,4,4,10.0,-5.32365e-08,-2.18188e-08,1.12725e-05,0.236971,0.134713,1.75908,0
8,4,4,10.0,-8.50406e-08,-5.36065e-08,1.14559e-05,0.236968,0.134713,1.75905,0
9,4,4,10.0,-1.12028e-07,-7.78264e-08,1.16076e-05,0.236966,0.134713,1.75904,0
10,4,4,10.0,-1.3281e-07,-9.82479e-08,1.17195e-05,0.236965,0.134713,1.75903,0
11,4,4,10.0,-1.45769e-07,-1.36384e-07,1.17829e-05,0.236965,0.134713,1.75903,0
12,4,4,10.0,-1.60558e-07,-1.74738e-07,1.17853e-05,0.236965,0.134714,1.75903,0
13,4,4,10.0,-1.66804e-07,-2.16664e-07,1.1714e-05,0.236965,0.134714,1.75903,0
14,4,4,10.0,-2.00108e-07,-5.07313e-07,1.13242e-05,0.237617,0.134726,1.76371,0
15,4,4,10.0,-2.15493e-07,-5.25992e-07,1.09734e-05,0.237267,0.134716,1.76124,0
16,4,4,10.0,-2.39007e-07,-5.66434e-07,1.05124e-05,0.237105,0.134713,1.76007,0
17,4,4,10.0,-2.43987e-07,-6.15992e-07,9.94017e-06,0.23703,0.134713,1.75952,0
18,4,4,10.0,-2.55367e-07,-6.71047e-07,9.26254e-06,0.236995,0.134713,1.75926,0
19,4,4,10.0,-2.46599e-07,-7.59399e-07,8.46571e-06,0.236979,0.134713,1.75914,0
20,4,4,10.0,-2.4198e-07,-8.91638e-07,7.54348e-06,0.236971,0.134713,1.75908,0
21,4,4,10.0,-2.4554e-07,-1.06185e-06,6.48939e-06,0.236968,0.134713,1.75905,0
22,4,4,10.0,-2.37819e-07,-1.2655e-06,5.29777e-06,0.236966,0.134713,1.75904,0
23,4,4,10.0,-2.30268e-07,-1.50647e-06,3.96442e-06,0.236965,0.134713,1.75903,0
0,5,4,10.0,-2.62953e-08,-2.27995e-07,9.91604e-06,0.238393,0.134758,1.76905,0
1,5,4,10.0,2.10556e-07,8.17565e-07,9.9077e-06,0.237627,0.134727,1.76376,0
2,5,4,10.0,1.57229e-07,5.40397e-07,9.98218e-06,0.237272,0.134717,1.76126,0
3,5,4,10.0,1.10489e-07,3.3369e-07,1.01218e-05,0.237107,0.134714,1.76008,0
4,5,4,10.0,6.59569e-08,1.82657e-07,1.03095e-05,0.237031,0.134713,1.75953,0
5,5,4,10.0,2.31663e-08,7.61445e-08,1.05262e-05,0.236995,0.134713,1.75926,0
6,5,4,10.0,-2.0351e-08,9.566e-10,1.07522e-05,0.236979,0.134713,1.75914,0
7,5,4,10.0,-6.20328e-08,-4.9242e-08,1.09712e-05,0.236971,0.134713,1.75908,0
8,5,4,10.0,-1.00108e-07,-8.38419e-08,1.11697e-05,0.236968,0.134713,1.75905,0
9,5,4,10.0,-1.32701e-07,-1.0681e-07,1.13369e-05,0.236966,0.134713,1.75904,0
10,5,4,10.0,-1.59645e-07,-1.30792e-07,1.1466e-05,0.236965,0.134713,1.75903,0
11,5,4,10.0,-1.83116e-07,-1.5743e-07,1.15493e-05,0.236965,0.134713,1.75903,0
12,5,4,10.0,-1.97374e-07,-2.00879e-07,1.15743e-05,0.236965,0.134714,1.75903,0
13,5,4,10.0,-2.1531e-07,-2.33046e-07,1.15279e-05,0.236965,0.134714,1.75903,0
14,5,4,10.0,-2.45435e-07,-5.40433e-07,1.11928e-05,0.237617,0.134726,1.76371,0
15,5,4,10.0,-2.76496e-07,-5.62518e-07,1.08638e-05,0.237267,0.134716,1.76124,0
16,5,4,10.0,-2.94437e-07,-6.02653e-07,1.04198e-05,0.237105,0.134713,1.76007,0
17,5,4,10.0,-2.95663e-07,-6.51053e-07,9.87085e-06,0.23703,0.134713,1.75952,0
18,5,4,10.0,-3.06792e-07,-7.1399e-07,9.21192e-06,0.236995,0.134713,1.75926,0
19,5,4,10.0,-3.07233e-07,-8.07994e-07,8.43749e-06,0.236979,0.134713,1.75914,0
20,5,4,10.0,-3.04645e-07,-9.45871e-07,7.53745e-06,0.236971,0.134713,1.75908,0
21,5,4,10.0,-3.01209e-07,-1.12475e-06,6.50317e-06,0.236968,0.134713,1.75905,0
22,5,4,10.0,-2.93246e-07,-1.33709e-06,5.32868e-06,0.236966,0.134713,1.75904,0
23,5,4,10.0,-2.84449e-07,-1.59448e-06,4.00457e-06,0.236965,0.134713,1.75903,0
0,6,4,10.0,-2.95107e-08,-2.6652e-07,9.46979e-06,0.238393,0.134758,1.76905,0
1,6,4,10.0,2.45237e-07,9.07318e-07,9.46634e-06,0.237627,0.134727,1.76376,0
2,6,4,10.0,1.83834e-07,5.89963e-07,9.54925e-06,0.237272,0.134717,1.76126,0
3,6,4,10.0,1.33163e-07,3.53394e-07,9.70639e-06,0.237107,0.134714,1.76008,0
4,6,4,10.0,8.03426e-08,1.79915e-07,9.91589e-06,0.237031,0.134713,1.75953,0
5,6,4,10.0,2.744e-08,5.81296e-08,1.01553e-05,0.236995,0.134713,1.75926,0
6,6,4,10.0,-2.16744e-08,-2.30317e-08,1.04034e-05,0.236979,0.134713,1.75914,0
7,6,4,10.0,-6.93627e-08,-7.71675e-08,1.06432e-05,0.236971,0.134713,1.75908,0
8,6,4,10.0,-1.14842e-07,-1.10835e-07,1.08627e-05,0.236968,0.134713,1.75905,0
9,6,4,10.0,-1.52978e-07,-1.35499e-07,1.10491e-05,0.236966,0.134713,1.75904,0
10,6,4,10.0,-1.86723e-07,-1.56954e-07,1.11972e-05,0.236965,0.134713,1.75903,0
11,6,4,10.0,-2.14769e-07,-1.84337e-07,1.13012e-05,0.236965,0.134713,1.75903,0
12,6,4,10.0,-2.38152e-07,-2.18436e-07,1.13474e-05,0.236965,0.134714,1.75903,0
13,6,4,10.0,-2.5619e-07,-2.50206e-07,1.13246e-05,0.236965,0.134714,1.75903,0
14,6,4,10.0,-3.12429e-07,-5.75299e-07,1.10443e-05,0.237617,0.134726,1.76371,0
15,6,4,10.0,-3.33624e-07,-5.94228e-07,1.07365e-05,0.237267,0.134716,1.76124,0
16,6,4,10.0,-3.41022e-07,-6.34308e-07,1.03172e-05,0.237105,0.134713,1.76007,0
17,6,4,10.0,-3.52915e-07,-6.86439e-07,9.7912e-06,0.23703,0.134713,1.75952,0
18,6,4,10.0,-3.60143e-07,-7.56331e-07,9.15267e-06,0.236995,0.134713,1.75926,0
19,6,4,10.0,-3.62258e-07,-8.61363e-07,8.39988e-06,0.236979,0.134713,1.75914,0
20,6,4,10.0,-3.61318e-07,-1.00674e-06,7.52201e-06,0.236971,0.134713,1.75908,0
21,6,4,10.0,-3.57097e-07,-1.19571e-06,6.50901e-06,0.236968,0.134713,1.75905,0
22,6,4,10.0,-3.51319e-07,-1.42588e-06,5.35097e-06,0.236966,0.134713,1.75904,0
23,6,4,10.0,-3.36236e-07,-1.70464e-06,4.0354e-06,0.236965,0.134713,1.75903,0
0,7,4,10.0,-3.06309e-08,-3.10439e-07,8.96044e-06,0.238393,0.134758,1.76905,0
1,7,4,10.0,2.87046e-07,1.02265e-06,8.95998e-06,0.237627,0.134727,1.76376,0
2,7,4,10.0,2.23357e-07,6.5445e-07,9.05617e-06,0.237272,0.134717,1.76126,0
3,7,4,10.0,1.52599e-07,3.77832e-07,9.23522e-06,0.237107,0.134714,1.76008,0
4,7,4,10.0,9.18128e-08,1.78441e-07,9.47202e-06,0.237031,0.134713,1.75953,0
5,7,4,10.0,3.57764e-08,4.3614e-08,9.74076e-06,0.236995,0.134713,1.75926,0
6,7,4,10.0,-2.07264e-08,-4.63771e-08,1.0016e-05,0.236979,0.134713,1.75914,0
7,7,4,10.0,-7.53227e-08,-1.03715e-07,1.02796e-05,0.236971,0.134713,1.75908,0
8,7,4,10.0,-1.32189e-07,-1.3832e-07,1.05245e-05,0.236968,0.134713,1.75905,0
9,7,4,10.0,-1.69899e-07,-1.6127e-07,1.07346e-05,0.236966,0.134713,1.75904,0
10,7,4,10.0,-2.06352e-07,-1.81357e-07,1.09085e-05,0.236965,0.134713,1.75903,0
11,7,4,10.0,-2.45417e-07,-2.05189e-07,1.10332e-05,0.236965,0.134713,1.75903,0
12,7,4,10.0,-2.70855e-07,-2.3336e-07,1.11008e-05,0.236965,0.134714,1.75903,0
13,7,4,10.0,-2.88188e-07,-2.68659e-07,1.11024e-05,0.236965,0.134714,1.75903,0
14,7,4,10.0,-3.70474e-07,-6.10348e-07,1.08679e-05,0.237617,0.134726,1.76371,0
15,7,4,10.0,-3.70775e-07,-6.27661e-07,1.05867e-05,0.237267,0.134716,1.76124,0
16,7,4,10.0,-3.8902e-07,-6.63811e-07,1.01909e-05,0.237105,0.134713,1.76007,0
17,7,4,10.0,-4.14918e-07,-7.23272e-07,9.68511e-06,0.23703,0.134713,1.75952,0
18,7,4,10.0,-4.08638e-07,-8.03996e-07,9.07197e-06,0.236995,0.134713,1.75926,0
19,7,4,10.0,-4.13388e-07,-9.16623e-07,8.34357e-06,0.236979,0.134713,1.75914,0
20,7,4,10.0,-4.1398e-07,-1.07505e-06,7.49152e-06,0.236971,0.134713,1.75908,0
21,7,4,10.0,-4.10642e-07,-1.27709e-06,6.50322e-06,0.236968,0.134713,1.75905,0
22,7,4,10.0,-4.06072e-07,-1.52739e-06,5.36446e-06,0.236966,0.134713,1.75904,0
23,7,4,10.0,-3.82985e-07,-1.83916e-06,4.06205e-06,0.236965,0.134713,1.75903,0
0,8,4,10.0,-3.20649e-08,-3.64925e-07,8.40359e-06,0.238393,0.134758,1.76905,0
1,8,4,10.0,3.41467e-07,1.15464e-06,8.39388e-06,0.237627,0.134727,1.76376,0
2,8,4,10.0,2.47052e-07,7.20698e-07,8.49998e-06,0.237272,0.134717,1.76126,0
3,8,4,10.0,1.86829e-07,4.12388e-07,8.70324e-06,0.237107,0.134714,1.76008,0
4,8,4,10.0,1.26055e-07,1.76642e-07,8.97091e-06,0.237031,0.134713,1.75953,0
5,8,4,10.0,5.37816e-08,2.43183e-08,9.26886e-06,0.236995,0.134713,1.75926,0
6,8,4,10.0,-2.39894e-08,-7.31743e-08,9.56629e-06,0.236979,0.134713,1.75914,0
7,8,4,10.0,-6.52621e-08,-1.28013e-07,9.85785e-06,0.236971,0.134713,1.75908,0
8,8,4,10.0,-1.29425e-07,-1.62683e-07,1.01296e-05,0.236968,0.134713,1.75905,0
9,8,4,10.0,-1.64067e-07,-1.99621e-07,1.03693e-05,0.236966,0.134713,1.75904,0
10,8,4,10.0,-2.18222e-07,-2.21418e-07,1.05814e-05,0.236965,0.134713,1.75903,0
11,8,4,10.0,-2.47465e-07,-2.47823e-07,1.07325e-05,0.236965,0.134713,1.75903,0
12,8,4,10.0,-2.69858e-07,-2.89789e-07,1.08222e-05,0.236965,0.134714,1.75903,0
13,8,4,10.0,-3.00497e-07,-3.05331e-07,1.08452e-05,0.236965,0.134714,1.75903,0
14,8,4,10.0,-3.71093e-07,-6.50075e-07,1.06573e-05,0.237617,0.134726,1.76371,0
15,8,4,10.0,-4.14093e-07,-6.52374e-07,1.03971e-05,0.237267,0.134716,1.76124,0
16,8,4,10.0,-4.36344e-07,-6.95799e-07,1.00216e-05,0.237105,0.134713,1.76007,0
17,8,4,10.0,-4.28316e-07,-7.6139e-07,9.5352e-06,0.23703,0.134713,1.75952,0
18,8,4,10.0,-4.51645e-07,-8.48955e-07,8.94737e-06,0.236995,0.134713,1.75926,0
19,8,4,10.0,-4.48899e-07,-9.76507e-07,8.25113e-06,0.236979,0.134713,1.75914,0
20,8,4,10.0,-4.49076e-07,-1.14349e-06,7.43304e-06,0.236971,0.134713,1.75908,0
21,8,4,10.0,-4.50253e-07,-1.36249e-06,6.47847e-06,0.236968,0.134713,1.75905,0
22,8,4,10.0,-4.39808e-07,-1.63878e-06,5.36929e-06,0.236966,0.134713,1.75904,0
23,8,4,10.0,-4.26881e-07,-1.98626e-06,4.0866e-06,0.236965,0.134713,1.75903,0
0,9,4,10.0,-4.73458e-08,-4.18696e-07,7.76173e-06,0.238403,0.134759,1.7691,0
1,9,4,10.0,3.61802e-07,1.28755e-06,7.74071e-06,0.237646,0.13473,1.76387,0
2,9,4,10.0,2.98423e-07,7.91786e-07,7.85964e-06,0.237298,0.13472,1.76141,0
3,9,4,10.0,1.95822e-07,4.34237e-07,8.07878e-06,0.237138,0.134718,1.76026,0
4,9,4,10.0,9.67854e-08,1.5554e-07,8.36363e-06,0.237064,0.134717,1.75971,0
5,9,4,10.0,6.05309e-09,-1.60507e-08,8.67612e-06,0.23703,0.134717,1.75946,0
6,9,4,10.0,-3.34473e-08,-1.11559e-07,8.99613e-06,0.237014,0.134718,1.75934,0
7,9,4,10.0,-9.50025e-08,-1.86692e-07,9.30981e-06,0.237007,0.134718,1.75928,0
8,9,4,10.0,-1.82097e-07,-2.2048e-07,9.59909e-06,0.236993,0.134717,1.7592,0
9,9,4,10.0,-2.32189e-07,-2.53874e-07,9.86072e-06,0.238382,0.134756,1.76899,0
10,9,4,10.0,-2.95944e-07,-7.44024e-07,1.01152e-05,0.237637,0.134729,1.76382,0
11,9,4,10.0,-3.30005e-07,-7.32764e-07,1.02959e-05,0.237294,0.13472,1.76139,0
12,9,4,10.0,-3.548e-07,-6.96336e-07,1.04071e-05,0.237136,0.134717,1.76024,0
13,9,4,10.0,-3.75482e-07,-6.88894e-07,1.04522e-05,0.237063,0.134717,1.75971,0
14,9,4,10.0,-4.58513e-07,-1.15589e-06,1.03285e-05,0.237637,0.134729,1.76382,0
15,9,4,10.0,-5.03333e-07,-1.09882e-06,1.00833e-05,0.237294,0.13472,1.76139,0
16,9,4,10.0,-5.07304e-07,-1.07345e-06,9.72349e-06,0.237136,0.134717,1.76024,0
17,9,4,10.0,-5.14993e-07,-1.10265e-06,9.26636e-06,0.237063,0.134717,1.75971,0
18,9,4,10.0,-5.08924e-07,-1.1624e-06,8.71097e-06,0.237029,0.134717,1.75946,0
19,9,4,10.0,-5.19432e-07,-1.26117e-06,8.05831e-06,0.237014,0.134718,1.75934,0
20,9,4,10.0,-5.19568e-07,-1.41605e-06,7.29045e-06,0.237007,0.134718,1.75928,0
21,9,4,10.0,-5.18442e-07,-1.6251e-06,6.38499e-06,0.237003,0.134718,1.75925,0
22,9,4,10.0,-5.13956e-07,-1.90216e-06,5.32335e-06,0.237002,0.134718,1.75924,0
23,9,4,10.0,-4.97047e-07,-2.27237e-06,4.07751e-06,0.237001,0.134718,1.75924,0
0,10,4,10.0,-5.49562e-08,-4.68416e-07,7.05259e-06,0.238393,0.134758,1.76905,0
1,10,4,10.0,4.58818e-07,1.44545e-06,6.99284e-06,0.237627,0.134727,1.76376,0
2,10,4,10.0,3.01107e-07,9.00984e-07,7.10817e-06,0.237272,0.134717,1.76126,0
3,10,4,10.0,1.91821e-07,4.75568e-07,7.32591e-06,0.237107,0.134714,1.76008,0
4,10,4,10.0,9.69574e-08,1.90273e-07,7.60465e-06,0.237031,0.134713,1.75953,0
5,10,4,10.0,1.43332e-08,1.34224e-08,7.91709e-06,0.236996,0.134713,1.75926,0
6,10,4,10.0,-6.70427e-08,-1.04673e-07,8.24361e-06,0.236979,0.134713,1.75914,0
7,10,4,10.0,-1.47662e-07,-1.74268e-07,8.5633e-06,0.236972,0.134713,1.75908,0
8,10,4,10.0,-2.15254e-07,-1.88551e-07,8.85923e-06,0.236958,0.134712,1.759,0
9,10,4,10.0,-1.915e-07,-2.41371e-07,9.14342e-06,0.238372,0.134755,1.76893,0
10,10,4,10.0,-3.25011e-07,-7.01175e-07,9.42367e-06,0.237617,0.134726,1.76371,0
11,10,4,10.0,-3.64191e-07,-6.68124e-07,9.62569e-06,0.237268,0.134716,1.76124,0
12,10,4,10.0,-3.71433e-07,-6.54448e-07,9.75964e-06,0.237105,0.134713,1.76007,0
13,10,4,10.0,-3.91625e-07,-6.34516e-07,9.83066e-06,0.23703,0.134713,1.75952,0
14,10,4,10.0,-5.23621e-07,-1.19073e-06,9.75179e-06,0.237617,0.134726,1.76371,0
15,10,4,10.0,-5.20242e-07,-1.0995e-06,9.52858e-06,0.237268,0.134716,1.76124,0
16,10,4,10.0,-5.50052e-07,-1.0892e-06,9.19512e-06,0.237105,0.134713,1.76007,0
17,10,4,10.0,-5.51506e-07,-1.11312e-06,8.77359e-06,0.23703,0.134713,1.75952,0
18,10,4,10.0,-5.45584e-07,-1.19037e-06,8.27521e-06,0.236995,0.134713,1.75926,0
19,10,4,10.0,-5.61402e-07,-1.3129e-06,7.68736e-06,0.236979,0.134713,1.75914,0
20,10,4,10.0,-5.60501e-07,-1.48139e-06,6.98903e-06,0.236972,0.134713,1.75908,0
21,10,4,10.0,-5.60437e-07,-1.70987e-06,6.16044e-06,0.236968,0.134713,1.75905,0
22,10,4,10.0,-5.67474e-07,-2.01897e-06,5.16671e-06,0.236967,0.134714,1.75904,0
23,10,4,10.0,-5.60784e-07,-2.43447e-06,3.98293e-06,0.236966,0.134714,1.75904,0
0,11,4,10.0,-8.5332e-08,-5.32832e-07,6.241e-06,0.238393,0.134758,1.76905,0
1,11,4,10.0,4.79189e-07,1.58553e-06,6.12615e-06,0.237627,0.134727,1.76376,0
2,11,4,10.0,3.31338e-07,9.88369e-07,6.22229e-06,0.237272,0.134717,1.76126,0
3,11,4,10.0,2.159e-07,5.26816e-07,6.43559e-06,0.237107,0.134714,1.76008,0
4,11,4,10.0,1.20252e-07,2.08492e-07,6.70801e-06,0.237031,0.134713,1.75953,0
5,11,4,10.0,3.42983e-08,1.16955e-08,7.00571e-06,0.236995,0.134713,1.75926,0
6,11,4,10.0,-7.13774e-08,-1.12177e-07,7.31172e-06,0.236979,0.134713,1.75914,0
7,11,4,10.0,-1.49665e-07,-1.8295e-07,7.6143e-06,0.236971,0.134713,1.75908,0
8,11,4,10.0,-2.01761e-07,-1.9501e-07,7.912e-06,0.236957,0.134712,1.759,0
9,11,4,10.0,-2.04876e-07,-2.54487e-07,8.22612e-06,0.238372,0.134755,1.76893,0
10,11,4,10.0,-3.92705e-07,-7.68455e-07,8.52199e-06,0.237617,0.134726,1.76371,0
11,11,4,10.0,-3.57253e-07,-6.98516e-07,8.74658e-06,0.237267,0.134716,1.76124,0
12,11,4,10.0,-3.67571e-07,-6.88174e-07,8.91418e-06,0.237105,0.134713,1.76007,0
13,11,4,10.0,-4.03629e-07,-6.65366e-07,9.01485e-06,0.23703,0.134713,1.75952,0
14,11,4,10.0,-5.35992e-07,-1.23752e-06,8.9627e-06,0.237617,0.134726,1.76371,0
15,11,4,10.0,-5.57407e-07,-1.14821e-06,8.76605e-06,0.237267,0.134716,1.76124,0
16,11,4,10.0,-5.54094e-07,-1.12596e-06,8.46938e-06,0.237105,0.134713,1.76007,0
17,11,4,10.0,-5.32755e-07,-1.163e-06,8.10837e-06,0.23703,0.134713,1.75952,0
18,11,4,10.0,-5.65113e-07,-1.25394e-06,7.6855e-06,0.236995,0.134713,1.75926,0
19,11,4,10.0,-5.51902e-07,-1.37336e-06,7.17999e-06,0.236979,0.134713,1.75914,0
20,11,4,10.0,-5.53497e-07,-1.55252e-06,6.58152e-06,0.236971,0.134713,1.75908,0
21,11,4,10.0,-5.67002e-07,-1.80356e-06,5.84803e-06,0.236968,0.134713,1.75905,0
22,11,4,10.0,-5.78171e-07,-2.13673e-06,4.94434e-06,0.236966,0.134713,1.75904,0
23,11,4,10.0,-5.82953e-07,-2.598e-06,3.83601e-06,0.236965,0.134713,1.75903,0
0,12,4,10.0,-1.13189e-07,-5.96398e-07,5.24138e-06,0.238393,0.134758,1.76905,0
1,12,4,10.0,4.93177e-07,1.73192e-06,5.10418e-06,0.237627,0.134727,1.76376,0
2,12,4,10.0,3.79234e-07,1.03782e-06,5.20197e-06,0.237272,0.134717,1.76126,0
3,12,4,10.0,2.27653e-07,5.86675e-07,5.40791e-06,0.237107,0.134714,1.76008,0
4,12,4,10.0,1.0846e-07,2.33091e-07,5.66795e-06,0.237031,0.134713,1.75953,0
5,12,4,10.0,6.53525e-09,1.08158e-08,5.93631e-06,0.236995,0.134713,1.75926,0
6,12,4,10.0,-1.07475e-07,-1.30332e-07,6.19409e-06,0.236979,0.134713,1.75914,0
7,12,4,10.0,-1.84294e-07,-2.01339e-07,6.46776e-06,0.236971,0.134713,1.75908,0
8,12,4,10.0,-1.99106e-07,-2.06172e-07,6.7575e-06,0.236957,0.134712,1.759,0
9,12,4,10.0,-2.84914e-07,-2.74181e-07,7.08729e-06,0.238372,0.134755,1.76893,0
10,12,4,10.0,-3.94837e-07,-8.25427e-07,7.392e-06,0.237617,0.134726,1.76371,0
11,12,4,10.0,-3.7009e-07,-7.94161e-07,7.6538e-06,0.237267,0.134716,1.76124,0
12,12,4,10.0,-4.00989e-07,-7.19184e-07,7.86376e-06,0.237105,0.134713,1.76007,0
13,12,4,10.0,-4.5109e-07,-6.87835e-07,7.99612e-06,0.23703,0.134713,1.75952,0
14,12,4,10.0,-5.16115e-07,-1.32789e-06,6.86204e-06,0.237637,0.134729,1.76382,0
15,12,4,10.0,-5.37026e-07,-1.2439e-06,6.7604e-06,0.237294,0.13472,1.76139,0
16,12,4,10.0,-5.35683e-07,-1.2414e-06,6.61582e-06,0.237136,0.134717,1.76024,0
17,12,4,10.0,-5.35077e-07,-1.21791e-06,7.32825e-06,0.237016,0.134711,1.75944,0
18,12,4,10.0,-5.42204e-07,-1.31656e-06,6.9907e-06,0.236988,0.134712,1.75922,0
19,12,4,10.0,-5.24603e-07,-1.4477e-06,6.59539e-06,0.236976,0.134713,1.75912,0
20,12,4,10.0,-5.46057e-07,-1.62878e-06,6.11035e-06,0.23697,0.134713,1.75907,0
21,12,4,10.0,-5.70248e-07,-1.88061e-06,5.48837e-06,0.236967,0.134713,1.75905,0
22,12,4,10.0,-5.83261e-07,-2.25169e-06,4.68517e-06,0.236966,0.134713,1.75904,0
23,12,4,10.0,-6.01313e-07,-2.75927e-06,3.66366e-06,0.236965,0.134713,1.75903,0
0,13,4,10.0,-1.38716e-07,-6.91567e-07,2.68198e-06,0.238393,0.134758,1.76905,0
1,13,4,10.0,6.02176e-07,1.97638e-06,2.63129e-06,0.237627,0.134727,1.76376,0
2,13,4,10.0,3.33348e-07,1.21933e-06,2.70713e-06,0.237272,0.134717,1.76126,0
3,13,4,10.0,1.6374e-07,6.66908e-07,2.85579e-06,0.237107,0.134714,1.76008,0
4,13,4,10.0,3.65304e-08,2.43621e-07,3.04749e-06,0.237031,0.134713,1.75953,0
5,13,4,10.0,-5.07081e-08,5.63016e-09,3.24053e-06,0.236995,0.134713,1.75926,0
6,13,4,10.0,-1.49804e-07,-1.52152e-07,3.45105e-06,0.236979,0.134713,1.75914,0
7,13,4,10.0,-1.99021e-07,-2.52445e-07,3.68243e-06,0.236971,0.134713,1.75908,0
8,13,4,10.0,-2.2335e-07,-3.08903e-07,3.95936e-06,0.236968,0.134713,1.75905,0
9,13,4,10.0,-2.44856e-07,-3.40224e-07,4.26542e-06,0.236975,0.134715,1.75909,0
10,13,4,10.0,-3.32451e-07,-3.49676e-07,4.56832e-06,0.236974,0.134715,1.75908,0
11,13,4,10.0,-3.79371e-07,-3.03362e-07,4.86314e-06,0.236971,0.134714,1.75907,0
12,13,4,10.0,-4.16354e-07,-2.96742e-07,5.13622e-06,0.236969,0.134714,1.75905,0
13,13,4,10.0,-4.52595e-07,-2.74335e-07,5.34045e-06,0.236967,0.134714,1.75904,0
14,13,4,10.0,-5.48584e-07,-7.4455e-07,5.58134e-06,0.237617,0.134726,1.76371,0
15,13,4,10.0,-4.70441e-07,-7.32637e-07,5.601e-06,0.237268,0.134716,1.76124,0
16,13,4,10.0,-4.8957e-07,-8.44983e-07,5.56075e-06,0.237105,0.134713,1.76007,0
17,13,4,10.0,-5.16211e-07,-9.79971e-07,5.47344e-06,0.23703,0.134713,1.75952,0
18,13,4,10.0,-5.14386e-07,-1.14098e-06,5.33976e-06,0.236995,0.134713,1.75926,0
19,13,4,10.0,-5.42838e-07,-1.31902e-06,5.14966e-06,0.236979,0.134713,1.75914,0
20,13,4,10.0,-5.73213e-07,-1.54947e-06,4.87734e-06,0.236971,0.134713,1.75908,0
21,13,4,10.0,-6.13236e-07,-1.89028e-06,4.4814e-06,0.236968,0.134713,1.75905,0
22,13,4,10.0,-6.33426e-07,-2.33655e-06,3.893e-06,0.236966,0.134713,1.75904,0
23,13,4,10.0,-6.42979e-07,-2.94209e-06,3.08991e-06,0.236965,0.134713,1.75903,0
0,14,4,10.0,-1.67927e-07,-7.35472e-07,1.27047e-06,0.238393,0.134758,1.76905,0
1,14,4,10.0,5.41377e-07,2.13495e-06,1.31513e-06,0.237627,0.134727,1.76376,0
2,14,4,10.0,3.12593e-07,1.2596e-06,1.37329e-06,0.237272,0.134717,1.76126,0
3,14,4,10.0,1.99854e-07,6.95307e-07,1.4834e-06,0.237107,0.134714,1.76008,0
4,14,4,10.0,2.38155e-08,2.53629e-07,1.64518e-06,0.237031,0.134713,1.75953,0
5,14,4,10.0,-1.5457e-08,2.82268e-08,1.83861e-06,0.236995,0.134713,1.75926,0
6,14,4,10.0,-1.46864e-07,-2.02319e-07,2.03976e-06,0.236979,0.134713,1.75914,0
7,14,4,10.0,-1.65604e-07,-2.69457e-07,2.28575e-06,0.236971,0.134713,1.75908,0
8,14,4,10.0,-2.12058e-07,-3.62876e-07,2.57588e-06,0.236968,0.134713,1.75905,0
9,14,4,10.0,-2.55465e-07,-3.80905e-07,2.88207e-06,0.236966,0.134713,1.75904,0
10,14,4,10.0,-3.39554e-07,-3.75792e-07,3.17773e-06,0.236966,0.134713,1.75903,0
11,14,4,10.0,-3.56553e-07,-3.22358e-07,3.479e-06,0.236965,0.134714,1.75903,0
12,14,4,10.0,-4.12299e-07,-3.40314e-07,3.77736e-06,0.236965,0.134714,1.75903,0
13,14,4,10.0,-4.91459e-07,-2.98464e-07,4.01884e-06,0.236965,0.134714,1.75903,0
14,14,4,10.0,-5.03343e-07,-7.55973e-07,4.41178e-06,0.237617,0.134726,1.76371,0
15,14,4,10.0,-5.13361e-07,-7.65081e-07,4.53178e-06,0.237267,0.134716,1.76124,0
16,14,4,10.0,-5.06092e-07,-8.56047e-07,4.59155e-06,0.237105,0.134713,1.76007,0
17,14,4,10.0,-4.64321e-07,-9.92216e-07,4.58625e-06,0.23703,0.134713,1.75952,0
18,14,4,10.0,-4.96596e-07,-1.15505e-06,4.53502e-06,0.236995,0.134713,1.75926,0
19,14,4,10.0,-5.16101e-07,-1.34207e-06,4.41712e-06,0.236979,0.134713,1.75914,0
20,14,4,10.0,-5.47612e-07,-1.59617e-06,4.22672e-06,0.236971,0.134713,1.75908,0
21,14,4,10.0,-5.77189e-07,-1.94859e-06,3.90902e-06,0.236968,0.134713,1.75905,0
22,14,4,10.0,-5.85767e-07,-2.41448e-06,3.43107e-06,0.236966,0.134713,1.75904,0
23,14,4,10.0,-6.15966e-07,-3.05532e-06,2.74134e-06,0.236965,0.134713,1.75903,0
0,15,4,10.0,-5.63463e-08,-7.60219e-07,5.23037e-08,0.238393,0.134758,1.76905,0
1,15,4,10.0,4.81837e-07,2.17481e-06,8.95699e-08,0.237627,0.134727,1.76376,0
2,15,4,10.0,3.70652e-07,1.31242e-06,1.37569e-07,0.237272,0.134717,1.76126,0
3,15,4,10.0,2.04079e-07,6.79444e-07,2.32075e-07,0.237107,0.134714,1.76008,0
4,15,4,10.0,6.67295e-08,2.79027e-07,3.71785e-07,0.237031,0.134713,1.75953,0
5,15,4,10.0,-7.30318e-08,-3.84407e-08,5.53328e-07,0.236995,0.134713,1.75926,0
6,15,4,10.0,-6.61204e-08,-2.24451e-07,7.69639e-07,0.236979,0.134713,1.75914,0
7,15,4,10.0,-1.55177e-07,-3.51462e-07,1.02307e-06,0.236971,0.134713,1.75908,0
8,15,4,10.0,-2.19775e-07,-3.86485e-07,1.32142e-06,0.236968,0.134713,1.75905,0
9,15,4,10.0,-2.71264e-07,-4.03943e-07,1.62363e-06,0.236966,0.134713,1.75904,0
10,15,4,10.0,-2.82112e-07,-3.92678e-07,1.93465e-06,0.236965,0.134713,1.75903,0
11,15,4,10.0,-3.32383e-07,-3.99762e-07,2.25439e-06,0.236965,0.134713,1.75903,0
12,15,4,10.0,-4.43094e-07,-3.79491e-07,2.57154e-06,0.236965,0.134714,1.75903,0
13,15,4,10.0,-3.72126e-07,-3.1819e-07,2.87311e-06,0.236965,0.134714,1.75903,0
14,15,4,10.0,-4.52072e-07,-7.80929e-07,3.42874e-06,0.237617,0.134726,1.76371,0
15,15,4,10.0,-4.78002e-07,-7.9818e-07,3.61514e-06,0.237267,0.134716,1.76124,0
16,15,4,10.0,-4.73454e-07,-8.9034e-07,3.74556e-06,0.237105,0.134713,1.76007,0
17,15,4,10.0,-4.88515e-07,-1.02301e-06,3.8117e-06,0.23703,0.134713,1.75952,0
18,15,4,10.0,-4.95972e-07,-1.19203e-06,3.8199e-06,0.236995,0.134713,1.75926,0
19,15,4,10.0,-4.98738e-07,-1.3948e-06,3.76771e-06,0.236979,0.134713,1.75914,0
20,15,4,10.0,-5.21434e-07,-1.65689e-06,3.63515e-06,0.236971,0.134713,1.75908,0
21,15,4,10.0,-5.32521e-07,-2.01262e-06,3.39356e-06,0.236968,0.134713,1.75905,0
22,15,4,10.0,-5.7073e-07,-2.49635e-06,3.00307e-06,0.236966,0.134713,1.75904,0
23,15,4,10.0,-5.68539e-07,-3.16009e-06,2.41899e-06,0.236965,0.134713,1.75903,0
0,16,4,10.0,-1.04497e-07,-7.63257e-07,-1.02768e-06,0.238393,0.134758,1.76905,0
1,16,4,10.0,5.1704e-07,2.21426e-06,-1.01575e-06,0.237627,0.134727,1.76376,0
2,16,4,10.0,3.2964e-07,1.33768e-06,-9.67771e-07,0.237272,0.134717,1.76126,0
3,16,4,10.0,2.04165e-07,6.99578e-07,-8.83613e-07,0.237107,0.134714,1.76008,0
4,16,4,10.0,8.43735e-08,2.3112e-07,-7.56596e-07,0.237031,0.134713,1.75953,0
5,16,4,10.0,5.23205e-10,-5.76697e-08,-5.82517e-07,0.236995,0.134713,1.75926,0
6,16,4,10.0,-8.88789e-08,-2.53883e-07,-3.64866e-07,0.236979,0.134713,1.75914,0
7,16,4,10.0,-1.39094e-07,-3.89572e-07,-1.06425e-07,0.236971,0.134713,1.75908,0
8,16,4,10.0,-1.96511e-07,-4.39468e-07,1.83764e-07,0.236968,0.134713,1.75905,0
9,16,4,10.0,-2.32654e-07,-4.26444e-07,4.98702e-07,0.236966,0.134713,1.75904,0
10,16,4,10.0,-2.84292e-07,-4.26384e-07,8.20859e-07,0.236965,0.134713,1.75903,0
11,16,4,10.0,-3.14464e-07,-4.40305e-07,1.1605e-06,0.236965,0.134713,1.75903,0
12,16,4,10.0,-3.54215e-07,-4.24861e-07,1.50263e-06,0.236965,0.134714,1.75903,0
13,16,4,10.0,-4.0891e-07,-3.70137e-07,1.86044e-06,0.236965,0.134714,1.75903,0
14,16,4,10.0,-4.57512e-07,-8.09574e-07,2.54043e-06,0.237617,0.134726,1.76371,0
15,16,4,10.0,-4.29636e-07,-8.0187e-07,2.79239e-06,0.237267,0.134716,1.76124,0
16,16,4,10.0,-4.80353e-07,-9.05485e-07,2.97615e-06,0.237105,0.134713,1.76007,0
17,16,4,10.0,-4.29001e-07,-1.04169e-06,3.10361e-06,0.23703,0.134713,1.75952,0
18,16,4,10.0,-4.62759e-07,-1.21286e-06,3.16434e-06,0.236995,0.134713,1.75926,0
19,16,4,10.0,-4.60169e-07,-1.41812e-06,3.17164e-06,0.236979,0.134713,1.75914,0
20,16,4,10.0,-4.72163e-07,-1.6917e-06,3.09612e-06,0.236971,0.134713,1.75908,0
21,16,4,10.0,-4.93867e-07,-2.06076e-06,2.91703e-06,0.236968,0.134713,1.75905,0
22,16,4,10.0,-4.98374e-07,-2.54649e-06,2.59912e-06,0.236966,0.134713,1.75904,0
23,16,4,10.0,-5.40884e-07,-3.2153e-06,2.10905e-06,0.236965,0.134713,1.75903,0
0,17,4,10.0,-1.22573e-07,-7.38614e-07,-2.12002e-06,0.238403,0.134759,1.7691,0
1,17,4,10.0,4.4808e-07,2.15144e-06,-2.04108e-06,0.237646,0.13473,1.76387,0
2,17,4,10.0,2.88993e-07,1.29394e-06,-1.994e-06,0.237298,0.13472,1.76141,0
3,17,4,10.0,1.86623e-07,6.55061e-07,-1.91744e-06,0.237138,0.134718,1.76026,0
4,17,4,10.0,4.4242e-08,1.87032e-07,-1.80109e-06,0.237064,0.134717,1.75971,0
5,17,4,10.0,-5.77243e-08,-1.04264e-07,-1.64003e-06,0.23703,0.134717,1.75946,0
6,17,4,10.0,-1.27287e-07,-3.39944e-07,-1.4345e-06,0.237014,0.134718,1.75934,0
7,17,4,10.0,-1.61121e-07,-4.8812e-07,-1.19008e-06,0.237007,0.134718,1.75928,0
8,17,4,10.0,-2.32409e-07,-5.36163e-07,-9.01513e-07,0.237004,0.134718,1.75926,0
9,17,4,10.0,-2.87626e-07,-5.09649e-07,-5.90215e-07,0.237002,0.134718,1.75924,0
10,17,4,10.0,-2.98402e-07,-5.28333e-07,-2.59759e-07,0.237001,0.134718,1.75924,0
11,17,4,10.0,-3.5563e-07,-5.62741e-07,8.01195e-08,0.237001,0.134718,1.75923,0
12,17,4,10.0,-3.84508e-07,-5.52561e-07,4.51726e-07,0.237001,0.134718,1.75923,0
13,17,4,10.0,-4.27733e-07,-5.01646e-07,8.29384e-07,0.237001,0.134718,1.75923,0
14,17,4,10.0,-4.85695e-07,-9.89109e-07,1.59306e-06,0.237637,0.134729,1.76382,0
15,17,4,10.0,-5.06195e-07,-9.8982e-07,1.88872e-06,0.237294,0.13472,1.76139,0
16,17,4,10.0,-5.15173e-07,-1.01092e-06,2.1184e-06,0.237125,0.134716,1.76019,0
17,17,4,10.0,-4.83408e-07,-1.1006e-06,2.32648e-06,0.238382,0.134756,1.76899,0
18,17,4,10.0,-4.13644e-07,-1.51004e-06,2.50612e-06,0.237637,0.134729,1.76382,0
19,17,4,10.0,-4.47355e-07,-1.67966e-06,2.56675e-06,0.237294,0.13472,1.76139,0
20,17,4,10.0,-4.62771e-07,-1.92388e-06,2.54721e-06,0.237136,0.134717,1.76024,0
21,17,4,10.0,-4.43024e-07,-2.25833e-06,2.42954e-06,0.237063,0.134717,1.75971,0
22,17,4,10.0,-4.58484e-07,-2.71654e-06,2.19356e-06,0.237029,0.134717,1.75946,0
23,17,4,10.0,-4.86812e-07,-3.35521e-06,1.79177e-06,0.237014,0.134718,1.75934,0
0,18,4,10.0,-3.21267e-08,-6.3853e-07,-3.02128e-06,0.238393,0.134758,1.76905,0
1,18,4,10.0,4.19844e-07,2.1157e-06,-3.00904e-06,0.237627,0.134727,1.76376,0
2,18,4,10.0,2.92431e-07,1.31795e-06,-2.97456e-06,0.237272,0.134717,1.76126,0
3,18,4,10.0,1.30672e-07,6.86853e-07,-2.91403e-06,0.237107,0.134714,1.76008,0
4,18,4,10.0,2.34007e-08,2.68095e-07,-2.81729e-06,0.237031,0.134713,1.75953,0
5,18,4,10.0,-6.11302e-08,-2.32195e-08,-2.67258e-06,0.236996,0.134713,1.75926,0
6,18,4,10.0,-1.0778e-07,-2.07199e-07,-2.48465e-06,0.236979,0.134713,1.75914,0
7,18,4,10.0,-1.95919e-07,-3.44132e-07,-2.25672e-06,0.236972,0.134713,1.75908,0
8,18,4,10.0,-2.49086e-07,-3.81216e-07,-2e-06,0.236968,0.134713,1.75905,0
9,18,4,10.0,-2.8451e-07,-3.87043e-07,-1.70403e-06,0.236967,0.134714,1.75904,0
10,18,4,10.0,-3.12981e-07,-3.97935e-07,-1.3854e-06,0.236966,0.134714,1.75903,0
11,18,4,10.0,-3.30138e-07,-4.42993e-07,-1.04966e-06,0.236966,0.134714,1.75903,0
12,18,4,10.0,-3.92388e-07,-4.42566e-07,-6.9078e-07,0.236965,0.134714,1.75903,0
13,18,4,10.0,-3.8e-07,-3.74457e-07,-3.12168e-07,0.236965,0.134714,1.75903,0
14,18,4,10.0,-4.72447e-07,-7.9504e-07,4.74068e-07,0.237617,0.134726,1.76371,0
15,18,4,10.0,-4.82803e-07,-8.32763e-07,8.00197e-07,0.237268,0.134716,1.76124,0
16,18,4,10.0,-4.63781e-07,-8.13752e-07,1.0861e-06,0.237095,0.134712,1.76001,0
17,18,4,10.0,-5.21601e-07,-9.79515e-07,1.36737e-06,0.238372,0.134755,1.76893,0
18,18,4,10.0,-5.00508e-07,-1.38456e-06,1.63375e-06,0.237617,0.134726,1.76371,0
19,18,4,10.0,-4.55624e-07,-1.56353e-06,1.7814e-06,0.237268,0.134716,1.76124,0
20,18,4,10.0,-4.414e-07,-1.817e-06,1.83913e-06,0.237105,0.134713,1.76007,0
21,18,4,10.0,-4.51247e-07,-2.15667e-06,1.81601e-06,0.23703,0.134713,1.75952,0
22,18,4,10.0,-4.52747e-07,-2.60956e-06,1.67563e-06,0.236995,0.134713,1.75926,0
23,18,4,10.0,-4.61837e-07,-3.23066e-06,1.39792e-06,0.236979,0.134713,1.75914,0
0,19,4,10.0,-8.54386e-08,-6.23952e-07,-3.90085e-06,0.238393,0.134758,1.76905,0
1,19,4,10.0,4.25776e-07,2.03663e-06,-3.93878e-06,0.237627,0.134727,1.76376,0
2,19,4,10.0,2.14256e-07,1.25971e-06,-3.92465e-06,0.237272,0.134717,1.76126,0
3,19,4,10.0,1.19934e-07,6.87586e-07,-3.88484e-06,0.237107,0.134714,1.76008,0
4,19,4,10.0,3.35631e-08,2.61678e-07,-3.80013e-06,0.237031,0.134713,1.75953,0
5,19,4,10.0,-3.67521e-08,6.47103e-09,-3.67532e-06,0.236995,0.134713,1.75926,0
6,19,4,10.0,-1.53434e-07,-1.75538e-07,-3.5161e-06,0.236979,0.134713,1.75914,0
7,19,4,10.0,-1.98486e-07,-2.92055e-07,-3.32356e-06,0.236971,0.134713,1.75908,0
8,19,4,10.0,-2.08995e-07,-3.47452e-07,-3.0843e-06,0.236968,0.134713,1.75905,0
9,19,4,10.0,-2.37864e-07,-3.6271e-07,-2.81163e-06,0.236966,0.134713,1.75904,0
10,19,4,10.0,-3.16015e-07,-3.87627e-07,-2.52196e-06,0.236965,0.134713,1.75903,0
11,19,4,10.0,-3.24067e-07,-4.15e-07,-2.20939e-06,0.236965,0.134713,1.75903,0
12,19,4,10.0,-3.16081e-07,-4.36479e-07,-1.86894e-06,0.236965,0.134714,1.75903,0
13,19,4,10.0,-3.44052e-07,-3.74274e-07,-1.50489e-06,0.236965,0.134714,1.75903,0
14,19,4,10.0,-4.55866e-07,-7.83386e-07,-7.22943e-07,0.237617,0.134726,1.76371,0
15,19,4,10.0,-4.45878e-07,-7.79762e-07,-3.57091e-07,0.237267,0.134716,1.76124,0
16,19,4,10.0,-4.13695e-07,-7.73671e-07,-9.29547e-09,0.237094,0.134712,1.76001,0
17,19,4,10.0,-4.07186e-07,-9.12227e-07,3.33081e-07,0.238372,0.134755,1.76893,0
18,19,4,10.0,-4.25655e-07,-1.291e-06,6.62668e-07,0.237617,0.134726,1.76371,0
19,19,4,10.0,-3.78105e-07,-1.47497e-06,9.03469e-07,0.237267,0.134716,1.76124,0
20,19,4,10.0,-3.63652e-07,-1.73366e-06,1.06587e-06,0.237105,0.134713,1.76007,0
21,19,4,10.0,-3.63673e-07,-2.06809e-06,1.14001e-06,0.23703,0.134713,1.75952,0
22,19,4,10.0,-3.65849e-07,-2.50351e-06,1.11842e-06,0.236995,0.134713,1.75926,0
23,19,4,10.0,-3.98768e-07,-3.08944e-06,9.70847e-07,0.236979,0.134713,1.75914,0
0,20,4,10.0,-8.48881e-08,-5.63189e-07,-4.82026e-06,0.238393,0.134758,1.76905,0
1,20,4,10.0,3.17888e-07,1.91058e-06,-4.84638e-06,0.237627,0.134727,1.76376,0
2,20,4,10.0,2.35294e-07,1.18845e-06,-4.83906e-06,0.237272,0.134717,1.76126,0
3,20,4,10.0,1.11823e-07,6.59569e-07,-4.80115e-06,0.237107,0.134714,1.76008,0
4,20,4,10.0,-2.60911e-09,2.90711e-07,-4.73726e-06,0.237031,0.134713,1.75953,0
5,20,4,10.0,-9.94271e-08,3.64285e-08,-4.63958e-06,0.236995,0.134713,1.75926,0
6,20,4,10.0,-1.06073e-07,-1.29497e-07,-4.5068e-06,0.236979,0.134713,1.75914,0
7,20,4,10.0,-1.53435e-07,-2.33736e-07,-4.33453e-06,0.236971,0.134713,1.75908,0
8,20,4,10.0,-2.13846e-07,-2.99142e-07,-4.12298e-06,0.236968,0.134713,1.75905,0
9,20,4,10.0,-2.67502e-07,-3.30271e-07,-3.88039e-06,0.236966,0.134713,1.75904,0
10,20,4,10.0,-2.46192e-07,-3.50352e-07,-3.61744e-06,0.236965,0.134713,1.75903,0
11,20,4,10.0,-2.61088e-07,-3.95689e-07,-3.32722e-06,0.236965,0.134713,1.75903,0
12,20,4,10.0,-3.20221e-07,-4.1503e-07,-3.01116e-06,0.236965,0.134714,1.75903,0
13,20,4,10.0,-3.05987e-07,-3.80177e-07,-2.66648e-06,0.236965,0.134714,1.75903,0
14,20,4,10.0,-3.94598e-07,-7.47732e-07,-1.88048e-06,0.237617,0.134726,1.76371,0
15,20,4,10.0,-3.88122e-07,-7.39966e-07,-1.47236e-06,0.237267,0.134716,1.76124,0
16,20,4,10.0,-3.60555e-07,-7.35184e-07,-1.06523e-06,0.237094,0.134712,1.76001,0
17,20,4,10.0,-4.01139e-07,-8.69037e-07,-6.58962e-07,0.238372,0.134755,1.76893,0
18,20,4,10.0,-3.33424e-07,-1.20195e-06,-2.57678e-07,0.237617,0.134726,1.76371,0
19,20,4,10.0,-3.32414e-07,-1.38839e-06,7.06949e-08,0.237267,0.134716,1.76124,0
20,20,4,10.0,-3.19136e-07,-1.64054e-06,3.27455e-07,0.237105,0.134713,1.76007,0
21,20,4,10.0,-3.09705e-07,-1.9615e-06,5.06527e-07,0.23703,0.134713,1.75952,0
22,20,4,10.0,-3.26211e-07,-2.37359e-06,5.97817e-07,0.236995,0.134713,1.75926,0
23,20,4,10.0,-3.42409e-07,-2.91406e-06,5.80951e-07,0.236979,0.134713,1.75914,0
0,21,4,10.0,-1.04705e-07,-5.33822e-07,-5.6573e-06,0.238393,0.134758,1.76905,0
1,21,4,10.0,3.16121e-07,1.78612e-06,-5.68763e-06,0.237627,0.134727,1.76376,0
2,21,4,10.0,1.7006e-07,1.14563e-06,-5.67664e-06,0.237272,0.134717,1.76126,0
3,21,4,10.0,5.51757e-08,6.43416e-07,-5.65043e-06,0.237107,0.134714,1.76008,0
4,21,4,10.0,-1.97789e-08,2.92706e-07,-5.60628e-06,0.237031,0.134713,1.75953,0
5,21,4,10.0,-5.58656e-08,8.24415e-08,-5.52733e-06,0.236995,0.134713,1.75926,0
6,21,4,10.0,-1.09238e-07,-8.70827e-08,-5.40696e-06,0.236979,0.134713,1.75914,0
7,21,4,10.0,-1.63916e-07,-2.05374e-07,-5.25733e-06,0.236971,0.134713,1.75908,0
8,21,4,10.0,-1.94219e-07,-2.62878e-07,-5.07553e-06,0.236968,0.134713,1.75905,0
9,21,4,10.0,-2.00267e-07,-2.73947e-07,-4.86232e-06,0.236966,0.134713,1.75904,0
10,21,4,10.0,-2.25705e-07,-3.12858e-07,-4.61695e-06,0.236965,0.134713,1.75903,0
11,21,4,10.0,-2.56894e-07,-3.63385e-07,-4.34974e-06,0.236965,0.134713,1.75903,0
12,21,4,10.0,-2.63131e-07,-3.89464e-07,-4.05996e-06,0.236965,0.134714,1.75903,0
13,21,4,10.0,-2.60722e-07,-3.64358e-07,-3.72597e-06,0.236965,0.134714,1.75903,0
14,21,4,10.0,-3.31251e-07,-7.05501e-07,-2.9249e-06,0.237617,0.134726,1.76371,0
15,21,4,10.0,-3.42973e-07,-7.00426e-07,-2.4868e-06,0.237267,0.134716,1.76124,0
16,21,4,10.0,-3.17012e-07,-7.02826e-07,-2.03338e-06,0.237094,0.134712,1.76001,0
17,21,4,10.0,-3.07373e-07,-8.30291e-07,-1.57306e-06,0.238372,0.134755,1.76893,0
18,21,4,10.0,-3.01779e-07,-1.13777e-06,-1.09977e-06,0.237617,0.134726,1.76371,0
19,21,4,10.0,-2.86069e-07,-1.31525e-06,-6.9522e-07,0.237267,0.134716,1.76124,0
20,21,4,10.0,-2.7419e-07,-1.553e-06,-3.56553e-07,0.237105,0.134713,1.76007,0
21,21,4,10.0,-2.73393e-07,-1.85695e-06,-8.1201e-08,0.23703,0.134713,1.75952,0
22,21,4,10.0,-2.80796e-07,-2.24269e-06,1.12267e-07,0.236995,0.134713,1.75926,0
23,21,4,10.0,-3.15729e-07,-2.73874e-06,2.18143e-07,0.236979,0.134713,1.75914,0
0,22,4,10.0,-8.96005e-08,-4.82323e-07,-6.40988e-06,0.238393,0.134758,1.76905,0
1,22,4,10.0,2.49791e-07,1.68941e-06,-6.40456e-06,0.237627,0.134727,1.76376,0
2,22,4,10.0,1.08612e-07,1.09511e-06,-6.40161e-06,0.237272,0.134717,1.76126,0
3,22,4,10.0,4.98501e-08,6.5455e-07,-6.38614e-06,0.237107,0.134714,1.76008,0
4,22,4,10.0,-1.5553e-08,3.17369e-07,-6.34826e-06,0.237031,0.134713,1.75953,0
5,22,4,10.0,-5.60245e-08,1.12758e-07,-6.27891e-06,0.236995,0.134713,1.75926,0
6,22,4,10.0,-1.18852e-07,-4.5416e-08,-6.18057e-06,0.236979,0.134713,1.75914,0
7,22,4,10.0,-1.40637e-07,-1.39404e-07,-6.05376e-06,0.236971,0.134713,1.75908,0
8,22,4,10.0,-1.54708e-07,-2.09259e-07,-5.8887e-06,0.236968,0.134713,1.75905,0
9,22,4,10.0,-1.68453e-07,-2.39914e-07,-5.69417e-06,0.236966,0.134713,1.75904,0
10,22,4,10.0,-2.09073e-07,-2.74224e-07,-5.47449e-06,0.236965,0.134713,1.75903,0
11,22,4,10.0,-2.15632e-07,-3.13945e-07,-5.22886e-06,0.236965,0.134713,1.75903,0
12,22,4,10.0,-2.07568e-07,-3.41928e-07,-4.94468e-06,0.236965,0.134714,1.75903,0
13,22,4,10.0,-2.18925e-07,-3.41297e-07,-4.62612e-06,0.236985,0.134717,1.75913,0
14,22,4,10.0,-2.92207e-07,-6.65248e-07,-3.81757e-06,0.237617,0.134726,1.76371,0
15,22,4,10.0,-2.70247e-07,-6.45404e-07,-3.35798e-06,0.237267,0.134716,1.76124,0
16,22,4,10.0,-2.69819e-07,-6.79812e-07,-2.87389e-06,0.237094,0.134712,1.76001,0
17,22,4,10.0,-2.52482e-07,-7.88325e-07,-2.36639e-06,0.238372,0.134755,1.76893,0
18,22,4,10.0,-2.4876e-07,-1.08827e-06,-1.8483e-06,0.237617,0.134726,1.76371,0
19,22,4,10.0,-2.36703e-07,-1.24854e-06,-1.3873e-06,0.237267,0.134716,1.76124,0
20,22,4,10.0,-2.3182e-07,-1.47075e-06,-9.76881e-07,0.237105,0.134713,1.76007,0
21,22,4,10.0,-2.326e-07,-1.75473e-06,-6.2703e-07,0.23703,0.134713,1.75952,0
22,22,4,10.0,-2.4341e-07,-2.11455e-06,-3.40459e-07,0.236995,0.134713,1.75926,0
23,22,4,10.0,-2.70354e-07,-2.57302e-06,-1.31393e-07,0.236979,0.134713,1.75914,0
0,23,4,10.0,-6.31395e-08,-4.30801e-07,-6.97295e-06,0.238393,0.134758,1.76905,0
1,23,4,10.0,1.48457e-07,1.61913e-06,-6.95967e-06,0.237627,0.134727,1.76376,0
2,23,4,10.0,9.56652e-08,1.07595e-06,-6.95643e-06,0.237272,0.134717,1.76126,0
3,23,4,10.0,2.14248e-08,6.55033e-07,-6.94379e-06,0.237107,0.134714,1.76008,0
4,23,4,10.0,-3.11399e-08,3.66245e-07,-6.91659e-06,0.237031,0.134713,1.75953,0
5,23,4,10.0,-7.9628e-08,1.60032e-07,-6.86173e-06,0.236995,0.134713,1.75926,0
6,23,4,10.0,-8.8368e-08,2.61114e-08,-6.77979e-06,0.236979,0.134713,1.75914,0
7,23,4,10.0,-1.10021e-07,-8.62958e-08,-6.66408e-06,0.236971,0.134713,1.75908,0
8,23,4,10.0,-1.35881e-07,-1.39165e-07,-6.51841e-06,0.236968,0.134713,1.75905,0
9,23,4,10.0,-1.62517e-07,-1.77583e-07,-6.34234e-06,0.236966,0.134713,1.75904,0
10,23,4,10.0,-1.52838e-07,-2.01351e-07,-6.13895e-06,0.236965,0.134713,1.75903,0
11,23,4,10.0,-1.60211e-07,-2.5153e-07,-5.90216e-06,0.236965,0.134713,1.75903,0
12,23,4,10.0,-1.75747e-07,-2.75952e-07,-5.62707e-06,0.236965,0.134714,1.75903,0
13,23,4,10.0,-1.7451e-07,-2.75709e-07,-5.31629e-06,0.236985,0.134717,1.75913,0
14,23,4,10.0,-2.08683e-07,-5.764e-07,-4.50839e-06,0.237617,0.134726,1.76371,0
15,23,4,10.0,-2.07392e-07,-5.88646e-07,-4.03502e-06,0.237267,0.134716,1.76124,0
16,23,4,10.0,-2.04954e-07,-6.21278e-07,-3.53545e-06,0.237094,0.134712,1.76001,0
17,23,4,10.0,-2.24104e-07,-7.42555e-07,-3.00723e-06,0.238372,0.134755,1.76893,0
18,23,4,10.0,-2.16552e-07,-1.03264e-06,-2.46054e-06,0.237617,0.134726,1.76371,0
19,23,4,10.0,-2.09023e-07,-1.17744e-06,-1.96011e-06,0.237267,0.134716,1.76124,0
20,23,4,10.0,-2.00914e-07,-1.3803e-06,-1.50243e-06,0.237105,0.134713,1.76007,0
21,23,4,10.0,-1.96803e-07,-1.64649e-06,-1.09184e-06,0.23703,0.134713,1.75952,0
22,23,4,10.0,-2.0328e-07,-1.98631e-06,-7.35504e-07,0.236995,0.134713,1.75926,0
23,23,4,10.0,-2.16931e-07,-2.41277e-06,-4.39015e-07,0.236979,0.134713,1.75914,0
0,0,5,10.0,-6.26606e-09,-2.1095e-07,9.57184e-06,0.238384,0.134764,1.7689,0
1,0,5,10.0,6.61707e-09,2.59272e-07,9.59715e-06,0.237609,0.134736,1.76352,0
2,0,5,10.0,-1.49647e-09,3.65205e-08,9.62806e-06,0.237248,0.134726,1.76097,0
3,0,5,10.0,-8.71363e-09,-1.31854e-07,9.68475e-06,0.23708,0.134723,1.75976,0
4,0,5,10.0,-1.61629e-08,-2.61401e-07,9.7641e-06,0.237001,0.134722,1.75919,0
5,0,5,10.0,-2.03501e-08,-3.69298e-07,9.85221e-06,0.236964,0.134722,1.75892,0
6,0,5,10.0,-2.45987e-08,-4.59196e-07,9.93678e-06,0.236947,0.134722,1.75879,0
7,0,5,10.0,-2.96661e-08,-5.40339e-07,9.99974e-06,0.236939,0.134722,1.75873,0
8,0,5,10.0,-3.42216e-08,-6.03198e-07,1.00275e-05,0.236936,0.134722,1.7587,0
9,0,5,10.0,-3.76705e-08,-6.61013e-07,1.00008e-05,0.236934,0.134722,1.75868,0
10,0,5,10.0,-3.87841e-08,-7.15756e-07,9.91099e-06,0.236933,0.134722,1.75868,0
11,0,5,10.0,-2.89046e-08,-7.82462e-07,9.75434e-06,0.236933,0.134722,1.75868,0
12,0,5,10.0,-4.79891e-08,-8.50353e-07,9.53762e-06,0.236933,0.134722,1.75867,0
13,0,5,10.0,-3.88914e-08,-9.10778e-07,9.26492e-06,0.236932,0.134722,1.75867,0
14,0,5,10.0,-7.46526e-08,-1.146e-06,8.54078e-06,0.2376,0.134734,1.76347,0
15,0,5,10.0,-4.23488e-08,-1.15867e-06,8.07391e-06,0.237244,0.134725,1.76095,0
16,0,5,10.0,-4.30536e-08,-1.17231e-06,7.5405e-06,0.237077,0.134722,1.75975,0
17,0,5,10.0,-6.11068e-08,-1.18579e-06,6.94298e-06,0.237,0.134722,1.75918,0
18,0,5,10.0,-5.42512e-08,-1.20646e-06,6.26625e-06,0.236964,0.134722,1.75892,0
19,0,5,10.0,-4.09398e-08,-1.23823e-06,5.52082e-06,0.236947,0.134722,1.75879,0
20,0,5,10.0,-4.4535e-08,-1.29314e-06,4.71414e-06,0.236939,0.134722,1.75873,0
21,0,5,10.0,-4.27959e-08,-1.37275e-06,3.85545e-06,0.236936,0.134722,1.7587,0
22,0,5,10.0,-4.32058e-08,-1.46127e-06,2.96074e-06,0.236934,0.134722,1.75869,0
23,0,5,10.0,-3.81328e-08,-1.56641e-06,2.0509e-06,0.236933,0.134722,1.75868,0
0,1,5,10.0,-1.26915e-08,-1.52903e-07,9.51511e-06,0.238395,0.134765,1.76896,0
1,1,5,10.0,5.9536e-08,6.50253e-07,9.52803e-06,0.23763,0.134738,1.76364,0
2,1,5,10.0,3.82229e-08,4.60677e-07,9.55707e-06,0.237275,0.134729,1.76113,0
3,1,5,10.0,1.79684e-08,3.23554e-07,9.6118e-06,0.237111,0.134726,1.75995,0
4,1,5,10.0,5.27756e-11,2.23635e-07,9.68581e-06,0.237035,0.134726,1.75939,0
5,1,5,10.0,-1.40093e-08,1.49986e-07,9.76857e-06,0.237,0.134726,1.75912,0
6,1,5,10.0,-2.66744e-08,9.2023e-08,9.84608e-06,0.236983,0.134726,1.759,0
7,1,5,10.0,-4.06981e-08,4.78239e-08,9.90313e-06,0.236976,0.134726,1.75894,0
8,1,5,10.0,-5.34566e-08,1.64226e-08,9.92501e-06,0.236972,0.134726,1.75891,0
9,1,5,10.0,-6.51453e-08,-6.21113e-09,9.89923e-06,0.236971,0.134727,1.7589,0
10,1,5,10.0,-6.3468e-08,-2.91527e-08,9.81563e-06,0.23697,0.134727,1.7589,0
11,1,5,10.0,-7.38668e-08,-6.13749e-08,9.67123e-06,0.23697,0.134727,1.75889,0
12,1,5,10.0,-7.6443e-08,-1.22757e-07,9.46109e-06,0.236969,0.134727,1.75889,0
13,1,5,10.0,-8.51821e-08,-1.46043e-07,9.19529e-06,0.236969,0.134727,1.75889,0
14,1,5,10.0,-1.10545e-07,-4.25028e-07,8.4763e-06,0.23762,0.134737,1.76358,0
15,1,5,10.0,-1.08089e-07,-4.29175e-07,8.02634e-06,0.237271,0.134728,1.7611,0
16,1,5,10.0,-1.14537e-07,-4.6239e-07,7.50815e-06,0.237109,0.134726,1.75993,0
17,1,5,10.0,-1.33601e-07,-5.06626e-07,6.91899e-06,0.237034,0.134726,1.75938,0
18,1,5,10.0,-1.13803e-07,-5.61151e-07,6.2628e-06,0.236999,0.134726,1.75912,0
19,1,5,10.0,-1.23784e-07,-6.40362e-07,5.53818e-06,0.236983,0.134726,1.759,0
20,1,5,10.0,-1.24621e-07,-7.633e-07,4.74823e-06,0.236976,0.134726,1.75894,0
21,1,5,10.0,-1.23453e-07,-9.23308e-07,3.90324e-06,0.236972,0.134726,1.75891,0
22,1,5,10.0,-1.259e-07,-1.11115e-06,3.01937e-06,0.236971,0.134727,1.7589,0
23,1,5,10.0,-1.20111e-07,-1.33703e-06,2.11446e-06,0.23697,0.134727,1.7589,0
0,2,5,10.0,-2.06832e-08,-1.59742e-07,9.34838e-06,0.238395,0.134765,1.76896,0
1,2,5,10.0,1.15309e-07,6.62689e-07,9.35335e-06,0.23763,0.134738,1.76364,0
2,2,5,10.0,7.84918e-08,4.64243e-07,9.38059e-06,0.237275,0.134729,1.76113,0
3,2,5,10.0,4.39719e-08,3.18759e-07,9.4324e-06,0.237111,0.134726,1.75995,0
4,2,5,10.0,1.37694e-08,2.12097e-07,9.50219e-06,0.237035,0.134726,1.75939,0
5,2,5,10.0,-1.248e-08,1.32258e-07,9.57959e-06,0.237,0.134726,1.75913,0
6,2,5,10.0,-3.69721e-08,7.20235e-08,9.65131e-06,0.236984,0.134726,1.759,0
7,2,5,10.0,-5.98688e-08,2.67176e-08,9.70261e-06,0.236976,0.134726,1.75894,0
8,2,5,10.0,-8.1089e-08,-5.46466e-09,9.7217e-06,0.236973,0.134727,1.75892,0
9,2,5,10.0,-9.58882e-08,-2.7518e-08,9.6979e-06,0.236971,0.134727,1.7589,0
10,2,5,10.0,-1.03053e-07,-4.77513e-08,9.62443e-06,0.23697,0.134727,1.7589,0
11,2,5,10.0,-1.13626e-07,-8.97758e-08,9.48944e-06,0.23697,0.134727,1.75889,0
12,2,5,10.0,-1.0845e-07,-1.33004e-07,9.29692e-06,0.23697,0.134727,1.75889,0
13,2,5,10.0,-1.21124e-07,-1.76903e-07,9.03972e-06,0.23697,0.134727,1.75889,0
14,2,5,10.0,-1.40762e-07,-4.57407e-07,8.34432e-06,0.23762,0.134737,1.76358,0
15,2,5,10.0,-1.53494e-07,-4.68403e-07,7.90714e-06,0.237271,0.134729,1.7611,0
16,2,5,10.0,-1.71097e-07,-5.00453e-07,7.40356e-06,0.237109,0.134726,1.75993,0
17,2,5,10.0,-1.75066e-07,-5.42067e-07,6.83399e-06,0.237034,0.134726,1.75938,0
18,2,5,10.0,-1.73572e-07,-5.95709e-07,6.20408e-06,0.237,0.134726,1.75912,0
19,2,5,10.0,-1.78191e-07,-6.83063e-07,5.50321e-06,0.236984,0.134726,1.759,0
20,2,5,10.0,-1.75687e-07,-8.06613e-07,4.73661e-06,0.236976,0.134726,1.75894,0
21,2,5,10.0,-1.73235e-07,-9.64802e-07,3.91635e-06,0.236973,0.134727,1.75892,0
22,2,5,10.0,-1.74468e-07,-1.15648e-06,3.0517e-06,0.236971,0.134727,1.7589,0
23,2,5,10.0,-1.71529e-07,-1.38245e-06,2.16099e-06,0.23697,0.134727,1.7589,0
0,3,5,10.0,-3.27865e-08,-1.73761e-07,9.05478e-06,0.238395,0.134765,1.76896,0
1,3,5,10.0,1.74387e-07,6.92148e-07,9.05568e-06,0.23763,0.134738,1.76364,0
2,3,5,10.0,1.20776e-07,4.77698e-07,9.08182e-06,0.237275,0.134729,1.76113,0
3,3,5,10.0,7.31341e-08,3.17101e-07,9.13098e-06,0.237111,0.134726,1.75995,0
4,3,5,10.0,3.11724e-08,1.9855e-07,9.19674e-06,0.237035,0.134726,1.75939,0
5,3,5,10.0,-6.52893e-09,1.11564e-07,9.26939e-06,0.237,0.134726,1.75913,0
6,3,5,10.0,-4.05708e-08,4.57992e-08,9.33609e-06,0.236984,0.134726,1.759,0
7,3,5,10.0,-7.16774e-08,-1.68379e-09,9.38436e-06,0.236976,0.134726,1.75894,0
8,3,5,10.0,-9.83808e-08,-3.45049e-08,9.4032e-06,0.236973,0.134727,1.75892,0
9,3,5,10.0,-1.19279e-07,-5.66723e-08,9.38486e-06,0.236971,0.134727,1.7589,0
10,3,5,10.0,-1.38213e-07,-7.86297e-08,9.32112e-06,0.23697,0.134727,1.7589,0
11,3,5,10.0,-1.36688e-07,-1.1743e-07,9.20571e-06,0.23697,0.134727,1.75889,0
12,3,5,10.0,-1.50579e-07,-1.64462e-07,9.03003e-06,0.23697,0.134727,1.75889,0
13,3,5,10.0,-1.52659e-07,-2.07154e-07,8.79335e-06,0.23697,0.134727,1.75889,0
14,3,5,10.0,-1.91586e-07,-4.99644e-07,8.13467e-06,0.23762,0.134737,1.76358,0
15,3,5,10.0,-2.13066e-07,-5.09093e-07,7.71278e-06,0.237271,0.134729,1.7611,0
16,3,5,10.0,-2.26053e-07,-5.42129e-07,7.2275e-06,0.237109,0.134726,1.75993,0
17,3,5,10.0,-2.25123e-07,-5.85344e-07,6.68361e-06,0.237034,0.134726,1.75938,0
18,3,5,10.0,-2.42476e-07,-6.42576e-07,6.07886e-06,0.237,0.134726,1.75912,0
19,3,5,10.0,-2.33604e-07,-7.2709e-07,5.40964e-06,0.236984,0.134726,1.759,0
20,3,5,10.0,-2.33563e-07,-8.54589e-07,4.67667e-06,0.236976,0.134726,1.75894,0
21,3,5,10.0,-2.41973e-07,-1.01989e-06,3.88576e-06,0.236973,0.134727,1.75892,0
22,3,5,10.0,-2.37404e-07,-1.21224e-06,3.05106e-06,0.236971,0.134727,1.7589,0
23,3,5,10.0,-2.4054e-07,-1.44173e-06,2.1829e-06,0.23697,0.134727,1.7589,0
0,4,5,10.0,-4.44542e-08,-1.93423e-07,8.63301e-06,0.238395,0.134765,1.76896,0
1,4,5,10.0,2.3229e-07,7.4172e-07,8.63162e-06,0.23763,0.134738,1.76364,0
2,4,5,10.0,1.61019e-07,5.03656e-07,8.65711e-06,0.237275,0.134729,1.76113,0
3,4,5,10.0,9.99531e-08,3.24526e-07,8.70494e-06,0.237111,0.134726,1.75995,0
4,4,5,10.0,4.61926e-08,1.90703e-07,8.76846e-06,0.237035,0.134726,1.75939,0
5,4,5,10.0,-1.37056e-09,9.20993e-08,8.83792e-06,0.237,0.134726,1.75913,0
6,4,5,10.0,-4.44285e-08,2.14241e-08,8.90233e-06,0.236984,0.134726,1.759,0
7,4,5,10.0,-8.24429e-08,-2.88661e-08,8.95017e-06,0.236976,0.134726,1.75894,0
8,4,5,10.0,-1.15139e-07,-6.25475e-08,8.97214e-06,0.236973,0.134727,1.75892,0
9,4,5,10.0,-1.42597e-07,-8.54009e-08,8.96042e-06,0.236971,0.134727,1.7589,0
10,4,5,10.0,-1.63674e-07,-1.05911e-07,8.90957e-06,0.23697,0.134727,1.7589,0
11,4,5,10.0,-1.76727e-07,-1.46227e-07,8.81238e-06,0.23697,0.134727,1.75889,0
12,4,5,10.0,-1.83817e-07,-1.92161e-07,8.6603e-06,0.23697,0.134727,1.75889,0
13,4,5,10.0,-1.97611e-07,-2.28752e-07,8.44773e-06,0.23697,0.134727,1.75889,0
14,4,5,10.0,-2.40084e-07,-5.29491e-07,7.84001e-06,0.23762,0.134737,1.76358,0
15,4,5,10.0,-2.57843e-07,-5.47825e-07,7.43586e-06,0.237271,0.134729,1.7611,0
16,4,5,10.0,-2.67563e-07,-5.81024e-07,6.97099e-06,0.237109,0.134726,1.75993,0
17,4,5,10.0,-2.88727e-07,-6.2443e-07,6.45296e-06,0.237034,0.134726,1.75938,0
18,4,5,10.0,-2.92146e-07,-6.84833e-07,5.87651e-06,0.237,0.134726,1.75912,0
19,4,5,10.0,-3.01006e-07,-7.76246e-07,5.24229e-06,0.236984,0.134726,1.759,0
20,4,5,10.0,-3.04075e-07,-9.07596e-07,4.54594e-06,0.236976,0.134726,1.75894,0
21,4,5,10.0,-2.9895e-07,-1.07668e-06,3.79352e-06,0.236973,0.134727,1.75892,0
22,4,5,10.0,-3.07769e-07,-1.27786e-06,2.9955e-06,0.236971,0.134727,1.7589,0
23,4,5,10.0,-3.1179e-07,-1.51736e-06,2.15988e-06,0.23697,0.134727,1.7589,0
0,5,5,10.0,-5.79579e-08,-2.21328e-07,8.07625e-06,0.238395,0.134765,1.76896,0
1,5,5,10.0,2.88016e-07,8.14245e-07,8.07856e-06,0.23763,0.134738,1.76364,0
2,5,5,10.0,1.992e-07,5.44758e-07,8.10481e-06,0.237275,0.134729,1.76113,0
3,5,5,10.0,1.24351e-07,3.38987e-07,8.15313e-06,0.237111,0.134726,1.75995,0
4,5,5,10.0,6.00387e-08,1.85185e-07,8.21685e-06,0.237035,0.134726,1.75939,0
5,5,5,10.0,3.00477e-09,7.48293e-08,8.28708e-06,0.237,0.134726,1.75913,0
6,5,5,10.0,-4.71324e-08,-3.83943e-09,8.35239e-06,0.236984,0.134726,1.759,0
7,5,5,10.0,-9.16595e-08,-5.67261e-08,8.403e-06,0.236976,0.134726,1.75894,0
8,5,5,10.0,-1.30668e-07,-9.1345e-08,8.42974e-06,0.236973,0.134727,1.75892,0
9,5,5,10.0,-1.62884e-07,-1.13647e-07,8.42598e-06,0.236971,0.134727,1.7589,0
10,5,5,10.0,-1.90837e-07,-1.35622e-07,8.38721e-06,0.23697,0.134727,1.7589,0
11,5,5,10.0,-2.10183e-07,-1.68337e-07,8.30857e-06,0.23697,0.134727,1.75889,0
12,5,5,10.0,-2.20921e-07,-2.16121e-07,8.17788e-06,0.23697,0.134727,1.75889,0
13,5,5,10.0,-2.32902e-07,-2.51197e-07,7.99118e-06,0.23697,0.134727,1.75889,0
14,5,5,10.0,-3.01917e-07,-5.70069e-07,7.43562e-06,0.23762,0.134737,1.76358,0
15,5,5,10.0,-3.04866e-07,-5.80431e-07,7.05661e-06,0.237271,0.134729,1.7611,0
16,5,5,10.0,-3.20535e-07,-6.1615e-07,6.61797e-06,0.237109,0.134726,1.75993,0
17,5,5,10.0,-3.45213e-07,-6.66783e-07,6.12401e-06,0.237034,0.134726,1.75938,0
18,5,5,10.0,-3.52074e-07,-7.30387e-07,5.58015e-06,0.237,0.134726,1.75912,0
19,5,5,10.0,-3.60624e-07,-8.27709e-07,4.98181e-06,0.236984,0.134726,1.759,0
20,5,5,10.0,-3.64532e-07,-9.66459e-07,4.32725e-06,0.236976,0.134726,1.75894,0
21,5,5,10.0,-3.70055e-07,-1.14413e-06,3.62016e-06,0.236973,0.134727,1.75892,0
22,5,5,10.0,-3.80003e-07,-1.35699e-06,2.86684e-06,0.236971,0.134727,1.7589,0
23,5,5,10.0,-3.84231e-07,-1.6123e-06,2.0759e-06,0.23697,0.134727,1.7589,0
0,6,5,10.0,-6.86895e-08,-2.56407e-07,7.38061e-06,0.238395,0.134765,1.76896,0
1,6,5,10.0,3.44946e-07,9.07249e-07,7.39608e-06,0.23763,0.134738,1.76364,0
2,6,5,10.0,2.37855e-07,5.97256e-07,7.42475e-06,0.237275,0.134729,1.76113,0
3,6,5,10.0,1.49538e-07,3.60997e-07,7.47584e-06,0.237111,0.134726,1.75995,0
4,6,5,10.0,7.50658e-08,1.82411e-07,7.54398e-06,0.237035,0.134726,1.75939,0
5,6,5,10.0,9.67305e-09,5.68138e-08,7.61763e-06,0.237,0.134726,1.75913,0
6,6,5,10.0,-4.81655e-08,-2.79344e-08,7.68673e-06,0.236984,0.134726,1.759,0
7,6,5,10.0,-9.9283e-08,-8.41043e-08,7.74169e-06,0.236976,0.134726,1.75894,0
8,6,5,10.0,-1.43288e-07,-1.18767e-07,7.77458e-06,0.236973,0.134727,1.75892,0
9,6,5,10.0,-1.80463e-07,-1.41018e-07,7.77902e-06,0.236971,0.134727,1.7589,0
10,6,5,10.0,-2.13767e-07,-1.60984e-07,7.75203e-06,0.23697,0.134727,1.7589,0
11,6,5,10.0,-2.39862e-07,-1.94618e-07,7.68696e-06,0.23697,0.134727,1.75889,0
12,6,5,10.0,-2.56064e-07,-2.33643e-07,7.57528e-06,0.23697,0.134727,1.75889,0
13,6,5,10.0,-2.76699e-07,-2.68093e-07,7.40881e-06,0.23697,0.134727,1.75889,0
14,6,5,10.0,-3.44616e-07,-6.0174e-07,6.9011e-06,0.23762,0.134737,1.76358,0
15,6,5,10.0,-3.58927e-07,-6.15561e-07,6.55068e-06,0.237271,0.134729,1.76111,0
16,6,5,10.0,-3.82238e-07,-6.4915e-07,6.13959e-06,0.237109,0.134726,1.75993,0
17,6,5,10.0,-3.95657e-07,-7.0116e-07,5.67634e-06,0.237034,0.134726,1.75938,0
18,6,5,10.0,-4.08079e-07,-7.74707e-07,5.16835e-06,0.237,0.134726,1.75912,0
19,6,5,10.0,-4.1984e-07,-8.82746e-07,4.61062e-06,0.236984,0.134726,1.759,0
20,6,5,10.0,-4.28884e-07,-1.0308e-06,4.00331e-06,0.236976,0.134726,1.75894,0
21,6,5,10.0,-4.38381e-07,-1.21932e-06,3.34855e-06,0.236973,0.134727,1.75892,0
22,6,5,10.0,-4.4755e-07,-1.44898e-06,2.65161e-06,0.236971,0.134727,1.7589,0
23,6,5,10.0,-4.57342e-07,-1.72823e-06,1.92101e-06,0.23697,0.134727,1.7589,0
0,7,5,10.0,-7.80388e-08,-2.98423e-07,6.56874e-06,0.238395,0.134765,1.76896,0
1,7,5,10.0,4.0218e-07,1.02243e-06,6.59537e-06,0.23763,0.134738,1.76364,0
2,7,5,10.0,2.78526e-07,6.63167e-07,6.62636e-06,0.237275,0.134729,1.76113,0
3,7,5,10.0,1.82201e-07,3.8536e-07,6.68266e-06,0.237111,0.134726,1.75995,0
4,7,5,10.0,9.40471e-08,1.82163e-07,6.75599e-06,0.237035,0.134726,1.75939,0
5,7,5,10.0,1.52153e-08,4.12712e-08,6.83332e-06,0.237,0.134726,1.75913,0
6,7,5,10.0,-5.04006e-08,-5.28491e-08,6.90369e-06,0.236984,0.134726,1.759,0
7,7,5,10.0,-1.04746e-07,-1.10744e-07,6.96337e-06,0.236976,0.134726,1.75894,0
8,7,5,10.0,-1.49724e-07,-1.44519e-07,7.00352e-06,0.236973,0.134727,1.75892,0
9,7,5,10.0,-1.92442e-07,-1.65071e-07,7.01642e-06,0.236971,0.134727,1.7589,0
10,7,5,10.0,-2.40008e-07,-1.85254e-07,7.00189e-06,0.23697,0.134727,1.7589,0
11,7,5,10.0,-2.64073e-07,-2.12791e-07,6.94906e-06,0.23697,0.134727,1.75889,0
12,7,5,10.0,-2.84822e-07,-2.50591e-07,6.84971e-06,0.23697,0.134727,1.75889,0
13,7,5,10.0,-3.04653e-07,-2.84275e-07,6.69688e-06,0.23697,0.134727,1.75889,0
14,7,5,10.0,-3.93154e-07,-6.39767e-07,6.22633e-06,0.23762,0.134737,1.76358,0
15,7,5,10.0,-4.26332e-07,-6.44945e-07,5.8979e-06,0.237271,0.134729,1.76111,0
16,7,5,10.0,-4.39855e-07,-6.80279e-07,5.51759e-06,0.237109,0.134726,1.75993,0
17,7,5,10.0,-4.39987e-07,-7.40864e-07,5.09204e-06,0.237034,0.134726,1.75938,0
18,7,5,10.0,-4.66058e-07,-8.23035e-07,4.62271e-06,0.237,0.134726,1.75912,0
19,7,5,10.0,-4.78441e-07,-9.41479e-07,4.11374e-06,0.236984,0.134726,1.759,0
20,7,5,10.0,-4.88718e-07,-1.10107e-06,3.56299e-06,0.236976,0.134726,1.75894,0
21,7,5,10.0,-5.00987e-07,-1.3034e-06,2.97265e-06,0.236973,0.134727,1.75892,0
22,7,5,10.0,-5.11994e-07,-1.55405e-06,2.34775e-06,0.236971,0.134727,1.7589,0
23,7,5,10.0,-5.30251e-07,-1.86417e-06,1.69326e-06,0.23697,0.134727,1.7589,0
0,8,5,10.0,-8.74978e-08,-3.48252e-07,5.63527e-06,0.238395,0.134765,1.76896,0
1,8,5,10.0,4.60015e-07,1.15453e-06,5.68189e-06,0.23763,0.134738,1.76364,0
2,8,5,10.0,3.39185e-07,7.38836e-07,5.71812e-06,0.237275,0.134729,1.76113,0
3,8,5,10.0,2.11349e-07,4.20972e-07,5.77525e-06,0.237111,0.134726,1.75995,0
4,8,5,10.0,9.95137e-08,1.86011e-07,5.84561e-06,0.237035,0.134726,1.75939,0
5,8,5,10.0,2.05516e-08,2.52711e-08,5.92089e-06,0.237,0.134726,1.75913,0
6,8,5,10.0,-2.99776e-08,-6.67133e-08,5.99278e-06,0.236984,0.134726,1.759,0
7,8,5,10.0,-1.06965e-07,-1.36524e-07,6.04994e-06,0.236976,0.134726,1.75894,0
8,8,5,10.0,-1.59351e-07,-1.67216e-07,6.09378e-06,0.236973,0.134727,1.75892,0
9,8,5,10.0,-1.95776e-07,-1.90503e-07,6.11404e-06,0.236971,0.134727,1.7589,0
10,8,5,10.0,-2.18301e-07,-2.22536e-07,6.127e-06,0.23697,0.134727,1.7589,0
11,8,5,10.0,-2.58836e-07,-2.54595e-07,6.08072e-06,0.23697,0.134727,1.75889,0
12,8,5,10.0,-2.88302e-07,-2.99371e-07,5.9831e-06,0.23697,0.134727,1.75889,0
13,8,5,10.0,-3.15661e-07,-3.26164e-07,5.84151e-06,0.23697,0.134727,1.75889,0
14,8,5,10.0,-4.33116e-07,-6.68948e-07,5.39956e-06,0.23762,0.134737,1.76358,0
15,8,5,10.0,-4.36276e-07,-6.74188e-07,5.09507e-06,0.237271,0.134729,1.7611,0
16,8,5,10.0,-4.50722e-07,-7.08243e-07,4.74244e-06,0.237109,0.134726,1.75993,0
17,8,5,10.0,-4.88674e-07,-7.70486e-07,4.3553e-06,0.237034,0.134726,1.75938,0
18,8,5,10.0,-4.92018e-07,-8.66472e-07,3.93344e-06,0.237,0.134726,1.75912,0
19,8,5,10.0,-5.15509e-07,-9.97317e-07,3.48086e-06,0.236984,0.134726,1.759,0
20,8,5,10.0,-5.32335e-07,-1.16961e-06,2.9998e-06,0.236976,0.134726,1.75894,0
21,8,5,10.0,-5.4811e-07,-1.3902e-06,2.48977e-06,0.236973,0.134727,1.75892,0
22,8,5,10.0,-5.72176e-07,-1.66531e-06,1.95356e-06,0.236971,0.134727,1.7589,0
23,8,5,10.0,-5.88141e-07,-2.01271e-06,1.39732e-06,0.23697,0.134727,1.7589,0
0,9,5,10.0,-8.72364e-08,-3.93624e-07,4.63856e-06,0.238405,0.134766,1.76902,0
1,9,5,10.0,5.52416e-07,1.29799e-06,4.66795e-06,0.23765,0.134741,1.76376,0
2,9,5,10.0,3.55959e-07,8.16698e-07,4.69233e-06,0.237302,0.134732,1.76129,0
3,9,5,10.0,2.33706e-07,4.41024e-07,4.73532e-06,0.237142,0.13473,1.76013,0
4,9,5,10.0,1.13811e-07,1.62552e-07,4.78871e-06,0.237069,0.13473,1.75959,0
5,9,5,10.0,2.56918e-08,-8.01578e-09,4.85166e-06,0.237035,0.13473,1.75933,0
6,9,5,10.0,-8.19774e-08,-1.23567e-07,4.91035e-06,0.237019,0.13473,1.75921,0
7,9,5,10.0,-1.15894e-07,-1.79626e-07,4.95894e-06,0.237012,0.134731,1.75916,0
8,9,5,10.0,-1.87268e-07,-2.21553e-07,4.99108e-06,0.236998,0.134729,1.75907,0
9,9,5,10.0,-1.96347e-07,-2.58937e-07,5.01136e-06,0.238384,0.134764,1.7689,0
10,9,5,10.0,-3.58876e-07,-7.4215e-07,5.02064e-06,0.23764,0.13474,1.7637,0
11,9,5,10.0,-3.66378e-07,-7.38374e-07,4.96739e-06,0.237298,0.134732,1.76126,0
12,9,5,10.0,-3.75604e-07,-7.14327e-07,4.87669e-06,0.23714,0.13473,1.76012,0
13,9,5,10.0,-4.01227e-07,-7.06667e-07,4.74316e-06,0.237068,0.13473,1.75958,0
14,9,5,10.0,-5.16879e-07,-1.21311e-06,4.35337e-06,0.23764,0.13474,1.7637,0
15,9,5,10.0,-5.04224e-07,-1.11605e-06,4.0824e-06,0.237298,0.134732,1.76126,0
16,9,5,10.0,-5.23649e-07,-1.10662e-06,3.76754e-06,0.23714,0.13473,1.76012,0
17,9,5,10.0,-5.34757e-07,-1.13302e-06,3.42156e-06,0.237068,0.13473,1.75958,0
18,9,5,10.0,-5.57873e-07,-1.18818e-06,3.0605e-06,0.237034,0.13473,1.75933,0
19,9,5,10.0,-5.67946e-07,-1.29673e-06,2.68192e-06,0.237019,0.13473,1.75921,0
20,9,5,10.0,-5.85055e-07,-1.45598e-06,2.28662e-06,0.237012,0.134731,1.75915,0
21,9,5,10.0,-6.05302e-07,-1.6671e-06,1.87807e-06,0.237009,0.134731,1.75913,0
22,9,5,10.0,-6.29691e-07,-1.94512e-06,1.45465e-06,0.237007,0.134731,1.75912,0
23,9,5,10.0,-6.56479e-07,-2.30841e-06,1.02345e-06,0.237007,0.134731,1.75911,0
0,10,5,10.0,-1.20428e-07,-4.58081e-07,3.51967e-06,0.238395,0.134765,1.76896,0
1,10,5,10.0,5.5825e-07,1.46479e-06,3.52297e-06,0.23763,0.134738,1.76364,0
2,10,5,10.0,4.03149e-07,9.05953e-07,3.53075e-06,0.237276,0.134729,1.76113,0
3,10,5,10.0,2.56754e-07,4.92759e-07,3.5467e-06,0.237112,0.134726,1.75995,0
4,10,5,10.0,1.16215e-07,1.95673e-07,3.57163e-06,0.237036,0.134726,1.75939,0
5,10,5,10.0,-2.48803e-10,1.08758e-08,3.60442e-06,0.237,0.134726,1.75913,0
6,10,5,10.0,-7.40193e-08,-9.51698e-08,3.63324e-06,0.236984,0.134726,1.759,0
7,10,5,10.0,-1.35127e-07,-1.68728e-07,3.65918e-06,0.236977,0.134726,1.75895,0
8,10,5,10.0,-1.86706e-07,-1.81378e-07,3.67167e-06,0.236963,0.134725,1.75886,0
9,10,5,10.0,-2.52003e-07,-2.16173e-07,3.67085e-06,0.238374,0.134762,1.76884,0
10,10,5,10.0,-3.86827e-07,-7.06934e-07,3.64502e-06,0.23762,0.134737,1.76359,0
11,10,5,10.0,-3.74083e-07,-6.82133e-07,3.5923e-06,0.237271,0.134729,1.76111,0
12,10,5,10.0,-4.00899e-07,-6.72408e-07,3.50665e-06,0.23711,0.134726,1.75994,0
13,10,5,10.0,-4.24387e-07,-6.67697e-07,3.386e-06,0.237035,0.134726,1.75938,0
14,10,5,10.0,-5.38877e-07,-1.23444e-06,3.04744e-06,0.23762,0.134737,1.76359,0
15,10,5,10.0,-5.64791e-07,-1.14716e-06,2.8118e-06,0.237271,0.134729,1.76111,0
16,10,5,10.0,-5.49399e-07,-1.1058e-06,2.54307e-06,0.237109,0.134726,1.75994,0
17,10,5,10.0,-5.58729e-07,-1.13837e-06,2.26183e-06,0.237035,0.134726,1.75939,0
18,10,5,10.0,-5.86681e-07,-1.21638e-06,1.97302e-06,0.237,0.134726,1.75913,0
19,10,5,10.0,-5.92096e-07,-1.33939e-06,1.68841e-06,0.236984,0.134726,1.759,0
20,10,5,10.0,-6.14288e-07,-1.52008e-06,1.40619e-06,0.236976,0.134726,1.75894,0
21,10,5,10.0,-6.4606e-07,-1.75773e-06,1.12065e-06,0.236973,0.134727,1.75892,0
22,10,5,10.0,-6.73594e-07,-2.06542e-06,8.40887e-07,0.236972,0.134727,1.75891,0
23,10,5,10.0,-7.07972e-07,-2.47624e-06,5.63207e-07,0.236971,0.134727,1.7589,0
0,11,5,10.0,-1.39938e-07,-5.30004e-07,2.21176e-06,0.238395,0.134765,1.76896,0
1,11,5,10.0,6.291e-07,1.61676e-06,2.21521e-06,0.23763,0.134738,1.76364,0
2,11,5,10.0,4.24812e-07,1.00007e-06,2.21712e-06,0.237275,0.134729,1.76113,0
3,11,5,10.0,2.58392e-07,5.25847e-07,2.21353e-06,0.237111,0.134726,1.75995,0
4,11,5,10.0,1.32393e-07,1.94757e-07,2.2028e-06,0.237035,0.134726,1.75939,0
5,11,5,10.0,-1.79189e-09,-1.04966e-08,2.19392e-06,0.237,0.134726,1.75913,0
6,11,5,10.0,-6.59265e-08,-8.97435e-08,2.18492e-06,0.236984,0.134726,1.759,0
7,11,5,10.0,-1.46037e-07,-1.7405e-07,2.17475e-06,0.236976,0.134726,1.75894,0
8,11,5,10.0,-2.17936e-07,-1.79955e-07,2.15121e-06,0.236962,0.134725,1.75886,0
9,11,5,10.0,-2.75265e-07,-2.32265e-07,2.10927e-06,0.238374,0.134762,1.76884,0
10,11,5,10.0,-3.77347e-07,-7.61462e-07,2.06828e-06,0.23762,0.134737,1.76358,0
11,11,5,10.0,-4.24738e-07,-7.30351e-07,2.01744e-06,0.237271,0.134729,1.7611,0
12,11,5,10.0,-4.36072e-07,-7.09191e-07,1.93734e-06,0.237109,0.134726,1.75994,0
13,11,5,10.0,-4.3564e-07,-7.07653e-07,1.83168e-06,0.237034,0.134726,1.75938,0
14,11,5,10.0,-5.68285e-07,-1.29341e-06,1.5361e-06,0.23762,0.134737,1.76358,0
15,11,5,10.0,-5.58196e-07,-1.18247e-06,1.32989e-06,0.237271,0.134729,1.76111,0
16,11,5,10.0,-5.66379e-07,-1.14898e-06,1.11717e-06,0.237109,0.134726,1.75993,0
17,11,5,10.0,-5.94999e-07,-1.18808e-06,9.05825e-07,0.237034,0.134726,1.75938,0
18,11,5,10.0,-5.74764e-07,-1.26315e-06,7.07918e-07,0.237,0.134726,1.75912,0
19,11,5,10.0,-6.1477e-07,-1.4078e-06,5.41445e-07,0.236984,0.134726,1.759,0
20,11,5,10.0,-6.34642e-07,-1.60618e-06,3.92627e-07,0.236976,0.134726,1.75894,0
21,11,5,10.0,-6.49004e-07,-1.86365e-06,2.61234e-07,0.236973,0.134727,1.75892,0
22,11,5,10.0,-6.95555e-07,-2.20321e-06,1.43788e-07,0.236971,0.134727,1.7589,0
23,11,5,10.0,-7.44391e-07,-2.65162e-06,4.31775e-08,0.23697,0.134727,1.7589,0
0,12,5,10.0,-1.36652e-07,-5.78192e-07,7.75572e-07,0.238395,0.134765,1.76896,0
1,12,5,10.0,7.03464e-07,1.76962e-06,7.7985e-07,0.23763,0.134738,1.76364,0
2,12,5,10.0,4.13916e-07,1.0738e-06,7.62356e-07,0.237275,0.134729,1.76113,0
3,12,5,10.0,2.6493e-07,5.61027e-07,7.44287e-07,0.237111,0.134726,1.75995,0
4,12,5,10.0,1.50577e-07,1.89687e-07,7.08922e-07,0.237035,0.134726,1.75939,0
5,12,5,10.0,-6.71899e-09,-1.73857e-08,6.38808e-07,0.237,0.134726,1.75913,0
6,12,5,10.0,-9.8777e-08,-1.04337e-07,5.68008e-07,0.236984,0.134726,1.759,0
7,12,5,10.0,-1.77856e-07,-1.66419e-07,5.08316e-07,0.236976,0.134726,1.75894,0
8,12,5,10.0,-2.60299e-07,-1.74739e-07,4.31009e-07,0.236962,0.134725,1.75886,0
9,12,5,10.0,-2.20739e-07,-2.7632e-07,3.5258e-07,0.238374,0.134762,1.76884,0
10,12,5,10.0,-4.34238e-07,-8.21738e-07,2.96234e-07,0.23762,0.134737,1.76358,0
11,12,5,10.0,-5.00064e-07,-7.91625e-07,2.27049e-07,0.237271,0.134729,1.7611,0
12,12,5,10.0,-4.5209e-07,-7.74731e-07,1.84845e-07,0.237109,0.134726,1.75994,0
13,12,5,10.0,-4.35288e-07,-7.29736e-07,1.16941e-07,0.237034,0.134726,1.75938,0
14,12,5,10.0,-6.67212e-07,-1.46125e-06,-1.98858e-06,0.23764,0.13474,1.7637,0
15,12,5,10.0,-6.20665e-07,-1.27431e-06,-2.12416e-06,0.237298,0.134732,1.76126,0
16,12,5,10.0,-6.29112e-07,-1.28223e-06,-2.21255e-06,0.23714,0.13473,1.76012,0
17,12,5,10.0,-6.01367e-07,-1.23342e-06,-6.21785e-07,0.23702,0.134724,1.7593,0
18,12,5,10.0,-6.04871e-07,-1.33481e-06,-7.05082e-07,0.236993,0.134725,1.75908,0
19,12,5,10.0,-6.47023e-07,-1.48206e-06,-7.44102e-07,0.236981,0.134726,1.75898,0
20,12,5,10.0,-6.3952e-07,-1.69208e-06,-7.29498e-07,0.236975,0.134726,1.75893,0
21,12,5,10.0,-6.51135e-07,-1.97595e-06,-6.79816e-07,0.236972,0.134726,1.75891,0
22,12,5,10.0,-7.17181e-07,-2.33784e-06,-6.24295e-07,0.236971,0.134727,1.7589,0
23,12,5,10.0,-7.77366e-07,-2.83131e-06,-5.38518e-07,0.23697,0.134727,1.7589,0
0,13,5,10.0,-2.01567e-07,-7.00529e-07,-2.5507e-06,0.238395,0.134765,1.76896,0
1,13,5,10.0,6.27625e-07,2.02105e-06,-2.39007e-06,0.23763,0.134738,1.76364,0
2,13,5,10.0,4.32987e-07,1.22014e-06,-2.43663e-06,0.237275,0.134729,1.76113,0
3,13,5,10.0,2.07151e-07,6.27779e-07,-2.54641e-06,0.237112,0.134726,1.75995,0
4,13,5,10.0,1.2183e-08,2.31081e-07,-2.7177e-06,0.237035,0.134726,1.75939,0
5,13,5,10.0,-7.42416e-08,9.72166e-09,-2.90785e-06,0.237,0.134726,1.75913,0
6,13,5,10.0,-1.35704e-07,-1.23299e-07,-3.10355e-06,0.236984,0.134726,1.759,0
7,13,5,10.0,-2.34863e-07,-2.022e-07,-3.27742e-06,0.236976,0.134726,1.75894,0
8,13,5,10.0,-2.73672e-07,-2.43584e-07,-3.4151e-06,0.236973,0.134727,1.75892,0
9,13,5,10.0,-3.50432e-07,-2.86322e-07,-3.52375e-06,0.23698,0.134728,1.75896,0
10,13,5,10.0,-3.64707e-07,-2.97889e-07,-3.64097e-06,0.236979,0.134728,1.75895,0
11,13,5,10.0,-4.03919e-07,-3.20775e-07,-3.6614e-06,0.236976,0.134727,1.75893,0
12,13,5,10.0,-5.05849e-07,-3.39244e-07,-3.65567e-06,0.236974,0.134727,1.75892,0
13,13,5,10.0,-4.97179e-07,-2.93508e-07,-3.68944e-06,0.236972,0.134727,1.7589,0
14,13,5,10.0,-5.5788e-07,-7.9471e-07,-3.78143e-06,0.23762,0.134737,1.76359,0
15,13,5,10.0,-6.15325e-07,-8.05429e-07,-3.81019e-06,0.237271,0.134729,1.76111,0
16,13,5,10.0,-6.00989e-07,-8.73933e-07,-3.81337e-06,0.237109,0.134726,1.75994,0
17,13,5,10.0,-5.81278e-07,-1.00073e-06,-3.76627e-06,0.237035,0.134726,1.75939,0
18,13,5,10.0,-6.06386e-07,-1.16273e-06,-3.65119e-06,0.237,0.134726,1.75912,0
19,13,5,10.0,-6.19302e-07,-1.35606e-06,-3.44528e-06,0.236984,0.134726,1.759,0
20,13,5,10.0,-6.74353e-07,-1.63347e-06,-3.15392e-06,0.236976,0.134726,1.75894,0
21,13,5,10.0,-7.23253e-07,-1.98621e-06,-2.81651e-06,0.236973,0.134727,1.75892,0
22,13,5,10.0,-7.56479e-07,-2.43093e-06,-2.41413e-06,0.236971,0.134727,1.7589,0
23,13,5,10.0,-8.06962e-07,-3.02665e-06,-1.93207e-06,0.23697,0.134727,1.7589,0
0,14,5,10.0,-5.90368e-08,-6.99095e-07,-4.03115e-06,0.238395,0.134765,1.76896,0
1,14,5,10.0,6.07833e-07,2.12658e-06,-3.89621e-06,0.23763,0.134738,1.76364,0
2,14,5,10.0,4.22921e-07,1.28342e-06,-3.9876e-06,0.237275,0.134729,1.76113,0
3,14,5,10.0,1.81644e-07,6.75563e-07,-4.17515e-06,0.237111,0.134726,1.75995,0
4,14,5,10.0,7.12626e-08,2.84157e-07,-4.41195e-06,0.237035,0.134726,1.75939,0
5,14,5,10.0,-7.07146e-08,-1.45002e-08,-4.65162e-06,0.237,0.134726,1.75913,0
6,14,5,10.0,-8.97161e-08,-1.17709e-07,-4.88103e-06,0.236984,0.134726,1.759,0
7,14,5,10.0,-2.13493e-07,-2.4948e-07,-5.0743e-06,0.236976,0.134726,1.75894,0
8,14,5,10.0,-2.47731e-07,-2.98671e-07,-5.22102e-06,0.236973,0.134727,1.75892,0
9,14,5,10.0,-3.48168e-07,-3.45717e-07,-5.32656e-06,0.236971,0.134727,1.7589,0
10,14,5,10.0,-3.46693e-07,-3.2479e-07,-5.38993e-06,0.23697,0.134727,1.7589,0
11,14,5,10.0,-4.17621e-07,-3.62168e-07,-5.40277e-06,0.23697,0.134727,1.7589,0
12,14,5,10.0,-4.91927e-07,-3.59412e-07,-5.40013e-06,0.23697,0.134727,1.75889,0
13,14,5,10.0,-4.52753e-07,-3.09471e-07,-5.38268e-06,0.23697,0.134727,1.75889,0
14,14,5,10.0,-5.44125e-07,-7.64375e-07,-5.34725e-06,0.23762,0.134737,1.76358,0
15,14,5,10.0,-5.3744e-07,-8.08159e-07,-5.30845e-06,0.237271,0.134729,1.76111,0
16,14,5,10.0,-5.40152e-07,-8.7979e-07,-5.23754e-06,0.237109,0.134726,1.75993,0
17,14,5,10.0,-5.77993e-07,-1.01086e-06,-5.11392e-06,0.237034,0.134726,1.75938,0
18,14,5,10.0,-5.55099e-07,-1.17478e-06,-4.92654e-06,0.237,0.134726,1.75912,0
19,14,5,10.0,-5.74576e-07,-1.38506e-06,-4.64637e-06,0.236984,0.134726,1.759,0
20,14,5,10.0,-6.20985e-07,-1.66185e-06,-4.28937e-06,0.236976,0.134726,1.75894,0
21,14,5,10.0,-6.58924e-07,-2.02719e-06,-3.84025e-06,0.236973,0.134727,1.75892,0
22,14,5,10.0,-7.04487e-07,-2.50172e-06,-3.29917e-06,0.236971,0.134727,1.7589,0
23,14,5,10.0,-7.31783e-07,-3.132e-06,-2.62902e-06,0.23697,0.134727,1.7589,0
0,15,5,10.0,-1.394e-07,-7.29038e-07,-5.34984e-06,0.238395,0.134765,1.76896,0
1,15,5,10.0,5.86259e-07,2.18607e-06,-5.23193e-06,0.23763,0.134738,1.76364,0
2,15,5,10.0,3.38617e-07,1.32538e-06,-5.36086e-06,0.237275,0.134729,1.76113,0
3,15,5,10.0,2.1543e-07,7.36426e-07,-5.5966e-06,0.237111,0.134726,1.75995,0
4,15,5,10.0,6.67252e-08,2.7369e-07,-5.87026e-06,0.237035,0.134726,1.75939,0
5,15,5,10.0,-1.27845e-08,3.75517e-08,-6.14857e-06,0.237,0.134726,1.75913,0
6,15,5,10.0,-1.31189e-07,-1.82607e-07,-6.40565e-06,0.236984,0.134726,1.759,0
7,15,5,10.0,-1.76029e-07,-2.73767e-07,-6.61219e-06,0.236976,0.134726,1.75894,0
8,15,5,10.0,-2.4936e-07,-3.63035e-07,-6.75276e-06,0.236973,0.134727,1.75892,0
9,15,5,10.0,-2.79593e-07,-3.49347e-07,-6.84074e-06,0.236971,0.134727,1.7589,0
10,15,5,10.0,-3.52805e-07,-3.95343e-07,-6.88481e-06,0.23697,0.134727,1.7589,0
11,15,5,10.0,-3.94262e-07,-3.96457e-07,-6.88305e-06,0.23697,0.134727,1.75889,0
12,15,5,10.0,-4.231e-07,-3.96715e-07,-6.84549e-06,0.23697,0.134727,1.75889,0
13,15,5,10.0,-4.87429e-07,-3.52394e-07,-6.78349e-06,0.23697,0.134727,1.75889,0
14,15,5,10.0,-5.16659e-07,-8.52196e-07,-6.61318e-06,0.23762,0.134737,1.76358,0
15,15,5,10.0,-5.19133e-07,-8.40684e-07,-6.51364e-06,0.237271,0.134729,1.7611,0
16,15,5,10.0,-5.31089e-07,-9.15758e-07,-6.38732e-06,0.237109,0.134726,1.75993,0
17,15,5,10.0,-4.99607e-07,-1.05236e-06,-6.21518e-06,0.237034,0.134726,1.75938,0
18,15,5,10.0,-5.10454e-07,-1.21791e-06,-5.97211e-06,0.237,0.134726,1.75912,0
19,15,5,10.0,-5.28025e-07,-1.42191e-06,-5.64628e-06,0.236984,0.134726,1.759,0
20,15,5,10.0,-5.38766e-07,-1.70418e-06,-5.22378e-06,0.236976,0.134726,1.75894,0
21,15,5,10.0,-5.94557e-07,-2.08364e-06,-4.697e-06,0.236973,0.134727,1.75892,0
22,15,5,10.0,-5.90529e-07,-2.57331e-06,-4.03873e-06,0.236971,0.134727,1.7589,0
23,15,5,10.0,-6.59649e-07,-3.22563e-06,-3.22346e-06,0.23697,0.134727,1.7589,0
0,16,5,10.0,-8.80402e-08,-7.2454e-07,-6.59802e-06,0.238395,0.134765,1.76896,0
1,16,5,10.0,4.53506e-07,2.19386e-06,-6.37095e-06,0.23763,0.134738,1.76364,0
2,16,5,10.0,3.50446e-07,1.34078e-06,-6.50535e-06,0.237275,0.134729,1.76113,0
3,16,5,10.0,1.80393e-07,7.35418e-07,-6.76435e-06,0.237111,0.134726,1.75995,0
4,16,5,10.0,4.26341e-08,2.70683e-07,-7.07886e-06,0.237035,0.134726,1.75939,0
5,16,5,10.0,-8.27662e-08,-1.20648e-08,-7.38147e-06,0.237,0.134726,1.75913,0
6,16,5,10.0,-9.68538e-08,-1.75467e-07,-7.6442e-06,0.236984,0.134726,1.759,0
7,16,5,10.0,-1.66192e-07,-3.32302e-07,-7.85344e-06,0.236976,0.134726,1.75894,0
8,16,5,10.0,-2.54241e-07,-3.93171e-07,-7.99149e-06,0.236973,0.134727,1.75892,0
9,16,5,10.0,-3.15443e-07,-4.14601e-07,-8.06554e-06,0.236971,0.134727,1.7589,0
10,16,5,10.0,-2.9388e-07,-3.9608e-07,-8.08257e-06,0.23697,0.134727,1.7589,0
11,16,5,10.0,-3.50968e-07,-4.39632e-07,-8.06311e-06,0.23697,0.134727,1.75889,0
12,16,5,10.0,-4.26552e-07,-4.29366e-07,-7.99207e-06,0.23697,0.134727,1.75889,0
13,16,5,10.0,-4.0172e-07,-3.81509e-07,-7.8856e-06,0.23697,0.134727,1.75889,0
14,16,5,10.0,-4.87182e-07,-8.65202e-07,-7.59168e-06,0.23762,0.134737,1.76358,0
15,16,5,10.0,-4.86202e-07,-8.85388e-07,-7.43867e-06,0.237271,0.134729,1.7611,0
16,16,5,10.0,-4.84857e-07,-9.45634e-07,-7.26961e-06,0.237109,0.134726,1.75993,0
17,16,5,10.0,-4.97036e-07,-1.0635e-06,-7.04517e-06,0.237034,0.134726,1.75938,0
18,16,5,10.0,-4.97681e-07,-1.22742e-06,-6.76611e-06,0.237,0.134726,1.75912,0
19,16,5,10.0,-5.06107e-07,-1.44359e-06,-6.40423e-06,0.236984,0.134726,1.759,0
20,16,5,10.0,-5.29292e-07,-1.72535e-06,-5.93228e-06,0.236976,0.134726,1.75894,0
21,16,5,10.0,-5.20443e-07,-2.09847e-06,-5.34256e-06,0.236973,0.134727,1.75892,0
22,16,5,10.0,-5.65381e-07,-2.59684e-06,-4.59974e-06,0.236971,0.134727,1.7589,0
23,16,5,10.0,-5.70705e-07,-3.2647e-06,-3.68048e-06,0.23697,0.134727,1.7589,0
0,17,5,10.0,2.87983e-08,-6.45762e-07,-7.40231e-06,0.238405,0.134766,1.76902,0
1,17,5,10.0,3.98722e-07,2.11997e-06,-7.28479e-06,0.23765,0.134741,1.76376,0
2,17,5,10.0,3.01626e-07,1.3167e-06,-7.42572e-06,0.237302,0.134732,1.76129,0
3,17,5,10.0,1.52048e-07,6.68741e-07,-7.6961e-06,0.237142,0.13473,1.76013,0
4,17,5,10.0,7.51668e-08,2.36411e-07,-8.02247e-06,0.237069,0.13473,1.75959,0
5,17,5,10.0,-1.02332e-08,-7.4809e-08,-8.33459e-06,0.237035,0.13473,1.75933,0
6,17,5,10.0,-9.21177e-08,-2.50673e-07,-8.60314e-06,0.237019,0.13473,1.75921,0
7,17,5,10.0,-1.81886e-07,-3.91437e-07,-8.80853e-06,0.237012,0.134731,1.75916,0
8,17,5,10.0,-2.03807e-07,-4.80101e-07,-8.94672e-06,0.237009,0.134731,1.75913,0
9,17,5,10.0,-2.46161e-07,-4.94814e-07,-9.01077e-06,0.237007,0.134731,1.75912,0
10,17,5,10.0,-3.21731e-07,-5.15331e-07,-9.02127e-06,0.237007,0.134731,1.75911,0
11,17,5,10.0,-3.38968e-07,-5.30144e-07,-8.97909e-06,0.237006,0.134731,1.75911,0
12,17,5,10.0,-3.78302e-07,-5.56669e-07,-8.89069e-06,0.237006,0.134731,1.75911,0
13,17,5,10.0,-3.66676e-07,-4.96493e-07,-8.74017e-06,0.237006,0.134731,1.75911,0
14,17,5,10.0,-4.69466e-07,-1.05011e-06,-8.36393e-06,0.23764,0.13474,1.7637,0
15,17,5,10.0,-4.68145e-07,-1.0326e-06,-8.14596e-06,0.237298,0.134732,1.76126,0
16,17,5,10.0,-4.34203e-07,-1.03934e-06,-7.91306e-06,0.23713,0.134729,1.76006,0
17,17,5,10.0,-4.49433e-07,-1.14967e-06,-7.61871e-06,0.238384,0.134764,1.7689,0
18,17,5,10.0,-4.19984e-07,-1.62282e-06,-7.2822e-06,0.23764,0.13474,1.7637,0
19,17,5,10.0,-3.8839e-07,-1.75688e-06,-6.86181e-06,0.237298,0.134732,1.76126,0
20,17,5,10.0,-3.93481e-07,-1.99102e-06,-6.34989e-06,0.23714,0.13473,1.76012,0
21,17,5,10.0,-4.16576e-07,-2.33152e-06,-5.70603e-06,0.237068,0.13473,1.75958,0
22,17,5,10.0,-4.15494e-07,-2.78719e-06,-4.91307e-06,0.237034,0.13473,1.75933,0
23,17,5,10.0,-4.15791e-07,-3.40586e-06,-3.91573e-06,0.237019,0.13473,1.75921,0
0,18,5,10.0,-7.10503e-08,-6.66032e-07,-8.04045e-06,0.238395,0.134765,1.76896,0
1,18,5,10.0,3.39331e-07,2.12226e-06,-8.01931e-06,0.23763,0.134738,1.76364,0
2,18,5,10.0,2.21876e-07,1.31905e-06,-8.17044e-06,0.237276,0.134729,1.76113,0
3,18,5,10.0,1.60063e-07,7.30591e-07,-8.43804e-06,0.237112,0.134726,1.75995,0
4,18,5,10.0,6.47354e-08,3.13008e-07,-8.74143e-06,0.237036,0.134726,1.75939,0
5,18,5,10.0,-1.09212e-08,3.20717e-08,-9.04466e-06,0.237,0.134726,1.75913,0
6,18,5,10.0,-9.36361e-08,-1.6557e-07,-9.31129e-06,0.236984,0.134726,1.759,0
7,18,5,10.0,-1.27396e-07,-3.01331e-07,-9.51979e-06,0.236977,0.134726,1.75895,0
8,18,5,10.0,-1.90085e-07,-3.28942e-07,-9.64693e-06,0.236973,0.134727,1.75892,0
9,18,5,10.0,-2.30947e-07,-3.49674e-07,-9.71967e-06,0.236971,0.134727,1.75891,0
10,18,5,10.0,-2.72444e-07,-3.9985e-07,-9.74151e-06,0.236971,0.134727,1.7589,0
11,18,5,10.0,-3.22368e-07,-4.27239e-07,-9.70347e-06,0.23697,0.134727,1.7589,0
12,18,5,10.0,-3.34334e-07,-4.3749e-07,-9.59907e-06,0.23697,0.134727,1.7589,0
13,18,5,10.0,-4.04831e-07,-4.04247e-07,-9.43854e-06,0.23697,0.134727,1.75889,0
14,18,5,10.0,-4.43866e-07,-8.69319e-07,-8.9953e-06,0.23762,0.134737,1.76359,0
15,18,5,10.0,-4.58137e-07,-8.5188e-07,-8.72143e-06,0.237271,0.134729,1.76111,0
16,18,5,10.0,-4.15851e-07,-8.45042e-07,-8.4004e-06,0.237099,0.134725,1.75988,0
17,18,5,10.0,-3.75416e-07,-9.93442e-07,-8.02204e-06,0.238374,0.134762,1.76884,0
18,18,5,10.0,-3.26696e-07,-1.44644e-06,-7.58701e-06,0.23762,0.134737,1.76359,0
19,18,5,10.0,-3.43973e-07,-1.59838e-06,-7.09539e-06,0.237271,0.134729,1.76111,0
20,18,5,10.0,-3.35115e-07,-1.84752e-06,-6.51641e-06,0.237109,0.134726,1.75994,0
21,18,5,10.0,-3.09325e-07,-2.18889e-06,-5.8233e-06,0.237035,0.134726,1.75939,0
22,18,5,10.0,-3.05105e-07,-2.64104e-06,-4.97283e-06,0.237,0.134726,1.75913,0
23,18,5,10.0,-3.12245e-07,-3.25217e-06,-3.93341e-06,0.236984,0.134726,1.759,0
0,19,5,10.0,-5.54091e-08,-6.11379e-07,-8.73529e-06,0.238395,0.134765,1.76896,0
1,19,5,10.0,2.57168e-07,2.01818e-06,-8.67865e-06,0.23763,0.134738,1.76364,0
2,19,5,10.0,2.14806e-07,1.26212e-06,-8.81648e-06,0.237275,0.134729,1.76113,0
3,19,5,10.0,1.17902e-07,7.05482e-07,-9.05895e-06,0.237111,0.134726,1.75995,0
4,19,5,10.0,1.47453e-08,3.08821e-07,-9.34541e-06,0.237035,0.134726,1.75939,0
5,19,5,10.0,-6.01535e-08,4.42759e-08,-9.62995e-06,0.237,0.134726,1.75913,0
6,19,5,10.0,-6.38304e-08,-1.29028e-07,-9.87972e-06,0.236984,0.134726,1.759,0
7,19,5,10.0,-1.30122e-07,-2.51253e-07,-1.00777e-05,0.236976,0.134726,1.75894,0
8,19,5,10.0,-2.01837e-07,-3.21899e-07,-1.02173e-05,0.236973,0.134727,1.75892,0
9,19,5,10.0,-2.52359e-07,-3.54767e-07,-1.02985e-05,0.236971,0.134727,1.7589,0
10,19,5,10.0,-2.33853e-07,-3.71997e-07,-1.03236e-05,0.23697,0.134727,1.7589,0
11,19,5,10.0,-2.79154e-07,-4.15213e-07,-1.02929e-05,0.23697,0.134727,1.75889,0
12,19,5,10.0,-3.42314e-07,-4.30205e-07,-1.02008e-05,0.23697,0.134727,1.75889,0
13,19,5,10.0,-3.48677e-07,-3.96517e-07,-1.00384e-05,0.23697,0.134727,1.75889,0
14,19,5,10.0,-4.08782e-07,-8.13011e-07,-9.53107e-06,0.23762,0.134737,1.76358,0
15,19,5,10.0,-3.99502e-07,-8.04713e-07,-9.19093e-06,0.237271,0.134729,1.76111,0
16,19,5,10.0,-3.7624e-07,-7.92436e-07,-8.7824e-06,0.237099,0.134725,1.75987,0
17,19,5,10.0,-3.82885e-07,-9.39175e-07,-8.3133e-06,0.238374,0.134762,1.76884,0
18,19,5,10.0,-2.79053e-07,-1.34018e-06,-7.77948e-06,0.23762,0.134737,1.76358,0
19,19,5,10.0,-2.91476e-07,-1.51381e-06,-7.20549e-06,0.237271,0.134729,1.76111,0
20,19,5,10.0,-2.7697e-07,-1.76329e-06,-6.55729e-06,0.237109,0.134726,1.75993,0
21,19,5,10.0,-2.54523e-07,-2.09404e-06,-5.79606e-06,0.237034,0.134726,1.75938,0
22,19,5,10.0,-2.46206e-07,-2.52804e-06,-4.89974e-06,0.237,0.134726,1.75912,0
23,19,5,10.0,-2.27623e-07,-3.09958e-06,-3.82707e-06,0.236984,0.134726,1.759,0
0,20,5,10.0,-6.24948e-08,-5.744e-07,-9.32783e-06,0.238395,0.134765,1.76896,0
1,20,5,10.0,2.69267e-07,1.90858e-06,-9.28042e-06,0.23763,0.134738,1.76364,0
2,20,5,10.0,1.32181e-07,1.20937e-06,-9.40481e-06,0.237275,0.134729,1.76113,0
3,20,5,10.0,9.73513e-08,6.96039e-07,-9.62276e-06,0.237111,0.134726,1.75995,0
4,20,5,10.0,1.49011e-08,3.03953e-07,-9.89064e-06,0.237035,0.134726,1.75939,0
5,20,5,10.0,-1.24656e-08,7.00728e-08,-1.01513e-05,0.237,0.134726,1.75913,0
6,20,5,10.0,-1.01696e-07,-9.85896e-08,-1.03817e-05,0.236984,0.134726,1.759,0
7,20,5,10.0,-1.39587e-07,-2.0714e-07,-1.05741e-05,0.236976,0.134726,1.75894,0
8,20,5,10.0,-1.66348e-07,-2.84536e-07,-1.07134e-05,0.236973,0.134727,1.75892,0
9,20,5,10.0,-1.75392e-07,-3.21765e-07,-1.07968e-05,0.236971,0.134727,1.7589,0
10,20,5,10.0,-2.44522e-07,-3.51306e-07,-1.08245e-05,0.23697,0.134727,1.7589,0
11,20,5,10.0,-2.74125e-07,-3.89544e-07,-1.08028e-05,0.23697,0.134727,1.75889,0
12,20,5,10.0,-2.59502e-07,-4.16638e-07,-1.07182e-05,0.23697,0.134727,1.75889,0
13,20,5,10.0,-2.9688e-07,-3.85622e-07,-1.05545e-05,0.23697,0.134727,1.75889,0
14,20,5,10.0,-3.52374e-07,-7.71606e-07,-9.99091e-06,0.23762,0.134737,1.76358,0
15,20,5,10.0,-3.5017e-07,-7.62993e-07,-9.58882e-06,0.237271,0.134729,1.7611,0
16,20,5,10.0,-3.45158e-07,-7.6906e-07,-9.10883e-06,0.237099,0.134725,1.75987,0
17,20,5,10.0,-3.0079e-07,-8.92235e-07,-8.55772e-06,0.238374,0.134762,1.76884,0
18,20,5,10.0,-2.82306e-07,-1.25679e-06,-7.93364e-06,0.23762,0.134737,1.76358,0
19,20,5,10.0,-2.48424e-07,-1.43087e-06,-7.27738e-06,0.237271,0.134729,1.7611,0
20,20,5,10.0,-2.24468e-07,-1.6731e-06,-6.55434e-06,0.237109,0.134726,1.75993,0
21,20,5,10.0,-2.06929e-07,-1.98896e-06,-5.73307e-06,0.237034,0.134726,1.75938,0
22,20,5,10.0,-1.83233e-07,-2.39583e-06,-4.78947e-06,0.237,0.134726,1.75912,0
23,20,5,10.0,-1.80666e-07,-2.9258e-06,-3.69098e-06,0.236984,0.134726,1.759,0
0,21,5,10.0,-5.53763e-08,-5.26755e-07,-9.88252e-06,0.238395,0.134765,1.76896,0
1,21,5,10.0,1.8729e-07,1.79757e-06,-9.81939e-06,0.23763,0.134738,1.76364,0
2,21,5,10.0,1.28356e-07,1.14642e-06,-9.93517e-06,0.237275,0.134729,1.76113,0
3,21,5,10.0,6.44075e-08,6.58098e-07,-1.01327e-05,0.237111,0.134726,1.75995,0
4,21,5,10.0,1.65779e-08,3.24001e-07,-1.03729e-05,0.237035,0.134726,1.75939,0
5,21,5,10.0,-4.52211e-08,9.89135e-08,-1.06097e-05,0.237,0.134726,1.75913,0
6,21,5,10.0,-7.903e-08,-6.77117e-08,-1.08308e-05,0.236984,0.134726,1.759,0
7,21,5,10.0,-9.98369e-08,-1.85411e-07,-1.10129e-05,0.236976,0.134726,1.75894,0
8,21,5,10.0,-1.31462e-07,-2.50169e-07,-1.11407e-05,0.236973,0.134727,1.75892,0
9,21,5,10.0,-1.77016e-07,-2.81437e-07,-1.12192e-05,0.236971,0.134727,1.7589,0
10,21,5,10.0,-1.95778e-07,-3.20877e-07,-1.12557e-05,0.23697,0.134727,1.7589,0
11,21,5,10.0,-1.97915e-07,-3.62767e-07,-1.12366e-05,0.23697,0.134727,1.75889,0
12,21,5,10.0,-2.22085e-07,-3.82333e-07,-1.11452e-05,0.23697,0.134727,1.75889,0
13,21,5,10.0,-2.33015e-07,-3.55766e-07,-1.09802e-05,0.23697,0.134727,1.75889,0
14,21,5,10.0,-2.87317e-07,-7.23553e-07,-1.03759e-05,0.23762,0.134737,1.76358,0
15,21,5,10.0,-2.78382e-07,-7.20205e-07,-9.93153e-06,0.237271,0.134729,1.76111,0
16,21,5,10.0,-2.79921e-07,-7.35592e-07,-9.40421e-06,0.237099,0.134725,1.75987,0
17,21,5,10.0,-2.87489e-07,-8.52594e-07,-8.78888e-06,0.238374,0.134762,1.76884,0
18,21,5,10.0,-2.30586e-07,-1.19813e-06,-8.0987e-06,0.23762,0.134737,1.76358,0
19,21,5,10.0,-2.10321e-07,-1.35984e-06,-7.37192e-06,0.237271,0.134729,1.76111,0
20,21,5,10.0,-1.88797e-07,-1.59016e-06,-6.58072e-06,0.237109,0.134726,1.75993,0
21,21,5,10.0,-1.66625e-07,-1.88728e-06,-5.70634e-06,0.237034,0.134726,1.75938,0
22,21,5,10.0,-1.5516e-07,-2.26616e-06,-4.71798e-06,0.237,0.134726,1.75912,0
23,21,5,10.0,-1.39443e-07,-2.75445e-06,-3.59669e-06,0.236984,0.134726,1.759,0
0,22,5,10.0,-4.51792e-08,-4.83328e-07,-1.03395e-05,0.238395,0.134765,1.76896,0
1,22,5,10.0,1.39886e-07,1.69915e-06,-1.02735e-05,0.23763,0.134738,1.76364,0
2,22,5,10.0,1.24214e-07,1.11323e-06,-1.03711e-05,0.237275,0.134729,1.76113,0
3,22,5,10.0,5.85023e-08,6.57319e-07,-1.05533e-05,0.237111,0.134726,1.75995,0
4,22,5,10.0,1.13596e-08,3.50124e-07,-1.07733e-05,0.237035,0.134726,1.75939,0
5,22,5,10.0,-3.57177e-08,1.24429e-07,-1.09959e-05,0.237,0.134726,1.75913,0
6,22,5,10.0,-4.10789e-08,-2.3127e-08,-1.11977e-05,0.236984,0.134726,1.759,0
7,22,5,10.0,-7.04899e-08,-1.37448e-07,-1.13639e-05,0.236976,0.134726,1.75894,0
8,22,5,10.0,-1.06833e-07,-2.00648e-07,-1.14895e-05,0.236973,0.134727,1.75892,0
9,22,5,10.0,-1.36586e-07,-2.46272e-07,-1.15692e-05,0.236971,0.134727,1.7589,0
10,22,5,10.0,-1.29261e-07,-2.73549e-07,-1.15963e-05,0.23697,0.134727,1.7589,0
11,22,5,10.0,-1.41177e-07,-3.19585e-07,-1.15674e-05,0.23697,0.134727,1.75889,0
12,22,5,10.0,-1.68421e-07,-3.37231e-07,-1.14789e-05,0.23697,0.134727,1.75889,0
13,22,5,10.0,-1.67187e-07,-3.37815e-07,-1.13087e-05,0.23697,0.134727,1.75889,0
14,22,5,10.0,-1.93878e-07,-6.61033e-07,-1.0679e-05,0.23762,0.134737,1.76358,0
15,22,5,10.0,-2.13766e-07,-6.67945e-07,-1.02133e-05,0.237271,0.134729,1.76111,0
16,22,5,10.0,-2.07723e-07,-6.80595e-07,-9.66089e-06,0.237099,0.134725,1.75987,0
17,22,5,10.0,-2.25475e-07,-8.18002e-07,-9.01793e-06,0.238374,0.134762,1.76884,0
18,22,5,10.0,-1.99062e-07,-1.14041e-06,-8.28446e-06,0.23762,0.134737,1.76358,0
19,22,5,10.0,-1.77616e-07,-1.29679e-06,-7.5049e-06,0.237271,0.134729,1.76111,0
20,22,5,10.0,-1.51987e-07,-1.51028e-06,-6.66493e-06,0.237109,0.134726,1.75993,0
21,22,5,10.0,-1.30851e-07,-1.7876e-06,-5.74019e-06,0.237034,0.134726,1.75938,0
22,22,5,10.0,-1.18218e-07,-2.142e-06,-4.7166e-06,0.237,0.134726,1.75912,0
23,22,5,10.0,-1.10438e-07,-2.58994e-06,-3.56748e-06,0.236984,0.134726,1.759,0
0,23,5,10.0,-2.99354e-08,-4.41379e-07,-1.06632e-05,0.238395,0.134765,1.76896,0
1,23,5,10.0,1.28941e-07,1.63627e-06,-1.06043e-05,0.23763,0.134738,1.76364,0
2,23,5,10.0,6.69506e-08,1.08479e-06,-1.06916e-05,0.237275,0.134729,1.76113,0
3,23,5,10.0,4.76845e-08,6.82375e-07,-1.08604e-05,0.237111,0.134726,1.75995,0
4,23,5,10.0,2.19602e-08,3.77891e-07,-1.10656e-05,0.237035,0.134726,1.75939,0
5,23,5,10.0,1.02798e-08,1.77666e-07,-1.12745e-05,0.237,0.134726,1.75913,0
6,23,5,10.0,-2.75495e-08,2.94993e-08,-1.14627e-05,0.236984,0.134726,1.759,0
7,23,5,10.0,-4.57379e-08,-7.28889e-08,-1.16225e-05,0.236976,0.134726,1.75894,0
8,23,5,10.0,-5.41265e-08,-1.43123e-07,-1.17424e-05,0.236973,0.134727,1.75892,0
9,23,5,10.0,-6.01134e-08,-1.8029e-07,-1.18158e-05,0.236971,0.134727,1.7589,0
10,23,5,10.0,-8.69452e-08,-2.15454e-07,-1.18344e-05,0.23697,0.134727,1.7589,0
11,23,5,10.0,-9.50362e-08,-2.52376e-07,-1.18009e-05,0.23697,0.134727,1.75889,0
12,23,5,10.0,-7.81534e-08,-2.70873e-07,-1.17033e-05,0.23697,0.134727,1.75889,0
13,23,5,10.0,-9.36722e-08,-2.66196e-07,-1.15255e-05,0.23697,0.134727,1.75889,0
14,23,5,10.0,-1.20319e-07,-5.83359e-07,-1.08859e-05,0.23762,0.134737,1.76358,0
15,23,5,10.0,-1.33235e-07,-6.02665e-07,-1.04198e-05,0.237271,0.134729,1.7611,0
16,23,5,10.0,-1.33592e-07,-6.30957e-07,-9.86149e-06,0.237099,0.134725,1.75987,0
17,23,5,10.0,-1.25322e-07,-7.60049e-07,-9.20711e-06,0.238374,0.134762,1.76884,0
18,23,5,10.0,-1.35533e-07,-1.08498e-06,-8.46141e-06,0.23762,0.134737,1.76358,0
19,23,5,10.0,-1.13985e-07,-1.22208e-06,-7.6515e-06,0.237271,0.134729,1.7611,0
20,23,5,10.0,-9.33484e-08,-1.4194e-06,-6.77107e-06,0.237109,0.134726,1.75993,0
21,23,5,10.0,-7.87405e-08,-1.68033e-06,-5.80937e-06,0.237034,0.134726,1.75938,0
22,23,5,10.0,-6.88394e-08,-2.01315e-06,-4.75246e-06,0.237,0.134726,1.75912,0
23,23,5,10.0,-6.9173e-08,-2.43568e-06,-3.58013e-06,0.236984,0.134726,1.759,0
0,0,6,10.0,-8.86599e-09,-1.80797e-07,8.26045e-06,0.238381,0.134752,1.76904,0
1,0,6,10.0,3.9795e-09,2.38694e-07,8.29932e-06,0.237604,0.134718,1.76371,0
2,0,6,10.0,-6.89123e-09,4.07625e-08,8.29379e-06,0.237241,0.134706,1.76117,0
3,0,6,10.0,-1.79807e-08,-1.11677e-07,8.28046e-06,0.237071,0.134702,1.75997,0
4,0,6,10.0,-2.77807e-08,-2.35831e-07,8.26023e-06,0.236992,0.134701,1.75939,0
5,0,6,10.0,-3.4103e-08,-3.36355e-07,8.22524e-06,0.236955,0.134701,1.75912,0
6,0,6,10.0,-4.0957e-08,-4.30942e-07,8.1689e-06,0.236938,0.134701,1.75899,0
7,0,6,10.0,-4.70668e-08,-5.03418e-07,8.07887e-06,0.23693,0.134701,1.75893,0
8,0,6,10.0,-5.18387e-08,-5.74252e-07,7.94727e-06,0.236926,0.134701,1.7589,0
9,0,6,10.0,-5.50368e-08,-6.24771e-07,7.76024e-06,0.236924,0.134702,1.75889,0
10,0,6,10.0,-5.52661e-08,-6.7892e-07,7.51456e-06,0.236924,0.134702,1.75888,0
11,0,6,10.0,-6.54556e-08,-7.33985e-07,7.20806e-06,0.236923,0.134702,1.75888,0
12,0,6,10.0,-5.1847e-08,-7.93473e-07,6.85145e-06,0.236923,0.134702,1.75887,0
13,0,6,10.0,-6.69358e-08,-8.44307e-07,6.45586e-06,0.236923,0.134702,1.75887,0
14,0,6,10.0,-5.52932e-08,-1.06651e-06,5.53882e-06,0.237594,0.134717,1.76366,0
15,0,6,10.0,-7.8924e-08,-1.06541e-06,5.03859e-06,0.237236,0.134705,1.76115,0
16,0,6,10.0,-7.73262e-08,-1.07814e-06,4.5094e-06,0.237069,0.134702,1.75996,0
17,0,6,10.0,-6.66385e-08,-1.09733e-06,3.94981e-06,0.236991,0.134701,1.75939,0
18,0,6,10.0,-6.63889e-08,-1.10841e-06,3.37022e-06,0.236955,0.134701,1.75912,0
19,0,6,10.0,-7.23603e-08,-1.13349e-06,2.76979e-06,0.236938,0.134701,1.75899,0
20,0,6,10.0,-6.25918e-08,-1.18468e-06,2.16043e-06,0.23693,0.134701,1.75893,0
21,0,6,10.0,-5.90495e-08,-1.24911e-06,1.5642e-06,0.236926,0.134701,1.7589,0
22,0,6,10.0,-5.88281e-08,-1.32429e-06,1.00799e-06,0.236925,0.134702,1.75889,0
23,0,6,10.0,-5.83675e-08,-1.41061e-06,5.2451e-07,0.236924,0.134702,1.75888,0
0,1,6,10.0,-1.77347e-08,-1.30564e-07,8.19952e-06,0.238391,0.134753,1.76909,0
1,1,6,10.0,6.48912e-08,5.86719e-07,8.21814e-06,0.237623,0.134721,1.76382,0
2,1,6,10.0,3.5885e-08,4.18471e-07,8.21129e-06,0.237267,0.13471,1.76132,0
3,1,6,10.0,7.48435e-09,2.9323e-07,8.19696e-06,0.237102,0.134707,1.76014,0
4,1,6,10.0,-1.74231e-08,2.00793e-07,8.1745e-06,0.237025,0.134706,1.75958,0
5,1,6,10.0,-3.72476e-08,1.29118e-07,8.13812e-06,0.23699,0.134706,1.75931,0
6,1,6,10.0,-5.4854e-08,7.26004e-08,8.07907e-06,0.236973,0.134706,1.75919,0
7,1,6,10.0,-7.1305e-08,2.56289e-08,7.98804e-06,0.236966,0.134706,1.75913,0
8,1,6,10.0,-8.6267e-08,-4.10829e-09,7.85587e-06,0.236962,0.134707,1.7591,0
9,1,6,10.0,-9.63788e-08,-2.86965e-08,7.67413e-06,0.23696,0.134707,1.75908,0
10,1,6,10.0,-1.06585e-07,-4.77072e-08,7.43649e-06,0.23696,0.134707,1.75908,0
11,1,6,10.0,-1.05364e-07,-9.08236e-08,7.13969e-06,0.236959,0.134707,1.75908,0
12,1,6,10.0,-1.13121e-07,-1.17846e-07,6.79187e-06,0.236959,0.134707,1.75907,0
13,1,6,10.0,-1.25019e-07,-1.57419e-07,6.39834e-06,0.236959,0.134707,1.75907,0
14,1,6,10.0,-1.51806e-07,-3.98328e-07,5.48965e-06,0.237614,0.13472,1.76376,0
15,1,6,10.0,-1.67474e-07,-4.18737e-07,4.99397e-06,0.237263,0.134709,1.76129,0
16,1,6,10.0,-1.72719e-07,-4.4165e-07,4.47527e-06,0.2371,0.134706,1.76012,0
17,1,6,10.0,-1.61935e-07,-4.83541e-07,3.93484e-06,0.237024,0.134706,1.75957,0
18,1,6,10.0,-1.73438e-07,-5.32092e-07,3.37135e-06,0.236989,0.134706,1.75931,0
19,1,6,10.0,-1.63239e-07,-6.12865e-07,2.78689e-06,0.236973,0.134706,1.75918,0
20,1,6,10.0,-1.65275e-07,-7.2053e-07,2.19338e-06,0.236966,0.134706,1.75913,0
21,1,6,10.0,-1.70647e-07,-8.57162e-07,1.61143e-06,0.236962,0.134707,1.7591,0
22,1,6,10.0,-1.6519e-07,-1.02742e-06,1.06568e-06,0.236961,0.134707,1.75909,0
23,1,6,10.0,-1.6325e-07,-1.22588e-06,5.87039e-07,0.23696,0.134707,1.75908,0
0,2,6,10.0,-2.95816e-08,-1.40273e-07,7.9932e-06,0.238391,0.134753,1.76909,0
1,2,6,10.0,1.36133e-07,6.01992e-07,8.0009e-06,0.237624,0.134721,1.76382,0
2,2,6,10.0,8.62565e-08,4.24207e-07,7.99149e-06,0.237268,0.13471,1.76132,0
3,2,6,10.0,4.02012e-08,2.90821e-07,7.97392e-06,0.237102,0.134707,1.76014,0
4,2,6,10.0,5.04729e-10,1.9017e-07,7.94723e-06,0.237026,0.134706,1.75958,0
5,2,6,10.0,-3.28035e-08,1.1497e-07,7.90618e-06,0.23699,0.134706,1.75931,0
6,2,6,10.0,-6.11247e-08,5.35719e-08,7.84279e-06,0.236974,0.134706,1.75919,0
7,2,6,10.0,-8.64955e-08,1.01559e-08,7.74826e-06,0.236966,0.134707,1.75913,0
8,2,6,10.0,-1.07704e-07,-2.30109e-08,7.61542e-06,0.236963,0.134707,1.7591,0
9,2,6,10.0,-1.23729e-07,-4.3725e-08,7.43793e-06,0.236961,0.134707,1.75909,0
10,2,6,10.0,-1.33559e-07,-7.1635e-08,7.20881e-06,0.23696,0.134707,1.75908,0
11,2,6,10.0,-1.32107e-07,-9.21556e-08,6.9247e-06,0.23696,0.134707,1.75908,0
12,2,6,10.0,-1.44439e-07,-1.58737e-07,6.58312e-06,0.23696,0.134707,1.75908,0
13,2,6,10.0,-1.51597e-07,-1.77568e-07,6.1944e-06,0.236959,0.134707,1.75907,0
14,2,6,10.0,-2.01322e-07,-4.48557e-07,5.2955e-06,0.237614,0.13472,1.76376,0
15,2,6,10.0,-2.09069e-07,-4.53948e-07,4.81277e-06,0.237263,0.13471,1.7613,0
16,2,6,10.0,-2.10072e-07,-4.79059e-07,4.31223e-06,0.2371,0.134706,1.76013,0
17,2,6,10.0,-2.15141e-07,-5.16885e-07,3.79529e-06,0.237025,0.134706,1.75957,0
18,2,6,10.0,-2.19771e-07,-5.71221e-07,3.256e-06,0.23699,0.134706,1.75931,0
19,2,6,10.0,-2.17056e-07,-6.43954e-07,2.69931e-06,0.236974,0.134706,1.75919,0
20,2,6,10.0,-2.21108e-07,-7.56139e-07,2.13244e-06,0.236966,0.134707,1.75913,0
21,2,6,10.0,-2.25651e-07,-9.03856e-07,1.57452e-06,0.236963,0.134707,1.7591,0
22,2,6,10.0,-2.267e-07,-1.07297e-06,1.05492e-06,0.236961,0.134707,1.75909,0
23,2,6,10.0,-2.27611e-07,-1.27395e-06,5.97922e-07,0.23696,0.134707,1.75908,0
0,3,6,10.0,-4.53087e-08,-1.54878e-07,7.61604e-06,0.238391,0.134753,1.76909,0
1,3,6,10.0,2.13778e-07,6.31662e-07,7.6217e-06,0.237624,0.134721,1.76382,0
2,3,6,10.0,1.41175e-07,4.36747e-07,7.60957e-06,0.237268,0.13471,1.76132,0
3,3,6,10.0,7.75493e-08,2.89226e-07,7.58658e-06,0.237102,0.134707,1.76014,0
4,3,6,10.0,2.27159e-08,1.78823e-07,7.5527e-06,0.237026,0.134706,1.75958,0
5,3,6,10.0,-2.36628e-08,9.37989e-08,7.50377e-06,0.23699,0.134706,1.75931,0
6,3,6,10.0,-6.26304e-08,3.04638e-08,7.43304e-06,0.236974,0.134706,1.75919,0
7,3,6,10.0,-9.55296e-08,-1.75213e-08,7.33355e-06,0.236966,0.134707,1.75913,0
8,3,6,10.0,-1.23244e-07,-4.882e-08,7.19941e-06,0.236963,0.134707,1.7591,0
9,3,6,10.0,-1.45259e-07,-7.19577e-08,7.0254e-06,0.236961,0.134707,1.75909,0
10,3,6,10.0,-1.56526e-07,-9.1338e-08,6.80588e-06,0.23696,0.134707,1.75908,0
11,3,6,10.0,-1.70316e-07,-1.31098e-07,6.53517e-06,0.23696,0.134707,1.75908,0
12,3,6,10.0,-1.68001e-07,-1.80337e-07,6.20671e-06,0.23696,0.134707,1.75908,0
13,3,6,10.0,-1.85097e-07,-2.08239e-07,5.83346e-06,0.236959,0.134707,1.75907,0
14,3,6,10.0,-2.24137e-07,-4.80361e-07,4.96307e-06,0.237614,0.13472,1.76376,0
15,3,6,10.0,-2.34646e-07,-4.93323e-07,4.4971e-06,0.237263,0.13471,1.7613,0
16,3,6,10.0,-2.50434e-07,-5.16884e-07,4.0166e-06,0.2371,0.134706,1.76013,0
17,3,6,10.0,-2.73169e-07,-5.55624e-07,3.52298e-06,0.237025,0.134706,1.75957,0
18,3,6,10.0,-2.68434e-07,-6.03788e-07,3.01605e-06,0.23699,0.134706,1.75931,0
19,3,6,10.0,-2.82614e-07,-6.92731e-07,2.49415e-06,0.236974,0.134706,1.75919,0
20,3,6,10.0,-2.86102e-07,-8.07729e-07,1.96447e-06,0.236966,0.134707,1.75913,0
21,3,6,10.0,-2.84436e-07,-9.51699e-07,1.44864e-06,0.236963,0.134707,1.7591,0
22,3,6,10.0,-2.98876e-07,-1.12956e-06,9.69468e-07,0.236961,0.134707,1.75909,0
23,3,6,10.0,-3.04787e-07,-1.33669e-06,5.52006e-07,0.23696,0.134707,1.75908,0
0,4,6,10.0,-6.40076e-08,-1.73359e-07,7.06624e-06,0.238391,0.134753,1.76909,0
1,4,6,10.0,2.91723e-07,6.81684e-07,7.07245e-06,0.237624,0.134721,1.76382,0
2,4,6,10.0,1.94786e-07,4.64759e-07,7.05678e-06,0.237268,0.13471,1.76132,0
3,4,6,10.0,1.12337e-07,2.98701e-07,7.02649e-06,0.237102,0.134707,1.76014,0
4,4,6,10.0,4.21261e-08,1.71914e-07,6.98228e-06,0.237026,0.134706,1.75958,0
5,4,6,10.0,-1.65141e-08,7.93054e-08,6.92177e-06,0.23699,0.134706,1.75931,0
6,4,6,10.0,-6.51851e-08,8.89206e-09,6.84088e-06,0.236974,0.134706,1.75919,0
7,4,6,10.0,-1.05933e-07,-3.94236e-08,6.7342e-06,0.236966,0.134707,1.75913,0
8,4,6,10.0,-1.39449e-07,-7.30003e-08,6.59676e-06,0.236963,0.134707,1.7591,0
9,4,6,10.0,-1.66552e-07,-9.31886e-08,6.42447e-06,0.236961,0.134707,1.75909,0
10,4,6,10.0,-1.86023e-07,-1.1835e-07,6.21315e-06,0.23696,0.134707,1.75908,0
11,4,6,10.0,-1.99884e-07,-1.49201e-07,5.9552e-06,0.23696,0.134707,1.75908,0
12,4,6,10.0,-2.01875e-07,-2.02084e-07,5.64968e-06,0.23696,0.134707,1.75908,0
13,4,6,10.0,-2.13111e-07,-2.31218e-07,5.29711e-06,0.236959,0.134707,1.75907,0
14,4,6,10.0,-2.66591e-07,-5.207e-07,4.4727e-06,0.237614,0.13472,1.76376,0
15,4,6,10.0,-2.83222e-07,-5.18265e-07,4.02589e-06,0.237263,0.13471,1.7613,0
16,4,6,10.0,-3.09508e-07,-5.51312e-07,3.56515e-06,0.2371,0.134706,1.76013,0
17,4,6,10.0,-3.21316e-07,-5.95774e-07,3.09484e-06,0.237025,0.134706,1.75957,0
18,4,6,10.0,-3.39037e-07,-6.52949e-07,2.62365e-06,0.23699,0.134706,1.75931,0
19,4,6,10.0,-3.44319e-07,-7.3672e-07,2.14495e-06,0.236974,0.134706,1.75919,0
20,4,6,10.0,-3.48384e-07,-8.5582e-07,1.66666e-06,0.236966,0.134707,1.75913,0
21,4,6,10.0,-3.63772e-07,-1.01112e-06,1.20562e-06,0.236963,0.134707,1.7591,0
22,4,6,10.0,-3.75676e-07,-1.19529e-06,7.83191e-07,0.236961,0.134707,1.75909,0
23,4,6,10.0,-3.92823e-07,-1.4123e-06,4.25693e-07,0.23696,0.134707,1.75908,0
0,5,6,10.0,-8.46048e-08,-2.00975e-07,6.32707e-06,0.238391,0.134753,1.76909,0
1,5,6,10.0,3.6821e-07,7.48644e-07,6.34506e-06,0.237624,0.134721,1.76382,0
2,5,6,10.0,2.45943e-07,5.0168e-07,6.32549e-06,0.237268,0.13471,1.76132,0
3,5,6,10.0,1.44274e-07,3.1082e-07,6.28525e-06,0.237102,0.134707,1.76014,0
4,5,6,10.0,5.93762e-08,1.67398e-07,6.22774e-06,0.237026,0.134706,1.75958,0
5,5,6,10.0,-1.00962e-08,5.94323e-08,6.15289e-06,0.23699,0.134706,1.75931,0
6,5,6,10.0,-6.79049e-08,-1.54316e-08,6.05858e-06,0.236974,0.134706,1.75919,0
7,5,6,10.0,-1.15143e-07,-6.80717e-08,5.94206e-06,0.236966,0.134707,1.75913,0
8,5,6,10.0,-1.54108e-07,-1.01019e-07,5.79885e-06,0.236963,0.134707,1.7591,0
9,5,6,10.0,-1.8609e-07,-1.22866e-07,5.6255e-06,0.236961,0.134707,1.75909,0
10,5,6,10.0,-2.12898e-07,-1.42418e-07,5.41951e-06,0.23696,0.134707,1.75908,0
11,5,6,10.0,-2.27257e-07,-1.82451e-07,5.17541e-06,0.23696,0.134707,1.75908,0
12,5,6,10.0,-2.39108e-07,-2.21345e-07,4.8877e-06,0.23696,0.134707,1.75908,0
13,5,6,10.0,-2.53954e-07,-2.52866e-07,4.55833e-06,0.236959,0.134707,1.75907,0
14,5,6,10.0,-3.14327e-07,-5.45146e-07,3.7836e-06,0.237614,0.13472,1.76376,0
15,5,6,10.0,-3.40837e-07,-5.63531e-07,3.35872e-06,0.237263,0.13471,1.7613,0
16,5,6,10.0,-3.57648e-07,-5.87027e-07,2.92128e-06,0.2371,0.134706,1.76013,0
17,5,6,10.0,-3.68804e-07,-6.31777e-07,2.48521e-06,0.237025,0.134706,1.75957,0
18,5,6,10.0,-3.92367e-07,-6.95279e-07,2.05258e-06,0.23699,0.134706,1.75931,0
19,5,6,10.0,-4.08758e-07,-7.88375e-07,1.62502e-06,0.236974,0.134706,1.75919,0
20,5,6,10.0,-4.22116e-07,-9.1572e-07,1.20774e-06,0.236966,0.134707,1.75913,0
21,5,6,10.0,-4.37239e-07,-1.07705e-06,8.15162e-07,0.236962,0.134707,1.7591,0
22,5,6,10.0,-4.5648e-07,-1.27201e-06,4.70412e-07,0.236961,0.134707,1.75909,0
23,5,6,10.0,-4.85653e-07,-1.50844e-06,1.95728e-07,0.23696,0.134707,1.75908,0
0,6,6,10.0,-1.00202e-07,-2.27567e-07,5.40678e-06,0.238391,0.134753,1.76909,0
1,6,6,10.0,4.42748e-07,8.38072e-07,5.43903e-06,0.237624,0.134721,1.76382,0
2,6,6,10.0,2.96104e-07,5.54555e-07,5.41397e-06,0.237268,0.13471,1.76132,0
3,6,6,10.0,1.76018e-07,3.33966e-07,5.36185e-06,0.237102,0.134707,1.76014,0
4,6,6,10.0,7.56774e-08,1.65492e-07,5.28834e-06,0.237026,0.134706,1.75958,0
5,6,6,10.0,-4.70776e-09,4.73473e-08,5.19545e-06,0.23699,0.134706,1.75931,0
6,6,6,10.0,-6.75023e-08,-3.79319e-08,5.08534e-06,0.236974,0.134706,1.75919,0
7,6,6,10.0,-1.21226e-07,-9.1913e-08,4.9557e-06,0.236966,0.134707,1.75913,0
8,6,6,10.0,-1.65803e-07,-1.25767e-07,4.80398e-06,0.236963,0.134707,1.7591,0
9,6,6,10.0,-2.01995e-07,-1.45741e-07,4.62654e-06,0.236961,0.134707,1.75909,0
10,6,6,10.0,-2.33311e-07,-1.66849e-07,4.42324e-06,0.23696,0.134707,1.75908,0
11,6,6,10.0,-2.57067e-07,-1.98166e-07,4.18796e-06,0.23696,0.134707,1.75908,0
12,6,6,10.0,-2.70085e-07,-2.38473e-07,3.9136e-06,0.23696,0.134707,1.75908,0
13,6,6,10.0,-2.91125e-07,-2.68691e-07,3.59901e-06,0.236959,0.134707,1.75907,0
14,6,6,10.0,-3.78631e-07,-5.83077e-07,2.8647e-06,0.237614,0.13472,1.76376,0
15,6,6,10.0,-3.94867e-07,-5.88535e-07,2.4642e-06,0.237263,0.13471,1.7613,0
16,6,6,10.0,-4.01887e-07,-6.15844e-07,2.06194e-06,0.2371,0.134706,1.76013,0
17,6,6,10.0,-4.23333e-07,-6.66288e-07,1.6657e-06,0.237025,0.134706,1.75957,0
18,6,6,10.0,-4.48333e-07,-7.373e-07,1.27876e-06,0.23699,0.134706,1.75931,0
19,6,6,10.0,-4.70664e-07,-8.36972e-07,9.0997e-07,0.236974,0.134706,1.75919,0
20,6,6,10.0,-4.89667e-07,-9.7304e-07,5.65721e-07,0.236966,0.134707,1.75913,0
21,6,6,10.0,-5.09029e-07,-1.14649e-06,2.59664e-07,0.236963,0.134707,1.7591,0
22,6,6,10.0,-5.39374e-07,-1.35846e-06,1.26171e-08,0.236961,0.134707,1.75909,0
23,6,6,10.0,-5.76668e-07,-1.61741e-06,-1.51746e-07,0.23696,0.134707,1.75908,0
0,7,6,10.0,-1.17957e-07,-2.71395e-07,4.3049e-06,0.238391,0.134753,1.76909,0
1,7,6,10.0,5.24062e-07,9.42098e-07,4.36474e-06,0.237624,0.134721,1.76382,0
2,7,6,10.0,3.57803e-07,6.14758e-07,4.33435e-06,0.237268,0.13471,1.76132,0
3,7,6,10.0,2.13007e-07,3.59163e-07,4.26507e-06,0.237102,0.134707,1.76014,0
4,7,6,10.0,9.75861e-08,1.66846e-07,4.17146e-06,0.237026,0.134706,1.75958,0
5,7,6,10.0,1.49019e-08,2.82248e-08,4.05692e-06,0.23699,0.134706,1.75931,0
6,7,6,10.0,-5.74335e-08,-6.06191e-08,3.92519e-06,0.236974,0.134706,1.75919,0
7,7,6,10.0,-1.17766e-07,-1.19677e-07,3.7755e-06,0.236966,0.134707,1.75913,0
8,7,6,10.0,-1.68628e-07,-1.51878e-07,3.61223e-06,0.236963,0.134707,1.7591,0
9,7,6,10.0,-2.00167e-07,-1.73374e-07,3.42993e-06,0.236961,0.134707,1.75909,0
10,7,6,10.0,-2.3849e-07,-1.91337e-07,3.23021e-06,0.23696,0.134707,1.75908,0
11,7,6,10.0,-2.69354e-07,-2.18472e-07,2.99581e-06,0.23696,0.134707,1.75908,0
12,7,6,10.0,-2.86953e-07,-2.57636e-07,2.72501e-06,0.23696,0.134707,1.75908,0
13,7,6,10.0,-3.0636e-07,-2.80175e-07,2.41661e-06,0.236959,0.134707,1.75907,0
14,7,6,10.0,-4.28677e-07,-6.15913e-07,1.6995e-06,0.237614,0.13472,1.76376,0
15,7,6,10.0,-4.21645e-07,-6.19004e-07,1.32848e-06,0.237263,0.13471,1.7613,0
16,7,6,10.0,-4.41142e-07,-6.48547e-07,9.62815e-07,0.2371,0.134706,1.76013,0
17,7,6,10.0,-4.77487e-07,-6.98998e-07,6.10692e-07,0.237025,0.134706,1.75957,0
18,7,6,10.0,-4.93301e-07,-7.7818e-07,2.82653e-07,0.23699,0.134706,1.75931,0
19,7,6,10.0,-5.20499e-07,-8.91007e-07,-1.48082e-08,0.236974,0.134706,1.75919,0
20,7,6,10.0,-5.44922e-07,-1.03686e-06,-2.70176e-07,0.236966,0.134707,1.75913,0
21,7,6,10.0,-5.7292e-07,-1.2236e-06,-4.69753e-07,0.236963,0.134707,1.7591,0
22,7,6,10.0,-6.12514e-07,-1.45609e-06,-5.95376e-07,0.236961,0.134707,1.75909,0
23,7,6,10.0,-6.55321e-07,-1.74386e-06,-6.18988e-07,0.23696,0.134707,1.75908,0
0,8,6,10.0,-1.20402e-07,-2.97283e-07,3.06452e-06,0.238391,0.134753,1.76909,0
1,8,6,10.0,6.06736e-07,1.06865e-06,3.13784e-06,0.237624,0.134721,1.76382,0
2,8,6,10.0,4.00602e-07,6.91742e-07,3.09318e-06,0.237268,0.13471,1.76132,0
3,8,6,10.0,2.52986e-07,3.8481e-07,3.0009e-06,0.237102,0.134707,1.76014,0
4,8,6,10.0,1.24502e-07,1.70999e-07,2.87762e-06,0.237026,0.134706,1.75958,0
5,8,6,10.0,2.6229e-08,2.26099e-08,2.73185e-06,0.23699,0.134706,1.75931,0
6,8,6,10.0,-6.40393e-08,-7.6889e-08,2.56577e-06,0.236974,0.134706,1.75919,0
7,8,6,10.0,-9.98906e-08,-1.38185e-07,2.39147e-06,0.236966,0.134707,1.75913,0
8,8,6,10.0,-1.61911e-07,-1.70176e-07,2.20733e-06,0.236963,0.134707,1.7591,0
9,8,6,10.0,-1.89884e-07,-1.9689e-07,2.01548e-06,0.236961,0.134707,1.75909,0
10,8,6,10.0,-2.30593e-07,-2.21007e-07,1.82523e-06,0.23696,0.134707,1.75908,0
11,8,6,10.0,-2.50007e-07,-2.64131e-07,1.58178e-06,0.23696,0.134707,1.75908,0
12,8,6,10.0,-2.7467e-07,-2.84498e-07,1.30216e-06,0.23696,0.134707,1.75908,0
13,8,6,10.0,-3.0872e-07,-3.22824e-07,9.87635e-07,0.236959,0.134707,1.75907,0
14,8,6,10.0,-4.1028e-07,-6.35064e-07,2.89687e-07,0.237614,0.13472,1.76376,0
15,8,6,10.0,-4.39594e-07,-6.28789e-07,-5.31438e-08,0.237263,0.13471,1.7613,0
16,8,6,10.0,-4.66049e-07,-6.59201e-07,-3.79662e-07,0.2371,0.134706,1.76013,0
17,8,6,10.0,-4.78921e-07,-7.26818e-07,-6.81354e-07,0.237025,0.134706,1.75957,0
18,8,6,10.0,-5.22793e-07,-8.10697e-07,-9.41551e-07,0.23699,0.134706,1.75931,0
19,8,6,10.0,-5.50957e-07,-9.31157e-07,-1.1516e-06,0.236974,0.134706,1.75919,0
20,8,6,10.0,-5.86042e-07,-1.09451e-06,-1.30089e-06,0.236966,0.134707,1.75913,0
21,8,6,10.0,-6.26527e-07,-1.29996e-06,-1.37502e-06,0.236963,0.134707,1.7591,0
22,8,6,10.0,-6.69494e-07,-1.55647e-06,-1.353e-06,0.236961,0.134707,1.75909,0
23,8,6,10.0,-7.31577e-07,-1.87598e-06,-1.2044e-06,0.23696,0.134707,1.75908,0
0,9,6,10.0,-1.44771e-07,-3.50493e-07,1.69693e-06,0.238401,0.134755,1.76915,0
1,9,6,10.0,6.545e-07,1.20718e-06,1.75497e-06,0.237643,0.134724,1.76392,0
2,9,6,10.0,4.56885e-07,7.60174e-07,1.68855e-06,0.237294,0.134714,1.76146,0
3,9,6,10.0,2.65873e-07,4.15685e-07,1.55665e-06,0.237133,0.134711,1.7603,0
4,9,6,10.0,1.0618e-07,1.62193e-07,1.3836e-06,0.237059,0.134711,1.75976,0
5,9,6,10.0,-2.23386e-08,-1.2931e-08,1.18777e-06,0.237024,0.134711,1.7595,0
6,9,6,10.0,-5.65228e-08,-1.07816e-07,9.79639e-07,0.237009,0.134711,1.75938,0
7,9,6,10.0,-1.45715e-07,-1.89549e-07,7.66183e-07,0.237001,0.134712,1.75932,0
8,9,6,10.0,-2.02033e-07,-2.18302e-07,5.41081e-07,0.236988,0.13471,1.75924,0
9,9,6,10.0,-2.57202e-07,-2.48439e-07,3.07649e-07,0.238381,0.134752,1.76904,0
10,9,6,10.0,-4.03007e-07,-7.34889e-07,7.51868e-08,0.237634,0.134723,1.76387,0
11,9,6,10.0,-4.15628e-07,-6.86843e-07,-1.95743e-07,0.23729,0.134713,1.76144,0
12,9,6,10.0,-4.45515e-07,-6.80169e-07,-4.90185e-07,0.237131,0.134711,1.76029,0
13,9,6,10.0,-4.39865e-07,-6.69632e-07,-8.0441e-07,0.237058,0.134711,1.75975,0
14,9,6,10.0,-5.46126e-07,-1.14832e-06,-1.44789e-06,0.237634,0.134723,1.76387,0
15,9,6,10.0,-5.60865e-07,-1.08842e-06,-1.74988e-06,0.23729,0.134713,1.76144,0
16,9,6,10.0,-5.54184e-07,-1.04712e-06,-2.02102e-06,0.237131,0.134711,1.76029,0
17,9,6,10.0,-5.73961e-07,-1.06381e-06,-2.24703e-06,0.237058,0.134711,1.75975,0
18,9,6,10.0,-5.91498e-07,-1.12441e-06,-2.42082e-06,0.237024,0.134711,1.7595,0
19,9,6,10.0,-6.29386e-07,-1.22438e-06,-2.52538e-06,0.237008,0.134711,1.75938,0
20,9,6,10.0,-6.67339e-07,-1.36872e-06,-2.54855e-06,0.237001,0.134712,1.75932,0
21,9,6,10.0,-7.07935e-07,-1.5664e-06,-2.47146e-06,0.236998,0.134712,1.7593,0
22,9,6,10.0,-7.5618e-07,-1.82252e-06,-2.2685e-06,0.236996,0.134712,1.75928,0
23,9,6,10.0,-8.18164e-07,-2.15958e-06,-1.91098e-06,0.236996,0.134712,1.75928,0
0,10,6,10.0,-1.64517e-07,-4.12371e-07,1.52805e-07,0.238391,0.134753,1.76909,0
1,10,6,10.0,7.57851e-07,1.35424e-06,2.07319e-07,0.237624,0.134721,1.76382,0
2,10,6,10.0,4.76789e-07,8.62105e-07,1.1026e-07,0.237268,0.13471,1.76132,0
3,10,6,10.0,2.79815e-07,4.6086e-07,-7.8168e-08,0.237103,0.134707,1.76014,0
4,10,6,10.0,1.01947e-07,1.7399e-07,-3.16384e-07,0.237026,0.134706,1.75958,0
5,10,6,10.0,-4.29878e-09,4.37479e-09,-5.7429e-07,0.236991,0.134706,1.75931,0
6,10,6,10.0,-9.73361e-08,-9.75918e-08,-8.31085e-07,0.236974,0.134706,1.75919,0
7,10,6,10.0,-1.60686e-07,-1.6338e-07,-1.09968e-06,0.236967,0.134707,1.75913,0
8,10,6,10.0,-2.17373e-07,-1.86288e-07,-1.38213e-06,0.236953,0.134705,1.75905,0
9,10,6,10.0,-2.18387e-07,-2.4296e-07,-1.67484e-06,0.23837,0.13475,1.76898,0
10,10,6,10.0,-4.26689e-07,-6.66574e-07,-1.98204e-06,0.237614,0.13472,1.76377,0
11,10,6,10.0,-4.65792e-07,-6.46978e-07,-2.29868e-06,0.237263,0.13471,1.7613,0
12,10,6,10.0,-4.52197e-07,-6.46915e-07,-2.60979e-06,0.237101,0.134707,1.76013,0
13,10,6,10.0,-4.49705e-07,-6.44593e-07,-2.91392e-06,0.237025,0.134706,1.75957,0
14,10,6,10.0,-6.04739e-07,-1.19468e-06,-3.49225e-06,0.237614,0.13472,1.76377,0
15,10,6,10.0,-5.7179e-07,-1.08892e-06,-3.73809e-06,0.237264,0.13471,1.7613,0
16,10,6,10.0,-5.90941e-07,-1.05861e-06,-3.93621e-06,0.237101,0.134707,1.76013,0
17,10,6,10.0,-6.07116e-07,-1.08044e-06,-4.07517e-06,0.237025,0.134706,1.75957,0
18,10,6,10.0,-6.19315e-07,-1.14036e-06,-4.1392e-06,0.23699,0.134706,1.75931,0
19,10,6,10.0,-6.65289e-07,-1.26157e-06,-4.1197e-06,0.236974,0.134706,1.75919,0
20,10,6,10.0,-7.00341e-07,-1.4313e-06,-3.9954e-06,0.236966,0.134707,1.75913,0
21,10,6,10.0,-7.42629e-07,-1.65374e-06,-3.73682e-06,0.236963,0.134707,1.7591,0
22,10,6,10.0,-8.06019e-07,-1.94137e-06,-3.32441e-06,0.236961,0.134707,1.75909,0
23,10,6,10.0,-8.77675e-07,-2.31676e-06,-2.71979e-06,0.236961,0.134707,1.75908,0
0,11,6,10.0,-2.08396e-07,-4.83681e-07,-1.58028e-06,0.238391,0.134753,1.76909,0
1,11,6,10.0,7.69884e-07,1.53211e-06,-1.5146e-06,0.237624,0.134721,1.76382,0
2,11,6,10.0,4.86616e-07,9.4303e-07,-1.65314e-06,0.237268,0.13471,1.76132,0
3,11,6,10.0,2.89338e-07,5.04042e-07,-1.88897e-06,0.237102,0.134707,1.76014,0
4,11,6,10.0,1.15472e-07,1.88526e-07,-2.18554e-06,0.237026,0.134706,1.75958,0
5,11,6,10.0,1.69028e-08,2.7553e-08,-2.50187e-06,0.23699,0.134706,1.75931,0
6,11,6,10.0,-9.29181e-08,-9.91824e-08,-2.8197e-06,0.236974,0.134706,1.75919,0
7,11,6,10.0,-1.42464e-07,-1.56976e-07,-3.14345e-06,0.236966,0.134707,1.75913,0
8,11,6,10.0,-1.99866e-07,-1.76714e-07,-3.49231e-06,0.236952,0.134705,1.75905,0
9,11,6,10.0,-2.44208e-07,-2.27169e-07,-3.8568e-06,0.23837,0.13475,1.76898,0
10,11,6,10.0,-5.24304e-07,-7.11868e-07,-4.24064e-06,0.237614,0.13472,1.76376,0
11,11,6,10.0,-4.59776e-07,-6.7457e-07,-4.60255e-06,0.237263,0.13471,1.7613,0
12,11,6,10.0,-4.81258e-07,-6.84492e-07,-4.92186e-06,0.2371,0.134707,1.76013,0
13,11,6,10.0,-4.85909e-07,-6.59588e-07,-5.21903e-06,0.237025,0.134706,1.75957,0
14,11,6,10.0,-6.64907e-07,-1.24327e-06,-5.75641e-06,0.237614,0.13472,1.76376,0
15,11,6,10.0,-6.43767e-07,-1.13567e-06,-5.94871e-06,0.237263,0.13471,1.7613,0
16,11,6,10.0,-6.27417e-07,-1.09981e-06,-6.07459e-06,0.2371,0.134706,1.76013,0
17,11,6,10.0,-6.17587e-07,-1.11205e-06,-6.11692e-06,0.237025,0.134706,1.75957,0
18,11,6,10.0,-6.72757e-07,-1.19096e-06,-6.06596e-06,0.23699,0.134706,1.75931,0
19,11,6,10.0,-6.80889e-07,-1.31743e-06,-5.90566e-06,0.236974,0.134706,1.75919,0
20,11,6,10.0,-7.13838e-07,-1.51033e-06,-5.6029e-06,0.236966,0.134707,1.75913,0
21,11,6,10.0,-7.72016e-07,-1.75587e-06,-5.13992e-06,0.236963,0.134707,1.7591,0
22,11,6,10.0,-8.35029e-07,-2.06713e-06,-4.48928e-06,0.236961,0.134707,1.75909,0
23,11,6,10.0,-9.18507e-07,-2.4851e-06,-3.6121e-06,0.23696,0.134707,1.75908,0
0,12,6,10.0,-2.36026e-07,-5.54354e-07,-3.51109e-06,0.238391,0.134753,1.76909,0
1,12,6,10.0,7.46587e-07,1.65271e-06,-3.40093e-06,0.237624,0.134721,1.76382,0
2,12,6,10.0,5.44004e-07,1.02265e-06,-3.55076e-06,0.237268,0.13471,1.76132,0
3,12,6,10.0,2.8877e-07,5.3013e-07,-3.82566e-06,0.237102,0.134707,1.76014,0
4,12,6,10.0,1.118e-07,1.80824e-07,-4.1842e-06,0.237026,0.134706,1.75958,0
5,12,6,10.0,-1.00923e-08,3.90318e-09,-4.56489e-06,0.23699,0.134706,1.75931,0
6,12,6,10.0,-7.95204e-08,-7.89279e-08,-4.94507e-06,0.236974,0.134706,1.75919,0
7,12,6,10.0,-1.90498e-07,-1.68522e-07,-5.33313e-06,0.236966,0.134707,1.75913,0
8,12,6,10.0,-2.18623e-07,-1.71212e-07,-5.75515e-06,0.236952,0.134705,1.75905,0
9,12,6,10.0,-3.03872e-07,-2.28533e-07,-6.21499e-06,0.23837,0.13475,1.76898,0
10,12,6,10.0,-5.58742e-07,-7.90094e-07,-6.68172e-06,0.237614,0.13472,1.76376,0
11,12,6,10.0,-4.83153e-07,-7.29929e-07,-7.0597e-06,0.237263,0.13471,1.7613,0
12,12,6,10.0,-5.19255e-07,-7.45414e-07,-7.38336e-06,0.2371,0.134707,1.76013,0
13,12,6,10.0,-5.42939e-07,-7.23925e-07,-7.67797e-06,0.237025,0.134706,1.75957,0
14,12,6,10.0,-7.43763e-07,-1.36152e-06,-1.06763e-05,0.238376,0.134751,1.76901,0
15,12,6,10.0,-5.54233e-07,-1.00714e-06,-1.07666e-05,0.237629,0.134722,1.76384,0
16,12,6,10.0,-6.01362e-07,-1.02665e-06,-1.07686e-05,0.237286,0.134713,1.76142,0
17,12,6,10.0,-6.83126e-07,-1.1762e-06,-8.35649e-06,0.237013,0.134704,1.7595,0
18,12,6,10.0,-7.01878e-07,-1.26853e-06,-8.19184e-06,0.236984,0.134705,1.75928,0
19,12,6,10.0,-6.9362e-07,-1.39064e-06,-7.86208e-06,0.236971,0.134706,1.75917,0
20,12,6,10.0,-7.3531e-07,-1.6018e-06,-7.36034e-06,0.236965,0.134706,1.75912,0
21,12,6,10.0,-7.95497e-07,-1.87598e-06,-6.67443e-06,0.236962,0.134707,1.7591,0
22,12,6,10.0,-8.5572e-07,-2.20723e-06,-5.76715e-06,0.236961,0.134707,1.75909,0
23,12,6,10.0,-9.4393e-07,-2.65848e-06,-4.598e-06,0.23696,0.134707,1.75908,0
0,13,6,10.0,-1.87974e-07,-6.08845e-07,-7.38723e-06,0.238391,0.134753,1.76909,0
1,13,6,10.0,7.90606e-07,1.902e-06,-7.17871e-06,0.237624,0.134721,1.76382,0
2,13,6,10.0,4.77461e-07,1.16275e-06,-7.39465e-06,0.237268,0.13471,1.76132,0
3,13,6,10.0,2.41809e-07,6.02694e-07,-7.81409e-06,0.237102,0.134707,1.76014,0
4,13,6,10.0,8.37566e-08,2.2512e-07,-8.33368e-06,0.237026,0.134706,1.75958,0
5,13,6,10.0,-3.88103e-08,2.48124e-08,-8.89609e-06,0.23699,0.134706,1.75931,0
6,13,6,10.0,-1.7988e-07,-8.69026e-08,-9.45711e-06,0.236974,0.134706,1.75919,0
7,13,6,10.0,-2.64929e-07,-1.6014e-07,-1.00155e-05,0.236966,0.134707,1.75913,0
8,13,6,10.0,-3.46347e-07,-2.33642e-07,-1.05676e-05,0.236962,0.134707,1.7591,0
9,13,6,10.0,-3.19503e-07,-2.7714e-07,-1.11086e-05,0.23697,0.134708,1.75914,0
10,13,6,10.0,-4.2707e-07,-2.62494e-07,-1.16073e-05,0.236968,0.134708,1.75913,0
11,13,6,10.0,-4.91827e-07,-2.99174e-07,-1.20017e-05,0.236966,0.134708,1.75911,0
12,13,6,10.0,-5.12783e-07,-3.45512e-07,-1.23197e-05,0.236963,0.134707,1.7591,0
13,13,6,10.0,-5.13531e-07,-2.92571e-07,-1.25767e-05,0.236962,0.134707,1.75909,0
14,13,6,10.0,-6.57556e-07,-7.42652e-07,-1.29788e-05,0.237624,0.134721,1.76382,0
15,13,6,10.0,-6.37783e-07,-7.51054e-07,-1.3009e-05,0.23727,0.13471,1.76133,0
16,13,6,10.0,-6.46422e-07,-8.18584e-07,-1.29501e-05,0.237104,0.134707,1.76015,0
17,13,6,10.0,-6.69243e-07,-9.35088e-07,-1.2752e-05,0.237027,0.134706,1.75959,0
18,13,6,10.0,-6.70293e-07,-1.06669e-06,-1.23582e-05,0.236991,0.134706,1.75932,0
19,13,6,10.0,-6.96707e-07,-1.2683e-06,-1.1753e-05,0.236974,0.134706,1.75919,0
20,13,6,10.0,-7.32554e-07,-1.53266e-06,-1.0929e-05,0.236966,0.134707,1.75913,0
21,13,6,10.0,-7.96575e-07,-1.86065e-06,-9.84707e-06,0.236963,0.134707,1.7591,0
22,13,6,10.0,-8.61956e-07,-2.28141e-06,-8.47681e-06,0.236961,0.134707,1.75909,0
23,13,6,10.0,-9.43497e-07,-2.82649e-06,-6.73612e-06,0.23696,0.134707,1.75908,0
0,14,6,10.0,-1.96199e-07,-6.51644e-07,-9.11012e-06,0.238391,0.134753,1.76909,0
1,14,6,10.0,6.6878e-07,1.98651e-06,-8.86242e-06,0.237624,0.134721,1.76382,0
2,14,6,10.0,4.1681e-07,1.21411e-06,-9.12909e-06,0.237268,0.13471,1.76132,0
3,14,6,10.0,2.54671e-07,6.49973e-07,-9.61769e-06,0.237102,0.134707,1.76014,0
4,14,6,10.0,7.65647e-08,2.783e-07,-1.02249e-05,0.237026,0.134706,1.75958,0
5,14,6,10.0,-2.24298e-08,8.32764e-08,-1.08729e-05,0.23699,0.134706,1.75931,0
6,14,6,10.0,-1.79242e-07,-1.07683e-07,-1.15308e-05,0.236974,0.134706,1.75919,0
7,14,6,10.0,-2.30041e-07,-1.99203e-07,-1.21548e-05,0.236966,0.134707,1.75913,0
8,14,6,10.0,-3.2254e-07,-2.53554e-07,-1.27317e-05,0.236963,0.134707,1.7591,0
9,14,6,10.0,-3.05744e-07,-2.8306e-07,-1.32359e-05,0.236961,0.134707,1.75909,0
10,14,6,10.0,-4.32681e-07,-3.12069e-07,-1.36928e-05,0.23696,0.134707,1.75908,0
11,14,6,10.0,-4.39298e-07,-2.95684e-07,-1.4063e-05,0.23696,0.134707,1.75908,0
12,14,6,10.0,-4.81182e-07,-3.33914e-07,-1.43528e-05,0.23696,0.134707,1.75908,0
13,14,6,10.0,-5.32445e-07,-3.01397e-07,-1.459e-05,0.23696,0.134707,1.75907,0
14,14,6,10.0,-5.91738e-07,-7.70099e-07,-1.49172e-05,0.237614,0.13472,1.76377,0
15,14,6,10.0,-5.99267e-07,-7.26135e-07,-1.49348e-05,0.237263,0.13471,1.7613,0
16,14,6,10.0,-5.98227e-07,-8.13721e-07,-1.48261e-05,0.2371,0.134707,1.76013,0
17,14,6,10.0,-5.63765e-07,-9.34329e-07,-1.45605e-05,0.237025,0.134706,1.75957,0
18,14,6,10.0,-5.9621e-07,-1.0826e-06,-1.40998e-05,0.23699,0.134706,1.75931,0
19,14,6,10.0,-6.22851e-07,-1.27782e-06,-1.3417e-05,0.236974,0.134706,1.75919,0
20,14,6,10.0,-6.55525e-07,-1.5474e-06,-1.24844e-05,0.236966,0.134707,1.75913,0
21,14,6,10.0,-7.07788e-07,-1.89484e-06,-1.12727e-05,0.236963,0.134707,1.7591,0
22,14,6,10.0,-7.56042e-07,-2.3352e-06,-9.71419e-06,0.236961,0.134707,1.75909,0
23,14,6,10.0,-8.37147e-07,-2.91834e-06,-7.73502e-06,0.23696,0.134707,1.75908,0
0,15,6,10.0,-1.03276e-07,-6.43121e-07,-1.06033e-05,0.238391,0.134753,1.76909,0
1,15,6,10.0,5.75295e-07,2.01353e-06,-1.03095e-05,0.237624,0.134721,1.76382,0
2,15,6,10.0,4.30325e-07,1.24831e-06,-1.05876e-05,0.237268,0.13471,1.76132,0
3,15,6,10.0,2.16891e-07,6.97688e-07,-1.11283e-05,0.237102,0.134707,1.76014,0
4,15,6,10.0,7.786e-08,2.86196e-07,-1.18116e-05,0.237026,0.134706,1.75958,0
5,15,6,10.0,-6.97055e-08,3.07246e-08,-1.2526e-05,0.23699,0.134706,1.75931,0
6,15,6,10.0,-8.49175e-08,-1.08006e-07,-1.32359e-05,0.236974,0.134706,1.75919,0
7,15,6,10.0,-2.15919e-07,-2.34032e-07,-1.38936e-05,0.236966,0.134707,1.75913,0
8,15,6,10.0,-2.48138e-07,-2.91041e-07,-1.44768e-05,0.236963,0.134707,1.7591,0
9,15,6,10.0,-3.40878e-07,-3.34874e-07,-1.4965e-05,0.236961,0.134707,1.75909,0
10,15,6,10.0,-3.30753e-07,-3.28118e-07,-1.53828e-05,0.23696,0.134707,1.75908,0
11,15,6,10.0,-3.99883e-07,-3.6625e-07,-1.57203e-05,0.23696,0.134707,1.75908,0
12,15,6,10.0,-4.82697e-07,-3.70083e-07,-1.5985e-05,0.23696,0.134707,1.75908,0
13,15,6,10.0,-4.4212e-07,-3.10517e-07,-1.61825e-05,0.236959,0.134707,1.75907,0
14,15,6,10.0,-5.37345e-07,-7.91874e-07,-1.64227e-05,0.237614,0.13472,1.76376,0
15,15,6,10.0,-5.48844e-07,-8.09654e-07,-1.64059e-05,0.237263,0.13471,1.7613,0
16,15,6,10.0,-5.27763e-07,-8.62089e-07,-1.62636e-05,0.2371,0.134706,1.76013,0
17,15,6,10.0,-5.32803e-07,-9.67516e-07,-1.59568e-05,0.237025,0.134706,1.75957,0
18,15,6,10.0,-5.28826e-07,-1.12403e-06,-1.54557e-05,0.23699,0.134706,1.75931,0
19,15,6,10.0,-5.43175e-07,-1.32835e-06,-1.47225e-05,0.236974,0.134706,1.75919,0
20,15,6,10.0,-5.73613e-07,-1.58954e-06,-1.37199e-05,0.236966,0.134707,1.75913,0
21,15,6,10.0,-6.01149e-07,-1.93573e-06,-1.24051e-05,0.236963,0.134707,1.7591,0
22,15,6,10.0,-6.59086e-07,-2.3952e-06,-1.07101e-05,0.236961,0.134707,1.75909,0
23,15,6,10.0,-6.95889e-07,-3.00297e-06,-8.54332e-06,0.23696,0.134707,1.75908,0
0,16,6,10.0,-6.93156e-08,-6.11471e-07,-1.16666e-05,0.238391,0.134753,1.76909,0
1,16,6,10.0,5.09736e-07,2.0413e-06,-1.14248e-05,0.237624,0.134721,1.76382,0
2,16,6,10.0,3.00554e-07,1.25532e-06,-1.17349e-05,0.237268,0.13471,1.76132,0
3,16,6,10.0,1.71378e-07,6.86752e-07,-1.23169e-05,0.237102,0.134707,1.76014,0
4,16,6,10.0,7.1309e-08,3.19048e-07,-1.30382e-05,0.237026,0.134706,1.75958,0
5,16,6,10.0,-2.04189e-08,3.7117e-08,-1.3793e-05,0.23699,0.134706,1.75931,0
6,16,6,10.0,-1.54419e-07,-1.29622e-07,-1.45161e-05,0.236974,0.134706,1.75919,0
7,16,6,10.0,-2.01547e-07,-2.50903e-07,-1.51871e-05,0.236966,0.134707,1.75913,0
8,16,6,10.0,-2.47501e-07,-3.21627e-07,-1.57624e-05,0.236963,0.134707,1.7591,0
9,16,6,10.0,-2.7503e-07,-3.48416e-07,-1.62388e-05,0.236961,0.134707,1.75909,0
10,16,6,10.0,-3.56968e-07,-3.63303e-07,-1.66244e-05,0.23696,0.134707,1.75908,0
11,16,6,10.0,-3.87481e-07,-3.69994e-07,-1.6934e-05,0.23696,0.134707,1.75908,0
12,16,6,10.0,-4.21918e-07,-3.98722e-07,-1.71704e-05,0.23696,0.134707,1.75908,0
13,16,6,10.0,-4.75056e-07,-3.54032e-07,-1.73216e-05,0.236959,0.134707,1.75907,0
14,16,6,10.0,-5.13818e-07,-8.34464e-07,-1.74714e-05,0.237614,0.13472,1.76376,0
15,16,6,10.0,-5.32128e-07,-8.12422e-07,-1.74061e-05,0.237263,0.13471,1.7613,0
16,16,6,10.0,-4.89776e-07,-8.61298e-07,-1.72204e-05,0.2371,0.134706,1.76013,0
17,16,6,10.0,-4.59364e-07,-9.87234e-07,-1.68812e-05,0.237025,0.134706,1.75957,0
18,16,6,10.0,-4.88957e-07,-1.12964e-06,-1.6373e-05,0.23699,0.134706,1.75931,0
19,16,6,10.0,-4.95304e-07,-1.31366e-06,-1.56023e-05,0.236974,0.134706,1.75919,0
20,16,6,10.0,-5.16357e-07,-1.57621e-06,-1.45513e-05,0.236966,0.134707,1.75913,0
21,16,6,10.0,-5.40561e-07,-1.93657e-06,-1.31699e-05,0.236962,0.134707,1.7591,0
22,16,6,10.0,-5.5232e-07,-2.39765e-06,-1.13871e-05,0.236961,0.134707,1.75909,0
23,16,6,10.0,-5.80384e-07,-3.00467e-06,-9.0953e-06,0.23696,0.134707,1.75908,0
0,17,6,10.0,-5.90366e-08,-6.46764e-07,-1.24854e-05,0.238401,0.134755,1.76915,0
1,17,6,10.0,3.45004e-07,2.00288e-06,-1.22437e-05,0.237643,0.134724,1.76392,0
2,17,6,10.0,2.59075e-07,1.20756e-06,-1.25594e-05,0.237294,0.134714,1.76146,0
3,17,6,10.0,1.87125e-07,6.50036e-07,-1.31458e-05,0.237133,0.134711,1.7603,0
4,17,6,10.0,6.15817e-08,2.49816e-07,-1.38619e-05,0.237059,0.134711,1.75976,0
5,17,6,10.0,-1.29478e-08,2.27981e-09,-1.46207e-05,0.237024,0.134711,1.7595,0
6,17,6,10.0,-9.55929e-08,-2.05022e-07,-1.53475e-05,0.237009,0.134711,1.75938,0
7,17,6,10.0,-1.3882e-07,-3.32312e-07,-1.60019e-05,0.237001,0.134712,1.75932,0
8,17,6,10.0,-2.13505e-07,-4.17341e-07,-1.6563e-05,0.236998,0.134712,1.7593,0
9,17,6,10.0,-2.53664e-07,-4.1906e-07,-1.70244e-05,0.236996,0.134712,1.75928,0
10,17,6,10.0,-2.92341e-07,-4.54982e-07,-1.7399e-05,0.236996,0.134712,1.75928,0
11,17,6,10.0,-3.55528e-07,-4.97262e-07,-1.76884e-05,0.236995,0.134712,1.75928,0
12,17,6,10.0,-3.97403e-07,-4.99348e-07,-1.78909e-05,0.236995,0.134712,1.75927,0
13,17,6,10.0,-4.44296e-07,-4.82831e-07,-1.8014e-05,0.236995,0.134712,1.75927,0
14,17,6,10.0,-4.63282e-07,-1.01829e-06,-1.80462e-05,0.237634,0.134723,1.76387,0
15,17,6,10.0,-4.72972e-07,-1.01349e-06,-1.79165e-05,0.23729,0.134713,1.76144,0
16,17,6,10.0,-4.2416e-07,-9.83318e-07,-1.76529e-05,0.237121,0.134709,1.76024,0
17,17,6,10.0,-3.95488e-07,-1.09195e-06,-1.72458e-05,0.238381,0.134752,1.76904,0
18,17,6,10.0,-2.90942e-07,-1.50097e-06,-1.67104e-05,0.237634,0.134723,1.76387,0
19,17,6,10.0,-3.33462e-07,-1.62683e-06,-1.59088e-05,0.23729,0.134713,1.76144,0
20,17,6,10.0,-3.48445e-07,-1.83348e-06,-1.482e-05,0.237131,0.134711,1.76029,0
21,17,6,10.0,-3.37385e-07,-2.13607e-06,-1.34011e-05,0.237058,0.134711,1.75975,0
22,17,6,10.0,-3.41329e-07,-2.559e-06,-1.15729e-05,0.237024,0.134711,1.7595,0
23,17,6,10.0,-3.41878e-07,-3.13529e-06,-9.23747e-06,0.237008,0.134711,1.75938,0
0,18,6,10.0,-1.11976e-10,-5.75246e-07,-1.29873e-05,0.238391,0.134753,1.76909,0
1,18,6,10.0,2.82209e-07,1.92768e-06,-1.27948e-05,0.237624,0.134721,1.76382,0
2,18,6,10.0,2.36865e-07,1.23898e-06,-1.309e-05,0.237268,0.13471,1.76132,0
3,18,6,10.0,1.34566e-07,6.90545e-07,-1.36443e-05,0.237103,0.134707,1.76014,0
4,18,6,10.0,7.68335e-08,3.22471e-07,-1.43298e-05,0.237026,0.134706,1.75958,0
5,18,6,10.0,5.84714e-10,6.99634e-08,-1.50523e-05,0.236991,0.134706,1.75931,0
6,18,6,10.0,-3.03401e-08,-1.0162e-07,-1.57452e-05,0.236974,0.134706,1.75919,0
7,18,6,10.0,-1.27439e-07,-2.24218e-07,-1.63729e-05,0.236967,0.134707,1.75913,0
8,18,6,10.0,-1.67012e-07,-3.21014e-07,-1.69197e-05,0.236963,0.134707,1.7591,0
9,18,6,10.0,-2.148e-07,-3.24842e-07,-1.73688e-05,0.236961,0.134707,1.75909,0
10,18,6,10.0,-2.45188e-07,-3.43316e-07,-1.7732e-05,0.236961,0.134707,1.75908,0
11,18,6,10.0,-2.93829e-07,-3.88201e-07,-1.80116e-05,0.23696,0.134707,1.75908,0
12,18,6,10.0,-3.58804e-07,-4.14399e-07,-1.81971e-05,0.23696,0.134707,1.75908,0
13,18,6,10.0,-3.39225e-07,-3.52562e-07,-1.82791e-05,0.23696,0.134707,1.75908,0
14,18,6,10.0,-4.05443e-07,-7.91157e-07,-1.81869e-05,0.237614,0.13472,1.76377,0
15,18,6,10.0,-3.77898e-07,-8.1699e-07,-1.79693e-05,0.237264,0.13471,1.7613,0
16,18,6,10.0,-3.55559e-07,-7.82855e-07,-1.76056e-05,0.23709,0.134705,1.76007,0
17,18,6,10.0,-3.61271e-07,-9.41136e-07,-1.71079e-05,0.238371,0.13475,1.76898,0
18,18,6,10.0,-2.51405e-07,-1.37127e-06,-1.64664e-05,0.237614,0.13472,1.76377,0
19,18,6,10.0,-2.40514e-07,-1.51039e-06,-1.5608e-05,0.237264,0.13471,1.7613,0
20,18,6,10.0,-2.36337e-07,-1.72697e-06,-1.44884e-05,0.237101,0.134707,1.76013,0
21,18,6,10.0,-2.32293e-07,-2.03195e-06,-1.30464e-05,0.237025,0.134706,1.75957,0
22,18,6,10.0,-2.07253e-07,-2.44685e-06,-1.12192e-05,0.23699,0.134706,1.75931,0
23,18,6,10.0,-1.64724e-07,-2.99904e-06,-8.90446e-06,0.236974,0.134706,1.75919,0
0,19,6,10.0,-1.54974e-08,-5.59424e-07,-1.3318e-05,0.238391,0.134753,1.76909,0
1,19,6,10.0,2.17119e-07,1.87031e-06,-1.31842e-05,0.237624,0.134721,1.76382,0
2,19,6,10.0,1.14146e-07,1.17301e-06,-1.34664e-05,0.237268,0.13471,1.76132,0
3,19,6,10.0,9.97057e-08,6.70819e-07,-1.39753e-05,0.237102,0.134707,1.76014,0
4,19,6,10.0,3.99267e-08,3.03757e-07,-1.46013e-05,0.237026,0.134706,1.75958,0
5,19,6,10.0,-1.54955e-10,7.90949e-08,-1.52644e-05,0.23699,0.134706,1.75931,0
6,19,6,10.0,-9.24555e-08,-9.69892e-08,-1.59109e-05,0.236974,0.134706,1.75919,0
7,19,6,10.0,-1.3415e-07,-2.10579e-07,-1.65072e-05,0.236966,0.134707,1.75913,0
8,19,6,10.0,-1.52628e-07,-2.91208e-07,-1.70267e-05,0.236963,0.134707,1.7591,0
9,19,6,10.0,-1.88045e-07,-3.1556e-07,-1.74607e-05,0.236961,0.134707,1.75909,0
10,19,6,10.0,-2.78384e-07,-3.50395e-07,-1.78146e-05,0.23696,0.134707,1.75908,0
11,19,6,10.0,-2.938e-07,-3.75657e-07,-1.80803e-05,0.23696,0.134707,1.75908,0
12,19,6,10.0,-3.06015e-07,-3.98332e-07,-1.82423e-05,0.23696,0.134707,1.75908,0
13,19,6,10.0,-3.47591e-07,-3.6838e-07,-1.82903e-05,0.236959,0.134707,1.75907,0
14,19,6,10.0,-3.85938e-07,-7.71851e-07,-1.80742e-05,0.237614,0.13472,1.76376,0
15,19,6,10.0,-3.68667e-07,-7.67191e-07,-1.77585e-05,0.237263,0.13471,1.7613,0
16,19,6,10.0,-3.53587e-07,-7.55863e-07,-1.72962e-05,0.23709,0.134705,1.76007,0
17,19,6,10.0,-3.22971e-07,-8.78797e-07,-1.66933e-05,0.23837,0.13475,1.76898,0
18,19,6,10.0,-2.41887e-07,-1.29041e-06,-1.59433e-05,0.237614,0.13472,1.76376,0
19,19,6,10.0,-2.16394e-07,-1.43033e-06,-1.50129e-05,0.237263,0.13471,1.7613,0
20,19,6,10.0,-1.95986e-07,-1.64942e-06,-1.38507e-05,0.2371,0.134706,1.76013,0
21,19,6,10.0,-1.72037e-07,-1.948e-06,-1.24005e-05,0.237025,0.134706,1.75957,0
22,19,6,10.0,-1.31154e-07,-2.34044e-06,-1.05873e-05,0.23699,0.134706,1.75931,0
23,19,6,10.0,-8.65574e-08,-2.86342e-06,-8.33506e-06,0.236974,0.134706,1.75919,0
0,20,6,10.0,-1.76599e-08,-5.22221e-07,-1.36421e-05,0.238391,0.134753,1.76909,0
1,20,6,10.0,1.12575e-07,1.75895e-06,-1.35207e-05,0.237624,0.134721,1.76382,0
2,20,6,10.0,1.38591e-07,1.11561e-06,-1.37745e-05,0.237268,0.13471,1.76132,0
3,20,6,10.0,7.51994e-08,6.40218e-07,-1.42284e-05,0.237102,0.134707,1.76014,0
4,20,6,10.0,2.98579e-08,3.23791e-07,-1.47987e-05,0.237026,0.134706,1.75958,0
5,20,6,10.0,-4.88233e-08,8.6716e-08,-1.54044e-05,0.23699,0.134706,1.75931,0
6,20,6,10.0,-4.94925e-08,-7.41464e-08,-1.5999e-05,0.236974,0.134706,1.75919,0
7,20,6,10.0,-1.05557e-07,-1.79177e-07,-1.6551e-05,0.236966,0.134707,1.75913,0
8,20,6,10.0,-1.34684e-07,-2.67291e-07,-1.7035e-05,0.236963,0.134707,1.7591,0
9,20,6,10.0,-1.97821e-07,-3.00354e-07,-1.74463e-05,0.236961,0.134707,1.75909,0
10,20,6,10.0,-1.97341e-07,-3.33376e-07,-1.77817e-05,0.23696,0.134707,1.75908,0
11,20,6,10.0,-2.11342e-07,-3.71888e-07,-1.80252e-05,0.23696,0.134707,1.75908,0
12,20,6,10.0,-2.70109e-07,-3.85552e-07,-1.81666e-05,0.23696,0.134707,1.75908,0
13,20,6,10.0,-2.75128e-07,-3.48582e-07,-1.81886e-05,0.236959,0.134707,1.75907,0
14,20,6,10.0,-3.13306e-07,-7.29992e-07,-1.7863e-05,0.237614,0.13472,1.76376,0
15,20,6,10.0,-3.08019e-07,-7.29503e-07,-1.74713e-05,0.237263,0.13471,1.7613,0
16,20,6,10.0,-3.00388e-07,-7.24818e-07,-1.69291e-05,0.23709,0.134705,1.76007,0
17,20,6,10.0,-3.20186e-07,-8.53842e-07,-1.62375e-05,0.23837,0.13475,1.76898,0
18,20,6,10.0,-1.95777e-07,-1.22083e-06,-1.53919e-05,0.237614,0.13472,1.76376,0
19,20,6,10.0,-1.83655e-07,-1.36322e-06,-1.43919e-05,0.237263,0.13471,1.7613,0
20,20,6,10.0,-1.52319e-07,-1.57566e-06,-1.31873e-05,0.2371,0.134706,1.76013,0
21,20,6,10.0,-1.10986e-07,-1.85881e-06,-1.17217e-05,0.237025,0.134706,1.75957,0
22,20,6,10.0,-7.50404e-08,-2.22748e-06,-9.93138e-06,0.23699,0.134706,1.75931,0
23,20,6,10.0,-1.18984e-08,-2.70886e-06,-7.74962e-06,0.236974,0.134706,1.75919,0
0,21,6,10.0,-1.67736e-08,-4.90316e-07,-1.3926e-05,0.238391,0.134753,1.76909,0
1,21,6,10.0,1.22315e-07,1.65695e-06,-1.3806e-05,0.237624,0.134721,1.76382,0
2,21,6,10.0,7.42725e-08,1.07264e-06,-1.40237e-05,0.237268,0.13471,1.76132,0
3,21,6,10.0,4.01869e-08,6.26301e-07,-1.4438e-05,0.237102,0.134707,1.76014,0
4,21,6,10.0,1.23044e-08,3.09097e-07,-1.49526e-05,0.237026,0.134706,1.75958,0
5,21,6,10.0,-5.60506e-09,1.03789e-07,-1.55036e-05,0.23699,0.134706,1.75931,0
6,21,6,10.0,-4.51904e-08,-4.63693e-08,-1.60423e-05,0.236974,0.134706,1.75919,0
7,21,6,10.0,-7.98689e-08,-1.64839e-07,-1.65507e-05,0.236966,0.134707,1.75913,0
8,21,6,10.0,-1.12972e-07,-2.41214e-07,-1.69993e-05,0.236963,0.134707,1.7591,0
9,21,6,10.0,-1.30204e-07,-2.7945e-07,-1.73794e-05,0.236961,0.134707,1.75909,0
10,21,6,10.0,-1.54802e-07,-3.01724e-07,-1.76815e-05,0.23696,0.134707,1.75908,0
11,21,6,10.0,-1.82867e-07,-3.46222e-07,-1.79e-05,0.23696,0.134707,1.75908,0
12,21,6,10.0,-1.93665e-07,-3.65494e-07,-1.80227e-05,0.23696,0.134707,1.75908,0
13,21,6,10.0,-2.10606e-07,-3.34571e-07,-1.80158e-05,0.236959,0.134707,1.75907,0
14,21,6,10.0,-2.3691e-07,-6.89025e-07,-1.76146e-05,0.237614,0.13472,1.76376,0
15,21,6,10.0,-2.52306e-07,-6.93278e-07,-1.71782e-05,0.237263,0.13471,1.7613,0
16,21,6,10.0,-2.46256e-07,-6.93442e-07,-1.65866e-05,0.23709,0.134705,1.76007,0
17,21,6,10.0,-2.33993e-07,-8.24975e-07,-1.58405e-05,0.23837,0.13475,1.76898,0
18,21,6,10.0,-1.89992e-07,-1.15979e-06,-1.4931e-05,0.237614,0.13472,1.76376,0
19,21,6,10.0,-1.57513e-07,-1.30447e-06,-1.38769e-05,0.237263,0.13471,1.7613,0
20,21,6,10.0,-1.183e-07,-1.50615e-06,-1.2636e-05,0.2371,0.134706,1.76013,0
21,21,6,10.0,-8.07755e-08,-1.77189e-06,-1.11537e-05,0.237025,0.134706,1.75957,0
22,21,6,10.0,-3.81389e-08,-2.11567e-06,-9.38475e-06,0.23699,0.134706,1.75931,0
23,21,6,10.0,5.201e-09,-2.55689e-06,-7.26555e-06,0.236974,0.134706,1.75919,0
0,22,6,10.0,-5.67024e-09,-4.5092e-07,-1.41339e-05,0.238391,0.134753,1.76909,0
1,22,6,10.0,1.04187e-07,1.58182e-06,-1.4009e-05,0.237624,0.134721,1.76382,0
2,22,6,10.0,5.07531e-08,1.02675e-06,-1.42131e-05,0.237268,0.13471,1.76132,0
3,22,6,10.0,6.66932e-08,6.30328e-07,-1.45872e-05,0.237102,0.134707,1.76014,0
4,22,6,10.0,3.79114e-08,3.24123e-07,-1.50519e-05,0.237026,0.134706,1.75958,0
5,22,6,10.0,1.97348e-08,1.3229e-07,-1.55514e-05,0.23699,0.134706,1.75931,0
6,22,6,10.0,-2.59763e-08,-2.28593e-08,-1.60487e-05,0.236974,0.134706,1.75919,0
7,22,6,10.0,-3.70961e-08,-1.20701e-07,-1.65166e-05,0.236966,0.134707,1.75913,0
8,22,6,10.0,-5.22594e-08,-2.01757e-07,-1.69286e-05,0.236963,0.134707,1.7591,0
9,22,6,10.0,-7.20993e-08,-2.3019e-07,-1.72734e-05,0.236961,0.134707,1.75909,0
10,22,6,10.0,-1.07689e-07,-2.78398e-07,-1.75465e-05,0.23696,0.134707,1.75908,0
11,22,6,10.0,-1.10836e-07,-3.10703e-07,-1.77404e-05,0.23696,0.134707,1.75908,0
12,22,6,10.0,-1.00294e-07,-3.23121e-07,-1.78317e-05,0.23696,0.134707,1.75908,0
13,22,6,10.0,-1.27989e-07,-2.96691e-07,-1.78061e-05,0.236959,0.134707,1.75907,0
14,22,6,10.0,-1.59119e-07,-6.36685e-07,-1.73614e-05,0.237614,0.13472,1.76376,0
15,22,6,10.0,-1.61596e-07,-6.46614e-07,-1.69071e-05,0.237263,0.13471,1.7613,0
16,22,6,10.0,-1.70152e-07,-6.60828e-07,-1.62945e-05,0.23709,0.134705,1.76007,0
17,22,6,10.0,-1.6281e-07,-7.74465e-07,-1.55227e-05,0.23837,0.13475,1.76898,0
18,22,6,10.0,-1.42348e-07,-1.11286e-06,-1.45907e-05,0.237614,0.13472,1.76376,0
19,22,6,10.0,-1.06683e-07,-1.24171e-06,-1.35051e-05,0.237263,0.13471,1.7613,0
20,22,6,10.0,-7.01704e-08,-1.43073e-06,-1.22318e-05,0.2371,0.134706,1.76013,0
21,22,6,10.0,-3.62743e-08,-1.68056e-06,-1.07391e-05,0.237025,0.134706,1.75957,0
22,22,6,10.0,-2.97025e-09,-1.99927e-06,-8.98207e-06,0.23699,0.134706,1.75931,0
23,22,6,10.0,3.30118e-08,-2.41182e-06,-6.91524e-06,0.236974,0.134706,1.75919,0
0,23,6,10.0,5.45181e-09,-4.14305e-07,-1.42492e-05,0.238391,0.134753,1.76909,0
1,23,6,10.0,5.83332e-08,1.52e-06,-1.41411e-05,0.237624,0.134721,1.76382,0
2,23,6,10.0,8.55742e-08,1.01762e-06,-1.43276e-05,0.237268,0.13471,1.76132,0
3,23,6,10.0,6.93488e-08,6.26472e-07,-1.46665e-05,0.237102,0.134707,1.76014,0
4,23,6,10.0,5.74542e-08,3.57601e-07,-1.50967e-05,0.237026,0.134706,1.75958,0
5,23,6,10.0,2.91593e-08,1.65779e-07,-1.556e-05,0.23699,0.134706,1.75931,0
6,23,6,10.0,3.1537e-08,3.14148e-08,-1.60225e-05,0.236974,0.134706,1.75919,0
7,23,6,10.0,2.07403e-08,-7.99709e-08,-1.64542e-05,0.236966,0.134707,1.75913,0
8,23,6,10.0,8.08595e-10,-1.46837e-07,-1.68362e-05,0.236963,0.134707,1.7591,0
9,23,6,10.0,-2.83586e-08,-1.86125e-07,-1.71533e-05,0.236961,0.134707,1.75909,0
10,23,6,10.0,-2.57383e-08,-2.15988e-07,-1.73979e-05,0.23696,0.134707,1.75908,0
11,23,6,10.0,-1.80933e-08,-2.52474e-07,-1.75604e-05,0.23696,0.134707,1.75908,0
12,23,6,10.0,-2.94034e-08,-2.6498e-07,-1.76264e-05,0.23696,0.134707,1.75908,0
13,23,6,10.0,-4.04586e-08,-2.45791e-07,-1.75826e-05,0.236959,0.134707,1.75907,0
14,23,6,10.0,-5.27419e-08,-5.67646e-07,-1.71223e-05,0.237614,0.13472,1.76376,0
15,23,6,10.0,-6.75782e-08,-5.77773e-07,-1.66677e-05,0.237263,0.13471,1.7613,0
16,23,6,10.0,-8.21939e-08,-6.11266e-07,-1.60624e-05,0.23709,0.134705,1.76007,0
17,23,6,10.0,-1.05837e-07,-7.30304e-07,-1.52935e-05,0.23837,0.13475,1.76898,0
18,23,6,10.0,-8.76404e-08,-1.04547e-06,-1.43565e-05,0.237614,0.13472,1.76376,0
19,23,6,10.0,-5.45473e-08,-1.17087e-06,-1.32497e-05,0.237263,0.13471,1.7613,0
20,23,6,10.0,-2.21132e-08,-1.34887e-06,-1.19544e-05,0.2371,0.134706,1.76013,0
21,23,6,10.0,6.82591e-09,-1.58467e-06,-1.04478e-05,0.237025,0.134706,1.75957,0
22,23,6,10.0,3.04853e-08,-1.8884e-06,-8.69853e-06,0.23699,0.134706,1.75931,0
23,23,6,10.0,5.96735e-08,-2.27048e-06,-6.66475e-06,0.236974,0.134706,1.75919,0
0,0,7,10.0,-1.19923e-08,-1.44605e-07,7.15555e-06,0.238373,0.134724,1.76935,0
1,0,7,10.0,1.00669e-09,1.95301e-07,7.19622e-06,0.237592,0.134677,1.76416,0
2,0,7,10.0,-1.31596e-08,3.24739e-08,7.15851e-06,0.237226,0.134659,1.76168,0
3,0,7,10.0,-2.76883e-08,-9.73768e-08,7.08347e-06,0.237055,0.134653,1.76049,0
4,0,7,10.0,-3.84134e-08,-2.02944e-07,6.97367e-06,0.236975,0.134651,1.75992,0
5,0,7,10.0,-4.92235e-08,-2.90922e-07,6.82876e-06,0.236937,0.134651,1.75964,0
6,0,7,10.0,-5.66846e-08,-3.7461e-07,6.64101e-06,0.23692,0.134651,1.75951,0
7,0,7,10.0,-6.34392e-08,-4.40764e-07,6.41205e-06,0.236911,0.134651,1.75945,0
8,0,7,10.0,-6.92245e-08,-5.03086e-07,6.13316e-06,0.236908,0.134651,1.75942,0
9,0,7,10.0,-7.37861e-08,-5.47033e-07,5.80521e-06,0.236906,0.134651,1.7594,0
10,0,7,10.0,-7.5326e-08,-5.94485e-07,5.42145e-06,0.236905,0.134651,1.7594,0
11,0,7,10.0,-6.8381e-08,-6.35756e-07,4.99029e-06,0.236904,0.134651,1.75939,0
12,0,7,10.0,-8.78256e-08,-6.80936e-07,4.52496e-06,0.236904,0.134651,1.75939,0
13,0,7,10.0,-8.61307e-08,-7.25452e-07,4.02617e-06,0.236904,0.134651,1.75939,0
14,0,7,10.0,-1.20735e-07,-8.99579e-07,2.96577e-06,0.237583,0.134675,1.76412,0
15,0,7,10.0,-9.9083e-08,-9.09368e-07,2.43147e-06,0.237222,0.134658,1.76166,0
16,0,7,10.0,-9.70475e-08,-9.16308e-07,1.90747e-06,0.237053,0.134653,1.76048,0
17,0,7,10.0,-1.0508e-07,-9.20209e-07,1.40138e-06,0.236974,0.134651,1.75991,0
18,0,7,10.0,-9.66108e-08,-9.37319e-07,9.08285e-07,0.236937,0.134651,1.75964,0
19,0,7,10.0,-8.52209e-08,-9.62151e-07,4.38273e-07,0.236919,0.134651,1.75951,0
20,0,7,10.0,-8.55948e-08,-9.93786e-07,9.26961e-09,0.236911,0.134651,1.75945,0
21,0,7,10.0,-8.82594e-08,-1.04172e-06,-3.51207e-07,0.236907,0.134651,1.75942,0
22,0,7,10.0,-8.29581e-08,-1.10074e-06,-6.10331e-07,0.236906,0.134651,1.7594,0
23,0,7,10.0,-7.36465e-08,-1.16885e-06,-7.29662e-07,0.236905,0.134651,1.7594,0
0,1,7,10.0,-2.4109e-08,-1.04452e-07,7.08139e-06,0.238383,0.134726,1.7694,0
1,1,7,10.0,7.14199e-08,4.82998e-07,7.09709e-06,0.237611,0.134681,1.76425,0
2,1,7,10.0,3.44297e-08,3.43511e-07,7.05847e-06,0.237251,0.134665,1.76179,0
3,1,7,10.0,-1.98936e-09,2.37978e-07,6.98372e-06,0.237084,0.134659,1.76062,0
4,1,7,10.0,-3.29501e-08,1.58287e-07,6.87575e-06,0.237006,0.134658,1.76006,0
5,1,7,10.0,-5.88481e-08,9.57984e-08,6.73193e-06,0.23697,0.134658,1.75979,0
6,1,7,10.0,-8.08831e-08,4.50441e-08,6.54869e-06,0.236953,0.134658,1.75967,0
7,1,7,10.0,-9.8935e-08,3.08907e-09,6.32227e-06,0.236945,0.134658,1.75961,0
8,1,7,10.0,-1.16577e-07,-2.44564e-08,6.05078e-06,0.236942,0.134658,1.75958,0
9,1,7,10.0,-1.27909e-07,-4.67331e-08,5.72981e-06,0.23694,0.134658,1.75956,0
10,1,7,10.0,-1.31845e-07,-6.61889e-08,5.35782e-06,0.236939,0.134658,1.75956,0
11,1,7,10.0,-1.40055e-07,-8.53193e-08,4.93547e-06,0.236939,0.134658,1.75955,0
12,1,7,10.0,-1.55725e-07,-1.33849e-07,4.46915e-06,0.236939,0.134658,1.75955,0
13,1,7,10.0,-1.64374e-07,-1.49209e-07,3.96935e-06,0.236938,0.134658,1.75955,0
14,1,7,10.0,-2.06417e-07,-3.69809e-07,2.89914e-06,0.237602,0.134679,1.76421,0
15,1,7,10.0,-1.98924e-07,-3.6522e-07,2.37443e-06,0.237247,0.134664,1.76177,0
16,1,7,10.0,-2.05003e-07,-3.91021e-07,1.86425e-06,0.237082,0.134659,1.76061,0
17,1,7,10.0,-2.14509e-07,-4.2597e-07,1.36895e-06,0.237005,0.134658,1.76006,0
18,1,7,10.0,-2.01258e-07,-4.74868e-07,8.92523e-07,0.236969,0.134658,1.75979,0
19,1,7,10.0,-2.04857e-07,-5.31229e-07,4.38024e-07,0.236953,0.134658,1.75967,0
20,1,7,10.0,-2.10237e-07,-6.18173e-07,2.245e-08,0.236945,0.134658,1.7596,0
21,1,7,10.0,-2.07015e-07,-7.36579e-07,-3.27834e-07,0.236941,0.134658,1.75958,0
22,1,7,10.0,-2.0862e-07,-8.73464e-07,-5.77103e-07,0.23694,0.134658,1.75956,0
23,1,7,10.0,-2.02305e-07,-1.03068e-06,-6.87395e-07,0.236939,0.134658,1.75956,0
0,2,7,10.0,-4.09453e-08,-1.15912e-07,6.82365e-06,0.238383,0.134726,1.7694,0
1,2,7,10.0,1.5548e-07,4.96347e-07,6.83293e-06,0.237611,0.134681,1.76425,0
2,2,7,10.0,9.21067e-08,3.47942e-07,6.79192e-06,0.237252,0.134665,1.76179,0
3,2,7,10.0,3.51115e-08,2.34523e-07,6.71374e-06,0.237084,0.134659,1.76062,0
4,2,7,10.0,-1.3487e-08,1.48427e-07,6.60159e-06,0.237006,0.134658,1.76006,0
5,2,7,10.0,-5.36926e-08,8.22433e-08,6.45438e-06,0.23697,0.134658,1.75979,0
6,2,7,10.0,-8.55725e-08,2.78868e-08,6.2685e-06,0.236953,0.134658,1.75967,0
7,2,7,10.0,-1.12935e-07,-1.11866e-08,6.042e-06,0.236946,0.134658,1.75961,0
8,2,7,10.0,-1.34113e-07,-4.0947e-08,5.77177e-06,0.236942,0.134658,1.75958,0
9,2,7,10.0,-1.49826e-07,-6.12221e-08,5.4567e-06,0.23694,0.134658,1.75956,0
10,2,7,10.0,-1.56849e-07,-7.82309e-08,5.09249e-06,0.236939,0.134659,1.75956,0
11,2,7,10.0,-1.68399e-07,-1.17152e-07,4.67607e-06,0.236939,0.134659,1.75955,0
12,2,7,10.0,-1.71152e-07,-1.38132e-07,4.20806e-06,0.236939,0.134659,1.75955,0
13,2,7,10.0,-1.86012e-07,-1.73826e-07,3.70827e-06,0.236939,0.134659,1.75955,0
14,2,7,10.0,-2.25735e-07,-3.9036e-07,2.63825e-06,0.237602,0.134679,1.76421,0
15,2,7,10.0,-2.34427e-07,-4.00979e-07,2.1248e-06,0.237247,0.134664,1.76177,0
16,2,7,10.0,-2.47526e-07,-4.19788e-07,1.63043e-06,0.237082,0.134659,1.76061,0
17,2,7,10.0,-2.5334e-07,-4.52856e-07,1.15647e-06,0.237005,0.134658,1.76006,0
18,2,7,10.0,-2.53974e-07,-4.9809e-07,7.06087e-07,0.23697,0.134658,1.75979,0
19,2,7,10.0,-2.61328e-07,-5.66616e-07,2.77218e-07,0.236953,0.134658,1.75967,0
20,2,7,10.0,-2.64929e-07,-6.56201e-07,-1.12669e-07,0.236945,0.134658,1.75961,0
21,2,7,10.0,-2.68265e-07,-7.68492e-07,-4.3334e-07,0.236942,0.134658,1.75958,0
22,2,7,10.0,-2.75448e-07,-9.10497e-07,-6.52419e-07,0.23694,0.134658,1.75956,0
23,2,7,10.0,-2.79194e-07,-1.07495e-06,-7.3164e-07,0.236939,0.134659,1.75956,0
0,3,7,10.0,-5.95973e-08,-1.27549e-07,6.3674e-06,0.238383,0.134726,1.7694,0
1,3,7,10.0,2.49758e-07,5.25301e-07,6.37402e-06,0.237611,0.134681,1.76425,0
2,3,7,10.0,1.58827e-07,3.60587e-07,6.32827e-06,0.237252,0.134665,1.76179,0
3,3,7,10.0,8.00203e-08,2.35336e-07,6.24196e-06,0.237084,0.134659,1.76062,0
4,3,7,10.0,1.31117e-08,1.39598e-07,6.11948e-06,0.237006,0.134658,1.76006,0
5,3,7,10.0,-4.12298e-08,6.57425e-08,5.96115e-06,0.23697,0.134658,1.75979,0
6,3,7,10.0,-8.49393e-08,9.64613e-09,5.76625e-06,0.236953,0.134658,1.75967,0
7,3,7,10.0,-1.19503e-07,-3.2504e-08,5.53275e-06,0.236946,0.134658,1.75961,0
8,3,7,10.0,-1.47141e-07,-6.14201e-08,5.26006e-06,0.236942,0.134658,1.75958,0
9,3,7,10.0,-1.6716e-07,-8.10423e-08,4.94593e-06,0.23694,0.134658,1.75956,0
10,3,7,10.0,-1.8511e-07,-1.00421e-07,4.58749e-06,0.236939,0.134659,1.75956,0
11,3,7,10.0,-1.86497e-07,-1.39303e-07,4.17561e-06,0.236939,0.134659,1.75955,0
12,3,7,10.0,-2.03498e-07,-1.61668e-07,3.71747e-06,0.236939,0.134659,1.75955,0
13,3,7,10.0,-2.04065e-07,-1.97031e-07,3.22508e-06,0.236939,0.134659,1.75955,0
14,3,7,10.0,-2.60372e-07,-4.26415e-07,2.17654e-06,0.237602,0.134679,1.76421,0
15,3,7,10.0,-2.79027e-07,-4.29018e-07,1.67432e-06,0.237247,0.134664,1.76177,0
16,3,7,10.0,-2.94434e-07,-4.4833e-07,1.1978e-06,0.237082,0.134659,1.76061,0
17,3,7,10.0,-3.00817e-07,-4.86375e-07,7.48896e-07,0.237005,0.134658,1.76006,0
18,3,7,10.0,-3.20083e-07,-5.39504e-07,3.28983e-07,0.23697,0.134658,1.75979,0
19,3,7,10.0,-3.20642e-07,-6.00671e-07,-6.17967e-08,0.236953,0.134658,1.75967,0
20,3,7,10.0,-3.2904e-07,-6.92279e-07,-4.06487e-07,0.236945,0.134658,1.75961,0
21,3,7,10.0,-3.44688e-07,-8.1644e-07,-6.7893e-07,0.236942,0.134658,1.75958,0
22,3,7,10.0,-3.54484e-07,-9.62094e-07,-8.44428e-07,0.23694,0.134658,1.75956,0
23,3,7,10.0,-3.72897e-07,-1.13008e-06,-8.65555e-07,0.236939,0.134659,1.75956,0
0,4,7,10.0,-8.43241e-08,-1.4716e-07,5.6934e-06,0.238383,0.134726,1.7694,0
1,4,7,10.0,3.44071e-07,5.67104e-07,5.70752e-06,0.237611,0.134681,1.76425,0
2,4,7,10.0,2.23064e-07,3.83844e-07,5.65595e-06,0.237252,0.134665,1.76179,0
3,4,7,10.0,1.20591e-07,2.41666e-07,5.55613e-06,0.237084,0.134659,1.76062,0
4,4,7,10.0,3.52937e-08,1.33157e-07,5.41514e-06,0.237006,0.134658,1.76006,0
5,4,7,10.0,-3.3793e-08,5.17407e-08,5.2373e-06,0.23697,0.134658,1.75979,0
6,4,7,10.0,-8.83679e-08,-1.00424e-08,5.02407e-06,0.236953,0.134658,1.75967,0
7,4,7,10.0,-1.31343e-07,-5.37063e-08,4.77648e-06,0.236946,0.134658,1.75961,0
8,4,7,10.0,-1.65011e-07,-8.28614e-08,4.49384e-06,0.236942,0.134658,1.75958,0
9,4,7,10.0,-1.91239e-07,-1.02151e-07,4.17534e-06,0.23694,0.134658,1.75956,0
10,4,7,10.0,-2.12285e-07,-1.21946e-07,3.81686e-06,0.236939,0.134659,1.75956,0
11,4,7,10.0,-2.2424e-07,-1.54151e-07,3.41553e-06,0.236939,0.134659,1.75955,0
12,4,7,10.0,-2.2573e-07,-1.96667e-07,2.9688e-06,0.236939,0.134659,1.75955,0
13,4,7,10.0,-2.40373e-07,-2.17977e-07,2.49357e-06,0.236939,0.134659,1.75955,0
14,4,7,10.0,-3.05079e-07,-4.52954e-07,1.47935e-06,0.237602,0.134679,1.76421,0
15,4,7,10.0,-3.24243e-07,-4.67714e-07,9.93344e-07,0.237247,0.134664,1.76177,0
16,4,7,10.0,-3.38373e-07,-4.87389e-07,5.34345e-07,0.237082,0.134659,1.76061,0
17,4,7,10.0,-3.60018e-07,-5.16585e-07,1.13985e-07,0.237005,0.134658,1.76006,0
18,4,7,10.0,-3.74124e-07,-5.70461e-07,-2.68557e-07,0.23697,0.134658,1.75979,0
19,4,7,10.0,-3.91843e-07,-6.44539e-07,-6.06996e-07,0.236953,0.134658,1.75967,0
20,4,7,10.0,-4.06725e-07,-7.44067e-07,-8.90709e-07,0.236945,0.134658,1.75961,0
21,4,7,10.0,-4.18222e-07,-8.68155e-07,-1.09276e-06,0.236942,0.134658,1.75958,0
22,4,7,10.0,-4.43406e-07,-1.01725e-06,-1.17792e-06,0.23694,0.134658,1.75956,0
23,4,7,10.0,-4.75447e-07,-1.20279e-06,-1.11239e-06,0.236939,0.134659,1.75956,0
0,5,7,10.0,-1.06235e-07,-1.64939e-07,4.80021e-06,0.238383,0.134726,1.7694,0
1,5,7,10.0,4.37212e-07,6.28112e-07,4.82507e-06,0.237611,0.134681,1.76425,0
2,5,7,10.0,2.8483e-07,4.17158e-07,4.76348e-06,0.237252,0.134665,1.76179,0
3,5,7,10.0,1.58583e-07,2.54363e-07,4.64311e-06,0.237084,0.134659,1.76062,0
4,5,7,10.0,5.4306e-08,1.30108e-07,4.47548e-06,0.237006,0.134658,1.76006,0
5,5,7,10.0,-2.77832e-08,3.70093e-08,4.26803e-06,0.23697,0.134658,1.75979,0
6,5,7,10.0,-9.16192e-08,-2.98025e-08,4.02756e-06,0.236953,0.134658,1.75967,0
7,5,7,10.0,-1.4207e-07,-7.66498e-08,3.75706e-06,0.236946,0.134658,1.75961,0
8,5,7,10.0,-1.81301e-07,-1.06251e-07,3.45709e-06,0.236942,0.134658,1.75958,0
9,5,7,10.0,-2.1327e-07,-1.24771e-07,3.1277e-06,0.23694,0.134658,1.75956,0
10,5,7,10.0,-2.38445e-07,-1.44627e-07,2.76715e-06,0.236939,0.134659,1.75956,0
11,5,7,10.0,-2.53433e-07,-1.79324e-07,2.36933e-06,0.236939,0.134659,1.75955,0
12,5,7,10.0,-2.62334e-07,-2.07977e-07,1.93947e-06,0.236939,0.134659,1.75955,0
13,5,7,10.0,-2.75521e-07,-2.37063e-07,1.47994e-06,0.236939,0.134659,1.75955,0
14,5,7,10.0,-3.60026e-07,-4.90593e-07,5.0816e-07,0.237602,0.134679,1.76421,0
15,5,7,10.0,-3.64382e-07,-4.85429e-07,4.07902e-08,0.237247,0.134664,1.76177,0
16,5,7,10.0,-3.82195e-07,-5.07678e-07,-3.88783e-07,0.237082,0.134659,1.76061,0
17,5,7,10.0,-4.11801e-07,-5.5152e-07,-7.76443e-07,0.237005,0.134658,1.76006,0
18,5,7,10.0,-4.3275e-07,-6.08448e-07,-1.11165e-06,0.23697,0.134658,1.75979,0
19,5,7,10.0,-4.56477e-07,-6.85992e-07,-1.38804e-06,0.236953,0.134658,1.75967,0
20,5,7,10.0,-4.76582e-07,-7.88256e-07,-1.59264e-06,0.236945,0.134658,1.75961,0
21,5,7,10.0,-4.99426e-07,-9.21918e-07,-1.70074e-06,0.236942,0.134658,1.75958,0
22,5,7,10.0,-5.35904e-07,-1.08835e-06,-1.68082e-06,0.23694,0.134658,1.75956,0
23,5,7,10.0,-5.80181e-07,-1.2842e-06,-1.49452e-06,0.236939,0.134659,1.75956,0
0,6,7,10.0,-1.32092e-07,-1.93094e-07,3.68042e-06,0.238383,0.134726,1.7694,0
1,6,7,10.0,5.29006e-07,7.00734e-07,3.72449e-06,0.237611,0.134681,1.76425,0
2,6,7,10.0,3.4618e-07,4.61157e-07,3.65029e-06,0.237252,0.134665,1.76179,0
3,6,7,10.0,1.94891e-07,2.7291e-07,3.50329e-06,0.237084,0.134659,1.76062,0
4,6,7,10.0,7.30435e-08,1.29313e-07,3.30047e-06,0.237006,0.134658,1.76006,0
5,6,7,10.0,-1.98935e-08,2.48417e-08,3.0555e-06,0.23697,0.134658,1.75979,0
6,6,7,10.0,-9.15849e-08,-4.97911e-08,2.77871e-06,0.236953,0.134658,1.75967,0
7,6,7,10.0,-1.4878e-07,-1.00009e-07,2.47764e-06,0.236946,0.134658,1.75961,0
8,6,7,10.0,-1.91949e-07,-1.30285e-07,2.15289e-06,0.236942,0.134658,1.75958,0
9,6,7,10.0,-2.26731e-07,-1.47998e-07,1.80808e-06,0.23694,0.134658,1.75956,0
10,6,7,10.0,-2.60572e-07,-1.66561e-07,1.44115e-06,0.236939,0.134659,1.75956,0
11,6,7,10.0,-2.77636e-07,-1.96271e-07,1.0469e-06,0.236939,0.134659,1.75955,0
12,6,7,10.0,-2.86558e-07,-2.30933e-07,6.2334e-07,0.236939,0.134659,1.75955,0
13,6,7,10.0,-2.98986e-07,-2.49828e-07,1.75456e-07,0.236939,0.134659,1.75955,0
14,6,7,10.0,-4.0947e-07,-5.18809e-07,-7.71534e-07,0.237602,0.134679,1.76421,0
15,6,7,10.0,-4.13108e-07,-5.2012e-07,-1.20967e-06,0.237247,0.134664,1.76177,0
16,6,7,10.0,-4.36888e-07,-5.44505e-07,-1.60664e-06,0.237082,0.134659,1.76061,0
17,6,7,10.0,-4.61155e-07,-5.81382e-07,-1.9491e-06,0.237005,0.134658,1.76006,0
18,6,7,10.0,-4.88343e-07,-6.39085e-07,-2.22426e-06,0.23697,0.134658,1.75979,0
19,6,7,10.0,-5.18777e-07,-7.26414e-07,-2.42387e-06,0.236953,0.134658,1.75967,0
20,6,7,10.0,-5.45357e-07,-8.41546e-07,-2.53122e-06,0.236945,0.134658,1.75961,0
21,6,7,10.0,-5.79e-07,-9.8393e-07,-2.52261e-06,0.236942,0.134658,1.75958,0
22,6,7,10.0,-6.23919e-07,-1.16027e-06,-2.36655e-06,0.23694,0.134658,1.75956,0
23,6,7,10.0,-6.82668e-07,-1.38076e-06,-2.02211e-06,0.236939,0.134659,1.75956,0
0,7,7,10.0,-1.49256e-07,-2.15595e-07,2.35081e-06,0.238383,0.134726,1.7694,0
1,7,7,10.0,6.2253e-07,7.88059e-07,2.4165e-06,0.237611,0.134681,1.76425,0
2,7,7,10.0,4.10717e-07,5.11302e-07,2.32453e-06,0.237252,0.134665,1.76179,0
3,7,7,10.0,2.38168e-07,2.92196e-07,2.14339e-06,0.237084,0.134659,1.76062,0
4,7,7,10.0,9.9758e-08,1.27516e-07,1.8982e-06,0.237006,0.134658,1.76006,0
5,7,7,10.0,-4.52921e-09,8.13299e-09,1.60445e-06,0.23697,0.134658,1.75979,0
6,7,7,10.0,-8.35522e-08,-7.35869e-08,1.28093e-06,0.236953,0.134658,1.75967,0
7,7,7,10.0,-1.43817e-07,-1.28864e-07,9.41386e-07,0.236946,0.134658,1.75961,0
8,7,7,10.0,-1.82612e-07,-1.58641e-07,5.84776e-07,0.236942,0.134658,1.75958,0
9,7,7,10.0,-2.23305e-07,-1.75221e-07,2.20833e-07,0.23694,0.134658,1.75956,0
10,7,7,10.0,-2.67639e-07,-1.92824e-07,-1.5309e-07,0.236939,0.134659,1.75956,0
11,7,7,10.0,-2.84192e-07,-2.1781e-07,-5.52594e-07,0.236939,0.134659,1.75955,0
12,7,7,10.0,-3.00112e-07,-2.41001e-07,-9.77621e-07,0.236939,0.134659,1.75955,0
13,7,7,10.0,-3.23633e-07,-2.69176e-07,-1.42947e-06,0.236939,0.134659,1.75955,0
14,7,7,10.0,-4.36709e-07,-5.40544e-07,-2.36253e-06,0.237602,0.134679,1.76421,0
15,7,7,10.0,-4.59499e-07,-5.41247e-07,-2.77887e-06,0.237247,0.134664,1.76177,0
16,7,7,10.0,-4.76826e-07,-5.62949e-07,-3.13494e-06,0.237082,0.134659,1.76061,0
17,7,7,10.0,-4.94059e-07,-6.13047e-07,-3.42062e-06,0.237005,0.134658,1.76006,0
18,7,7,10.0,-5.33101e-07,-6.77663e-07,-3.62337e-06,0.23697,0.134658,1.75979,0
19,7,7,10.0,-5.66018e-07,-7.67887e-07,-3.72738e-06,0.236953,0.134658,1.75967,0
20,7,7,10.0,-6.03037e-07,-8.91071e-07,-3.71535e-06,0.236945,0.134658,1.75961,0
21,7,7,10.0,-6.46573e-07,-1.05053e-06,-3.56438e-06,0.236942,0.134658,1.75958,0
22,7,7,10.0,-7.00857e-07,-1.24733e-06,-3.24078e-06,0.23694,0.134658,1.75956,0
23,7,7,10.0,-7.77736e-07,-1.48714e-06,-2.69925e-06,0.236939,0.134659,1.75956,0
0,8,7,10.0,-1.69744e-07,-2.45743e-07,8.4697e-07,0.238383,0.134726,1.7694,0
1,8,7,10.0,7.16509e-07,8.99555e-07,9.12342e-07,0.237611,0.134681,1.76425,0
2,8,7,10.0,4.87192e-07,5.80968e-07,7.96657e-07,0.237252,0.134665,1.76179,0
3,8,7,10.0,2.76948e-07,3.3051e-07,5.67742e-07,0.237084,0.134659,1.76062,0
4,8,7,10.0,1.10467e-07,1.39871e-07,2.6421e-07,0.237006,0.134658,1.76006,0
5,8,7,10.0,8.50314e-10,9.44563e-09,-9.13372e-08,0.23697,0.134658,1.75979,0
6,8,7,10.0,-5.77733e-08,-8.15781e-08,-4.69512e-07,0.236953,0.134658,1.75967,0
7,8,7,10.0,-1.4407e-07,-1.36768e-07,-8.63604e-07,0.236946,0.134658,1.75961,0
8,8,7,10.0,-1.68117e-07,-1.6793e-07,-1.26301e-06,0.236942,0.134658,1.75958,0
9,8,7,10.0,-2.14017e-07,-1.85993e-07,-1.65886e-06,0.23694,0.134658,1.75956,0
10,8,7,10.0,-2.33042e-07,-2.16879e-07,-2.02932e-06,0.236939,0.134659,1.75956,0
11,8,7,10.0,-2.63956e-07,-2.37067e-07,-2.45272e-06,0.236939,0.134659,1.75955,0
12,8,7,10.0,-2.97621e-07,-2.6836e-07,-2.90008e-06,0.236939,0.134659,1.75955,0
13,8,7,10.0,-3.1016e-07,-2.91862e-07,-3.36748e-06,0.236939,0.134659,1.75955,0
14,8,7,10.0,-4.54657e-07,-5.45874e-07,-4.28532e-06,0.237602,0.134679,1.76421,0
15,8,7,10.0,-4.50374e-07,-5.49371e-07,-4.67037e-06,0.237247,0.134664,1.76177,0
16,8,7,10.0,-4.6863e-07,-5.73922e-07,-4.97847e-06,0.237082,0.134659,1.76061,0
17,8,7,10.0,-5.15059e-07,-6.14811e-07,-5.1966e-06,0.237005,0.134658,1.76006,0
18,8,7,10.0,-5.4658e-07,-6.90914e-07,-5.30902e-06,0.23697,0.134658,1.75979,0
19,8,7,10.0,-5.97729e-07,-7.94736e-07,-5.29931e-06,0.236953,0.134658,1.75967,0
20,8,7,10.0,-6.47947e-07,-9.32462e-07,-5.14882e-06,0.236945,0.134658,1.75961,0
21,8,7,10.0,-7.04701e-07,-1.10697e-06,-4.83048e-06,0.236942,0.134658,1.75958,0
22,8,7,10.0,-7.78226e-07,-1.32209e-06,-4.30719e-06,0.23694,0.134658,1.75956,0
23,8,7,10.0,-8.65128e-07,-1.59552e-06,-3.52829e-06,0.236939,0.134659,1.75956,0
0,9,7,10.0,-1.97024e-07,-2.93298e-07,-8.83996e-07,0.238393,0.134728,1.76944,0
1,9,7,10.0,8.22228e-07,1.01498e-06,-7.98402e-07,0.237629,0.134685,1.76433,0
2,9,7,10.0,5.14321e-07,6.51538e-07,-9.52793e-07,0.237276,0.13467,1.76191,0
3,9,7,10.0,2.91658e-07,3.39242e-07,-1.24688e-06,0.237113,0.134666,1.76075,0
4,9,7,10.0,1.09687e-07,1.29461e-07,-1.63051e-06,0.237038,0.134665,1.76021,0
5,9,7,10.0,1.27886e-08,-1.66378e-08,-2.06451e-06,0.237002,0.134665,1.75994,0
6,9,7,10.0,-1.15834e-07,-1.08233e-07,-2.51991e-06,0.236986,0.134665,1.75982,0
7,9,7,10.0,-1.66331e-07,-1.78204e-07,-2.98687e-06,0.236979,0.134665,1.75976,0
8,9,7,10.0,-2.08415e-07,-2.13876e-07,-3.45404e-06,0.236966,0.134663,1.75969,0
9,9,7,10.0,-2.17147e-07,-2.48599e-07,-3.91409e-06,0.238373,0.134724,1.76935,0
10,9,7,10.0,-4.74058e-07,-6.34069e-07,-4.37068e-06,0.237621,0.134683,1.76429,0
11,9,7,10.0,-4.59742e-07,-6.13189e-07,-4.84174e-06,0.237272,0.134669,1.76189,0
12,9,7,10.0,-4.6199e-07,-6.04068e-07,-5.31676e-06,0.237111,0.134665,1.76074,0
13,9,7,10.0,-4.60393e-07,-5.98685e-07,-5.78652e-06,0.237037,0.134665,1.7602,0
14,9,7,10.0,-5.93487e-07,-1.0217e-06,-6.65479e-06,0.237621,0.134683,1.76429,0
15,9,7,10.0,-5.50876e-07,-9.21458e-07,-6.97541e-06,0.237272,0.134669,1.76189,0
16,9,7,10.0,-5.65768e-07,-9.08588e-07,-7.20139e-06,0.237111,0.134665,1.76074,0
17,9,7,10.0,-5.80174e-07,-9.26402e-07,-7.32361e-06,0.237037,0.134665,1.7602,0
18,9,7,10.0,-6.20739e-07,-9.62649e-07,-7.31871e-06,0.237002,0.134665,1.75994,0
19,9,7,10.0,-6.66195e-07,-1.04504e-06,-7.17253e-06,0.236986,0.134665,1.75982,0
20,9,7,10.0,-7.19025e-07,-1.16939e-06,-6.85679e-06,0.236979,0.134665,1.75976,0
21,9,7,10.0,-7.80839e-07,-1.33859e-06,-6.33901e-06,0.236975,0.134665,1.75973,0
22,9,7,10.0,-8.56561e-07,-1.55902e-06,-5.57912e-06,0.236974,0.134666,1.75972,0
23,9,7,10.0,-9.55091e-07,-1.83861e-06,-4.51659e-06,0.236973,0.134666,1.75972,0
0,10,7,10.0,-2.28198e-07,-3.39232e-07,-2.81598e-06,0.238383,0.134726,1.7694,0
1,10,7,10.0,8.58892e-07,1.1672e-06,-2.72342e-06,0.237611,0.134681,1.76425,0
2,10,7,10.0,5.76062e-07,7.02133e-07,-2.92468e-06,0.237252,0.134665,1.76179,0
3,10,7,10.0,3.17535e-07,3.96686e-07,-3.29973e-06,0.237085,0.13466,1.76062,0
4,10,7,10.0,1.21853e-07,1.65925e-07,-3.77963e-06,0.237007,0.134658,1.76006,0
5,10,7,10.0,-1.12478e-08,1.70851e-08,-4.30002e-06,0.23697,0.134658,1.75979,0
6,10,7,10.0,-7.43985e-08,-9.59403e-08,-4.84902e-06,0.236954,0.134658,1.75967,0
7,10,7,10.0,-1.48672e-07,-1.74485e-07,-5.39635e-06,0.236946,0.134658,1.75961,0
8,10,7,10.0,-1.8106e-07,-1.77957e-07,-5.95044e-06,0.236933,0.134656,1.75954,0
9,10,7,10.0,-2.53011e-07,-2.06989e-07,-6.50921e-06,0.238364,0.134721,1.76931,0
10,10,7,10.0,-4.94083e-07,-6.01836e-07,-7.09009e-06,0.237602,0.134679,1.76421,0
11,10,7,10.0,-4.60846e-07,-5.77902e-07,-7.62709e-06,0.237248,0.134664,1.76177,0
12,10,7,10.0,-4.7089e-07,-5.60318e-07,-8.1297e-06,0.237083,0.134659,1.76061,0
13,10,7,10.0,-4.75423e-07,-5.58874e-07,-8.59825e-06,0.237006,0.134658,1.76006,0
14,10,7,10.0,-6.18016e-07,-1.04277e-06,-9.38742e-06,0.237602,0.134679,1.76421,0
15,10,7,10.0,-6.10547e-07,-9.51877e-07,-9.62509e-06,0.237248,0.134664,1.76177,0
16,10,7,10.0,-5.89685e-07,-9.06069e-07,-9.75034e-06,0.237082,0.134659,1.76061,0
17,10,7,10.0,-6.06009e-07,-9.18652e-07,-9.74681e-06,0.237006,0.134658,1.76006,0
18,10,7,10.0,-6.50843e-07,-9.81793e-07,-9.60514e-06,0.23697,0.134658,1.75979,0
19,10,7,10.0,-6.85335e-07,-1.07743e-06,-9.30037e-06,0.236954,0.134658,1.75967,0
20,10,7,10.0,-7.46474e-07,-1.21748e-06,-8.79469e-06,0.236946,0.134658,1.75961,0
21,10,7,10.0,-8.22086e-07,-1.40702e-06,-8.05132e-06,0.236942,0.134658,1.75958,0
22,10,7,10.0,-8.99978e-07,-1.65136e-06,-7.01569e-06,0.236941,0.134659,1.75956,0
23,10,7,10.0,-1.00885e-06,-1.97259e-06,-5.62781e-06,0.23694,0.134659,1.75956,0
0,11,7,10.0,-2.63958e-07,-4.15807e-07,-4.99921e-06,0.238383,0.134726,1.7694,0
1,11,7,10.0,9.09999e-07,1.28219e-06,-4.8547e-06,0.237611,0.134681,1.76425,0
2,11,7,10.0,5.80964e-07,8.1756e-07,-5.09064e-06,0.237252,0.134665,1.76179,0
3,11,7,10.0,3.16067e-07,4.45898e-07,-5.54534e-06,0.237084,0.134659,1.76062,0
4,11,7,10.0,1.46427e-07,1.77735e-07,-6.11801e-06,0.237006,0.134658,1.76006,0
5,11,7,10.0,-1.0651e-08,1.16724e-08,-6.72797e-06,0.23697,0.134658,1.75979,0
6,11,7,10.0,-5.88213e-08,-9.036e-08,-7.35626e-06,0.236953,0.134658,1.75967,0
7,11,7,10.0,-1.51396e-07,-1.77814e-07,-7.98999e-06,0.236946,0.134658,1.75961,0
8,11,7,10.0,-2.03095e-07,-1.87781e-07,-8.64683e-06,0.236932,0.134656,1.75953,0
9,11,7,10.0,-2.80491e-07,-2.36401e-07,-9.32372e-06,0.238364,0.134721,1.76931,0
10,11,7,10.0,-5.03742e-07,-6.40176e-07,-1.00154e-05,0.237602,0.134679,1.76421,0
11,11,7,10.0,-5.30789e-07,-6.10314e-07,-1.06175e-05,0.237247,0.134664,1.76177,0
12,11,7,10.0,-5.43942e-07,-6.00105e-07,-1.11586e-05,0.237082,0.134659,1.76061,0
13,11,7,10.0,-5.2588e-07,-5.94268e-07,-1.16301e-05,0.237005,0.134658,1.76006,0
14,11,7,10.0,-7.03992e-07,-1.09046e-06,-1.23524e-05,0.237602,0.134679,1.76421,0
15,11,7,10.0,-6.76882e-07,-1.00447e-06,-1.25252e-05,0.237247,0.134664,1.76177,0
16,11,7,10.0,-6.55335e-07,-9.34925e-07,-1.25401e-05,0.237082,0.134659,1.76061,0
17,11,7,10.0,-6.836e-07,-9.71138e-07,-1.2415e-05,0.237005,0.134658,1.76006,0
18,11,7,10.0,-6.88875e-07,-1.01862e-06,-1.21294e-05,0.23697,0.134658,1.75979,0
19,11,7,10.0,-7.39587e-07,-1.12883e-06,-1.16438e-05,0.236953,0.134658,1.75967,0
20,11,7,10.0,-7.99606e-07,-1.29046e-06,-1.09313e-05,0.236945,0.134658,1.75961,0
21,11,7,10.0,-8.63737e-07,-1.50123e-06,-9.93525e-06,0.236942,0.134658,1.75958,0
22,11,7,10.0,-9.52381e-07,-1.76648e-06,-8.59461e-06,0.23694,0.134658,1.75956,0
23,11,7,10.0,-1.07401e-06,-2.12405e-06,-6.84921e-06,0.236939,0.134659,1.75956,0
0,12,7,10.0,-2.67307e-07,-4.5438e-07,-7.32679e-06,0.238383,0.134726,1.7694,0
1,12,7,10.0,9.47742e-07,1.43744e-06,-7.10499e-06,0.237611,0.134681,1.76425,0
2,12,7,10.0,5.66376e-07,8.85353e-07,-7.3796e-06,0.237252,0.134665,1.76179,0
3,12,7,10.0,3.34323e-07,4.75437e-07,-7.91408e-06,0.237084,0.134659,1.76062,0
4,12,7,10.0,1.33163e-07,1.95424e-07,-8.57243e-06,0.237006,0.134658,1.76006,0
5,12,7,10.0,-1.82618e-08,1.88086e-08,-9.27698e-06,0.23697,0.134658,1.75979,0
6,12,7,10.0,-9.01642e-08,-1.03995e-07,-9.97956e-06,0.236953,0.134658,1.75967,0
7,12,7,10.0,-1.72409e-07,-2.04583e-07,-1.07077e-05,0.236946,0.134658,1.75961,0
8,12,7,10.0,-2.51245e-07,-2.09709e-07,-1.14684e-05,0.236932,0.134656,1.75953,0
9,12,7,10.0,-2.87246e-07,-2.50092e-07,-1.22687e-05,0.238364,0.134721,1.76931,0
10,12,7,10.0,-5.41622e-07,-6.94961e-07,-1.30614e-05,0.237602,0.134679,1.76421,0
11,12,7,10.0,-5.98767e-07,-6.66847e-07,-1.37397e-05,0.237247,0.134664,1.76177,0
12,12,7,10.0,-5.85005e-07,-6.57571e-07,-1.432e-05,0.237082,0.134659,1.76061,0
13,12,7,10.0,-5.75132e-07,-6.38109e-07,-1.47988e-05,0.237005,0.134658,1.76006,0
14,12,7,10.0,-7.56301e-07,-1.17744e-06,-1.54729e-05,0.237602,0.134679,1.76421,0
15,12,7,10.0,-6.98294e-07,-1.04376e-06,-1.55687e-05,0.237247,0.134664,1.76177,0
16,12,7,10.0,-8.50016e-07,-1.02502e-06,-1.84694e-05,0.238366,0.134722,1.76931,0
17,12,7,10.0,-7.50501e-07,-1.0316e-06,-1.52829e-05,0.237001,0.134657,1.76004,0
18,12,7,10.0,-7.60641e-07,-1.08197e-06,-1.48508e-05,0.236968,0.134657,1.75978,0
19,12,7,10.0,-8.03359e-07,-1.2039e-06,-1.41836e-05,0.236952,0.134658,1.75966,0
20,12,7,10.0,-8.39382e-07,-1.37178e-06,-1.32454e-05,0.236945,0.134658,1.7596,0
21,12,7,10.0,-8.94572e-07,-1.59314e-06,-1.19766e-05,0.236942,0.134658,1.75958,0
22,12,7,10.0,-9.98406e-07,-1.88655e-06,-1.03174e-05,0.23694,0.134658,1.75956,0
23,12,7,10.0,-1.11769e-06,-2.27166e-06,-8.19178e-06,0.236939,0.134659,1.75956,0
0,13,7,10.0,-2.45693e-07,-5.32909e-07,-1.17699e-05,0.238383,0.134726,1.7694,0
1,13,7,10.0,8.15926e-07,1.63084e-06,-1.14432e-05,0.237611,0.134681,1.76425,0
2,13,7,10.0,5.3694e-07,1.00403e-06,-1.18091e-05,0.237252,0.134665,1.76179,0
3,13,7,10.0,3.03187e-07,5.64677e-07,-1.24955e-05,0.237084,0.134659,1.76062,0
4,13,7,10.0,1.06848e-07,2.40006e-07,-1.33611e-05,0.237006,0.134658,1.76006,0
5,13,7,10.0,-2.4073e-08,6.01681e-08,-1.42812e-05,0.23697,0.134658,1.75979,0
6,13,7,10.0,-1.62221e-07,-8.14468e-08,-1.52195e-05,0.236953,0.134658,1.75967,0
7,13,7,10.0,-2.78719e-07,-1.92328e-07,-1.6168e-05,0.236946,0.134658,1.75961,0
8,13,7,10.0,-3.79782e-07,-2.14217e-07,-1.71135e-05,0.236942,0.134658,1.75958,0
9,13,7,10.0,-4.12668e-07,-2.2422e-07,-1.80204e-05,0.236949,0.13466,1.7596,0
10,13,7,10.0,-4.78267e-07,-2.68534e-07,-1.89015e-05,0.236947,0.13466,1.75959,0
11,13,7,10.0,-5.03779e-07,-2.56291e-07,-1.96148e-05,0.236945,0.13466,1.75958,0
12,13,7,10.0,-5.52743e-07,-2.83154e-07,-2.02067e-05,0.236942,0.134659,1.75957,0
13,13,7,10.0,-5.4318e-07,-2.41074e-07,-2.06811e-05,0.236941,0.134659,1.75956,0
14,13,7,10.0,-6.93103e-07,-6.60533e-07,-2.13397e-05,0.237621,0.134683,1.76429,0
15,13,7,10.0,-7.45555e-07,-6.22541e-07,-2.1383e-05,0.237272,0.134669,1.76189,0
16,13,7,10.0,-7.34093e-07,-6.74032e-07,-2.12275e-05,0.237101,0.134663,1.7607,0
17,13,7,10.0,-6.90618e-07,-7.32504e-07,-2.08214e-05,0.237018,0.13466,1.76012,0
18,13,7,10.0,-7.28777e-07,-8.73003e-07,-2.01526e-05,0.236977,0.134659,1.75983,0
19,13,7,10.0,-7.42676e-07,-1.02884e-06,-1.917e-05,0.236957,0.134659,1.75969,0
20,13,7,10.0,-7.89092e-07,-1.26197e-06,-1.78331e-05,0.236948,0.134659,1.75962,0
21,13,7,10.0,-8.50864e-07,-1.56064e-06,-1.6091e-05,0.236943,0.134659,1.75958,0
22,13,7,10.0,-9.34504e-07,-1.91418e-06,-1.38463e-05,0.236941,0.134659,1.75957,0
23,13,7,10.0,-1.05354e-06,-2.38867e-06,-1.09941e-05,0.23694,0.134659,1.75956,0
0,14,7,10.0,-1.63188e-07,-5.14559e-07,-1.36611e-05,0.238383,0.134726,1.7694,0
1,14,7,10.0,7.30921e-07,1.68487e-06,-1.3287e-05,0.237611,0.134681,1.76425,0
2,14,7,10.0,5.14103e-07,1.0692e-06,-1.36812e-05,0.237252,0.134665,1.76179,0
3,14,7,10.0,2.60777e-07,5.95536e-07,-1.44499e-05,0.237084,0.134659,1.76062,0
4,14,7,10.0,1.08527e-07,2.79089e-07,-1.54124e-05,0.237006,0.134658,1.76006,0
5,14,7,10.0,-3.84416e-08,4.4434e-08,-1.64462e-05,0.23697,0.134658,1.75979,0
6,14,7,10.0,-1.45175e-07,-6.96599e-08,-1.75017e-05,0.236953,0.134658,1.75967,0
7,14,7,10.0,-2.76655e-07,-1.60741e-07,-1.85406e-05,0.236946,0.134658,1.75961,0
8,14,7,10.0,-3.10547e-07,-2.30235e-07,-1.95205e-05,0.236942,0.134658,1.75958,0
9,14,7,10.0,-3.95706e-07,-2.60602e-07,-2.04151e-05,0.23694,0.134658,1.75956,0
10,14,7,10.0,-4.0002e-07,-2.38986e-07,-2.12167e-05,0.236939,0.134659,1.75956,0
11,14,7,10.0,-4.87849e-07,-2.80201e-07,-2.19038e-05,0.236939,0.134659,1.75955,0
12,14,7,10.0,-5.41771e-07,-2.89872e-07,-2.2484e-05,0.236939,0.134659,1.75955,0
13,14,7,10.0,-5.20403e-07,-2.42526e-07,-2.29422e-05,0.236939,0.134659,1.75955,0
14,14,7,10.0,-6.45589e-07,-6.05033e-07,-2.35834e-05,0.237602,0.134679,1.76421,0
15,14,7,10.0,-6.31583e-07,-6.36221e-07,-2.36429e-05,0.237248,0.134664,1.76177,0
16,14,7,10.0,-6.15423e-07,-6.52638e-07,-2.34758e-05,0.237082,0.134659,1.76061,0
17,14,7,10.0,-6.41639e-07,-7.63761e-07,-2.30437e-05,0.237006,0.134658,1.76006,0
18,14,7,10.0,-6.33484e-07,-8.66803e-07,-2.23101e-05,0.23697,0.134658,1.75979,0
19,14,7,10.0,-6.60385e-07,-1.0666e-06,-2.12332e-05,0.236953,0.134658,1.75967,0
20,14,7,10.0,-6.98065e-07,-1.286e-06,-1.97676e-05,0.236945,0.134658,1.75961,0
21,14,7,10.0,-7.53775e-07,-1.58344e-06,-1.78487e-05,0.236942,0.134658,1.75958,0
22,14,7,10.0,-8.33907e-07,-1.96947e-06,-1.53824e-05,0.23694,0.134658,1.75956,0
23,14,7,10.0,-9.18819e-07,-2.47031e-06,-1.22371e-05,0.236939,0.134659,1.75956,0
0,15,7,10.0,-1.2154e-07,-4.87637e-07,-1.51091e-05,0.238383,0.134726,1.7694,0
1,15,7,10.0,6.37527e-07,1.75906e-06,-1.47814e-05,0.237611,0.134681,1.76425,0
2,15,7,10.0,3.8083e-07,1.07128e-06,-1.5221e-05,0.237252,0.134665,1.76179,0
3,15,7,10.0,2.24301e-07,5.92799e-07,-1.60477e-05,0.237084,0.134659,1.76062,0
4,15,7,10.0,8.86469e-08,2.92192e-07,-1.70863e-05,0.237006,0.134658,1.76006,0
5,15,7,10.0,-1.39892e-08,7.10971e-08,-1.82042e-05,0.23697,0.134658,1.75979,0
6,15,7,10.0,-1.78836e-07,-8.008e-08,-1.93367e-05,0.236953,0.134658,1.75967,0
7,15,7,10.0,-2.04084e-07,-1.78604e-07,-2.04172e-05,0.236946,0.134658,1.75961,0
8,15,7,10.0,-2.98116e-07,-2.34053e-07,-2.14023e-05,0.236942,0.134658,1.75958,0
9,15,7,10.0,-3.01385e-07,-2.54197e-07,-2.22755e-05,0.23694,0.134658,1.75956,0
10,15,7,10.0,-4.05388e-07,-2.98484e-07,-2.30424e-05,0.236939,0.134659,1.75956,0
11,15,7,10.0,-4.48078e-07,-2.93043e-07,-2.37031e-05,0.236939,0.134659,1.75955,0
12,15,7,10.0,-4.5997e-07,-3.11721e-07,-2.42499e-05,0.236939,0.134659,1.75955,0
13,15,7,10.0,-5.03799e-07,-2.65788e-07,-2.46811e-05,0.236939,0.134659,1.75955,0
14,15,7,10.0,-5.94407e-07,-6.96041e-07,-2.52819e-05,0.237602,0.134679,1.76421,0
15,15,7,10.0,-5.86655e-07,-6.38811e-07,-2.53203e-05,0.237247,0.134664,1.76177,0
16,15,7,10.0,-5.74684e-07,-7.06032e-07,-2.5138e-05,0.237082,0.134659,1.76061,0
17,15,7,10.0,-5.48904e-07,-8.06345e-07,-2.46855e-05,0.237005,0.134658,1.76006,0
18,15,7,10.0,-5.49238e-07,-9.29774e-07,-2.39196e-05,0.23697,0.134658,1.75979,0
19,15,7,10.0,-5.6561e-07,-1.08148e-06,-2.27887e-05,0.236953,0.134658,1.75967,0
20,15,7,10.0,-5.98523e-07,-1.31587e-06,-2.12369e-05,0.236945,0.134658,1.75961,0
21,15,7,10.0,-6.41546e-07,-1.62734e-06,-1.91999e-05,0.236942,0.134658,1.75958,0
22,15,7,10.0,-6.81869e-07,-2.01633e-06,-1.6571e-05,0.23694,0.134658,1.75956,0
23,15,7,10.0,-7.49693e-07,-2.52117e-06,-1.32025e-05,0.236939,0.134659,1.75956,0
0,16,7,10.0,-8.41594e-08,-5.57214e-07,-1.62828e-05,0.238383,0.134726,1.7694,0
1,16,7,10.0,4.51018e-07,1.74575e-06,-1.5908e-05,0.237611,0.134681,1.76425,0
2,16,7,10.0,3.36441e-07,1.08083e-06,-1.63744e-05,0.237252,0.134665,1.76179,0
3,16,7,10.0,1.67777e-07,6.17906e-07,-1.72352e-05,0.237084,0.134659,1.76062,0
4,16,7,10.0,5.26816e-08,2.86068e-07,-1.83097e-05,0.237006,0.134658,1.76006,0
5,16,7,10.0,-8.07776e-08,7.07055e-08,-1.94736e-05,0.23697,0.134658,1.75979,0
6,16,7,10.0,-1.17927e-07,-8.29976e-08,-2.06334e-05,0.236953,0.134658,1.75967,0
7,16,7,10.0,-2.21773e-07,-1.80704e-07,-2.1719e-05,0.236946,0.134658,1.75961,0
8,16,7,10.0,-2.82524e-07,-2.448e-07,-2.27029e-05,0.236942,0.134658,1.75958,0
9,16,7,10.0,-3.51753e-07,-2.85149e-07,-2.35595e-05,0.23694,0.134658,1.75956,0
10,16,7,10.0,-3.61299e-07,-2.92655e-07,-2.43014e-05,0.236939,0.134659,1.75956,0
11,16,7,10.0,-4.14652e-07,-3.30575e-07,-2.49281e-05,0.236939,0.134659,1.75955,0
12,16,7,10.0,-4.86591e-07,-3.17152e-07,-2.54409e-05,0.236939,0.134659,1.75955,0
13,16,7,10.0,-4.89572e-07,-2.96324e-07,-2.5846e-05,0.236939,0.134659,1.75955,0
14,16,7,10.0,-5.59079e-07,-6.96739e-07,-2.63729e-05,0.237602,0.134679,1.76421,0
15,16,7,10.0,-5.62363e-07,-6.87567e-07,-2.63699e-05,0.237247,0.134664,1.76177,0
16,16,7,10.0,-5.08466e-07,-7.21106e-07,-2.61508e-05,0.237082,0.134659,1.76061,0
17,16,7,10.0,-5.19998e-07,-7.94958e-07,-2.56799e-05,0.237005,0.134658,1.76006,0
18,16,7,10.0,-5.25977e-07,-9.18763e-07,-2.49148e-05,0.23697,0.134658,1.75979,0
19,16,7,10.0,-5.26683e-07,-1.0899e-06,-2.3755e-05,0.236953,0.134658,1.75967,0
20,16,7,10.0,-5.44428e-07,-1.31245e-06,-2.21518e-05,0.236945,0.134658,1.75961,0
21,16,7,10.0,-5.6002e-07,-1.60375e-06,-2.00411e-05,0.236942,0.134658,1.75958,0
22,16,7,10.0,-5.82091e-07,-1.99844e-06,-1.73103e-05,0.23694,0.134658,1.75956,0
23,16,7,10.0,-5.89802e-07,-2.51915e-06,-1.38082e-05,0.236939,0.134659,1.75956,0
0,17,7,10.0,1.16769e-10,-4.4501e-07,-1.69583e-05,0.238393,0.134728,1.76944,0
1,17,7,10.0,3.22151e-07,1.67928e-06,-1.66285e-05,0.237629,0.134685,1.76433,0
2,17,7,10.0,2.73086e-07,1.06514e-06,-1.70906e-05,0.237276,0.13467,1.76191,0
3,17,7,10.0,1.54516e-07,5.68876e-07,-1.79542e-05,0.237113,0.134666,1.76075,0
4,17,7,10.0,7.83175e-08,2.48775e-07,-1.90259e-05,0.237038,0.134665,1.76021,0
5,17,7,10.0,-5.52278e-09,1.50871e-08,-2.01784e-05,0.237002,0.134665,1.75994,0
6,17,7,10.0,-7.10403e-08,-1.16257e-07,-2.13163e-05,0.236986,0.134665,1.75982,0
7,17,7,10.0,-1.596e-07,-2.48011e-07,-2.23891e-05,0.236979,0.134665,1.75976,0
8,17,7,10.0,-1.94755e-07,-3.08677e-07,-2.33547e-05,0.236976,0.134665,1.75974,0
9,17,7,10.0,-2.4305e-07,-3.66281e-07,-2.41884e-05,0.236974,0.134666,1.75972,0
10,17,7,10.0,-2.94756e-07,-3.6627e-07,-2.49019e-05,0.236973,0.134666,1.75972,0
11,17,7,10.0,-3.53765e-07,-4.00148e-07,-2.5504e-05,0.236973,0.134666,1.75971,0
12,17,7,10.0,-4.03691e-07,-4.33472e-07,-2.59901e-05,0.236973,0.134666,1.75971,0
13,17,7,10.0,-3.99208e-07,-3.67443e-07,-2.63436e-05,0.236973,0.134666,1.75971,0
14,17,7,10.0,-4.52205e-07,-8.38035e-07,-2.67559e-05,0.237621,0.134683,1.76429,0
15,17,7,10.0,-4.55875e-07,-8.35627e-07,-2.66825e-05,0.237272,0.134669,1.76189,0
16,17,7,10.0,-3.80956e-07,-8.17116e-07,-2.63782e-05,0.237101,0.134663,1.7607,0
17,17,7,10.0,-3.70321e-07,-9.5209e-07,-2.58608e-05,0.238373,0.134724,1.76935,0
18,17,7,10.0,-2.92692e-07,-1.23865e-06,-2.51042e-05,0.237621,0.134683,1.76429,0
19,17,7,10.0,-2.80745e-07,-1.35068e-06,-2.39127e-05,0.237272,0.134669,1.76189,0
20,17,7,10.0,-2.92324e-07,-1.52625e-06,-2.22795e-05,0.237111,0.134665,1.76074,0
21,17,7,10.0,-3.06245e-07,-1.79265e-06,-2.0139e-05,0.237037,0.134665,1.7602,0
22,17,7,10.0,-2.95521e-07,-2.13876e-06,-1.73815e-05,0.237002,0.134665,1.75994,0
23,17,7,10.0,-2.71865e-07,-2.61036e-06,-1.38489e-05,0.236986,0.134665,1.75982,0
0,18,7,10.0,6.1277e-09,-4.8399e-07,-1.72345e-05,0.238383,0.134726,1.7694,0
1,18,7,10.0,2.07688e-07,1.68021e-06,-1.70022e-05,0.237611,0.134681,1.76425,0
2,18,7,10.0,1.63461e-07,1.04083e-06,-1.74401e-05,0.237252,0.134665,1.76179,0
3,18,7,10.0,1.46276e-07,6.01188e-07,-1.82551e-05,0.237085,0.13466,1.76062,0
4,18,7,10.0,8.10206e-08,2.94534e-07,-1.92645e-05,0.237007,0.134658,1.76006,0
5,18,7,10.0,3.28118e-08,1.02006e-07,-2.03538e-05,0.23697,0.134658,1.75979,0
6,18,7,10.0,-4.24901e-08,-7.58283e-08,-2.14403e-05,0.236954,0.134658,1.75967,0
7,18,7,10.0,-7.32771e-08,-1.83808e-07,-2.24651e-05,0.236946,0.134658,1.75961,0
8,18,7,10.0,-1.45197e-07,-2.20926e-07,-2.33909e-05,0.236942,0.134659,1.75958,0
9,18,7,10.0,-1.81923e-07,-2.54383e-07,-2.41912e-05,0.23694,0.134659,1.75956,0
10,18,7,10.0,-2.39275e-07,-3.06201e-07,-2.48839e-05,0.23694,0.134659,1.75956,0
11,18,7,10.0,-2.79925e-07,-3.17833e-07,-2.54584e-05,0.236939,0.134659,1.75956,0
12,18,7,10.0,-3.06494e-07,-3.21531e-07,-2.59011e-05,0.236939,0.134659,1.75955,0
13,18,7,10.0,-3.70077e-07,-3.0312e-07,-2.61992e-05,0.236939,0.134659,1.75955,0
14,18,7,10.0,-3.49875e-07,-6.95333e-07,-2.64313e-05,0.237602,0.134679,1.76421,0
15,18,7,10.0,-3.48097e-07,-6.70821e-07,-2.62563e-05,0.237248,0.134664,1.76177,0
16,18,7,10.0,-3.09046e-07,-6.58305e-07,-2.58449e-05,0.237073,0.134657,1.76057,0
17,18,7,10.0,-2.60294e-07,-7.69172e-07,-2.52229e-05,0.238364,0.134721,1.76931,0
18,18,7,10.0,-1.07662e-07,-1.15646e-06,-2.4379e-05,0.237602,0.134679,1.76421,0
19,18,7,10.0,-1.42215e-07,-1.24185e-06,-2.31517e-05,0.237248,0.134664,1.76177,0
20,18,7,10.0,-1.44119e-07,-1.43635e-06,-2.15127e-05,0.237082,0.134659,1.76061,0
21,18,7,10.0,-1.26369e-07,-1.69708e-06,-1.93894e-05,0.237006,0.134658,1.76006,0
22,18,7,10.0,-7.69642e-08,-2.03986e-06,-1.6671e-05,0.23697,0.134658,1.75979,0
23,18,7,10.0,-3.08856e-08,-2.50311e-06,-1.32236e-05,0.236954,0.134658,1.75967,0
0,19,7,10.0,1.14036e-08,-4.55759e-07,-1.7387e-05,0.238383,0.134726,1.7694,0
1,19,7,10.0,8.09208e-08,1.57454e-06,-1.71895e-05,0.237611,0.134681,1.76425,0
2,19,7,10.0,1.2217e-07,9.98775e-07,-1.75881e-05,0.237252,0.134665,1.76179,0
3,19,7,10.0,6.95222e-08,5.80819e-07,-1.8327e-05,0.237084,0.134659,1.76062,0
4,19,7,10.0,2.98061e-08,2.8564e-07,-1.92535e-05,0.237006,0.134658,1.76006,0
5,19,7,10.0,-3.53431e-08,7.86916e-08,-2.02572e-05,0.23697,0.134658,1.75979,0
6,19,7,10.0,-4.80542e-08,-4.97202e-08,-2.12613e-05,0.236953,0.134658,1.75967,0
7,19,7,10.0,-1.17919e-07,-1.62272e-07,-2.22175e-05,0.236946,0.134658,1.75961,0
8,19,7,10.0,-1.58419e-07,-2.32457e-07,-2.3094e-05,0.236942,0.134658,1.75958,0
9,19,7,10.0,-2.15359e-07,-2.75618e-07,-2.38574e-05,0.23694,0.134658,1.75956,0
10,19,7,10.0,-2.24951e-07,-2.68792e-07,-2.45072e-05,0.236939,0.134659,1.75956,0
11,19,7,10.0,-2.74424e-07,-3.20441e-07,-2.50409e-05,0.236939,0.134659,1.75955,0
12,19,7,10.0,-3.24591e-07,-3.327e-07,-2.5441e-05,0.236939,0.134659,1.75955,0
13,19,7,10.0,-3.49901e-07,-3.08797e-07,-2.56843e-05,0.236939,0.134659,1.75955,0
14,19,7,10.0,-3.43595e-07,-6.56195e-07,-2.57226e-05,0.237602,0.134679,1.76421,0
15,19,7,10.0,-3.36785e-07,-6.50884e-07,-2.54351e-05,0.237247,0.134664,1.76177,0
16,19,7,10.0,-3.26755e-07,-6.31283e-07,-2.49178e-05,0.237072,0.134657,1.76057,0
17,19,7,10.0,-3.16633e-07,-7.60585e-07,-2.41861e-05,0.238364,0.134721,1.76931,0
18,19,7,10.0,-1.40971e-07,-1.09526e-06,-2.32231e-05,0.237602,0.134679,1.76421,0
19,19,7,10.0,-1.55392e-07,-1.21248e-06,-2.19525e-05,0.237247,0.134664,1.76177,0
20,19,7,10.0,-1.36084e-07,-1.39086e-06,-2.03124e-05,0.237082,0.134659,1.76061,0
21,19,7,10.0,-9.15928e-08,-1.63674e-06,-1.82194e-05,0.237005,0.134658,1.76006,0
22,19,7,10.0,-3.84546e-08,-1.96613e-06,-1.5579e-05,0.23697,0.134658,1.75979,0
23,19,7,10.0,4.8434e-08,-2.39581e-06,-1.2273e-05,0.236953,0.134658,1.75967,0
0,20,7,10.0,1.38448e-08,-4.43512e-07,-1.74866e-05,0.238383,0.134726,1.7694,0
1,20,7,10.0,8.81014e-08,1.49167e-06,-1.72956e-05,0.237611,0.134681,1.76425,0
2,20,7,10.0,3.32074e-08,9.55943e-07,-1.76522e-05,0.237252,0.134665,1.76179,0
3,20,7,10.0,6.14758e-08,5.59799e-07,-1.83194e-05,0.237084,0.134659,1.76062,0
4,20,7,10.0,1.30615e-08,2.69628e-07,-1.91578e-05,0.237006,0.134658,1.76006,0
5,20,7,10.0,4.12684e-09,8.91716e-08,-2.00714e-05,0.23697,0.134658,1.75979,0
6,20,7,10.0,-5.6515e-08,-5.66093e-08,-2.09897e-05,0.236953,0.134658,1.75967,0
7,20,7,10.0,-8.69709e-08,-1.50068e-07,-2.18736e-05,0.236946,0.134658,1.75961,0
8,20,7,10.0,-1.20755e-07,-2.19204e-07,-2.26833e-05,0.236942,0.134658,1.75958,0
9,20,7,10.0,-1.42729e-07,-2.60015e-07,-2.33928e-05,0.23694,0.134658,1.75956,0
10,20,7,10.0,-2.02114e-07,-2.87516e-07,-2.39957e-05,0.236939,0.134659,1.75956,0
11,20,7,10.0,-2.33966e-07,-3.15776e-07,-2.44858e-05,0.236939,0.134659,1.75955,0
12,20,7,10.0,-2.33858e-07,-3.25121e-07,-2.48363e-05,0.236939,0.134659,1.75955,0
13,20,7,10.0,-2.74368e-07,-3.01686e-07,-2.50213e-05,0.236939,0.134659,1.75955,0
14,20,7,10.0,-2.74875e-07,-6.31699e-07,-2.49108e-05,0.237602,0.134679,1.76421,0
15,20,7,10.0,-2.80335e-07,-6.28275e-07,-2.45377e-05,0.237247,0.134664,1.76177,0
16,20,7,10.0,-2.90038e-07,-6.31038e-07,-2.39416e-05,0.237072,0.134657,1.76057,0
17,20,7,10.0,-2.48629e-07,-7.31244e-07,-2.31211e-05,0.238364,0.134721,1.76931,0
18,20,7,10.0,-1.53767e-07,-1.05234e-06,-2.20676e-05,0.237602,0.134679,1.76421,0
19,20,7,10.0,-1.25189e-07,-1.16925e-06,-2.07507e-05,0.237247,0.134664,1.76177,0
20,20,7,10.0,-8.52171e-08,-1.34137e-06,-1.91006e-05,0.237082,0.134659,1.76061,0
21,20,7,10.0,-3.68024e-08,-1.5746e-06,-1.70388e-05,0.237005,0.134658,1.76006,0
22,20,7,10.0,3.29895e-08,-1.88018e-06,-1.4482e-05,0.23697,0.134658,1.75979,0
23,20,7,10.0,1.13328e-07,-2.28077e-06,-1.13298e-05,0.236953,0.134658,1.75967,0
0,21,7,10.0,2.00196e-08,-4.12738e-07,-1.75347e-05,0.238383,0.134726,1.7694,0
1,21,7,10.0,2.10148e-08,1.41975e-06,-1.73439e-05,0.237611,0.134681,1.76425,0
2,21,7,10.0,3.43042e-08,9.04581e-07,-1.76714e-05,0.237252,0.134665,1.76179,0
3,21,7,10.0,5.07608e-08,5.36942e-07,-1.82678e-05,0.237084,0.134659,1.76062,0
4,21,7,10.0,3.96695e-08,2.79319e-07,-1.90262e-05,0.237006,0.134658,1.76006,0
5,21,7,10.0,-2.44418e-09,1.00968e-07,-1.98498e-05,0.23697,0.134658,1.75979,0
6,21,7,10.0,-1.9613e-08,-4.53714e-08,-2.06905e-05,0.236953,0.134658,1.75967,0
7,21,7,10.0,-4.59421e-08,-1.42464e-07,-2.15002e-05,0.236946,0.134658,1.75961,0
8,21,7,10.0,-7.02701e-08,-2.04331e-07,-2.22385e-05,0.236942,0.134658,1.75958,0
9,21,7,10.0,-1.16493e-07,-2.37699e-07,-2.28874e-05,0.23694,0.134658,1.75956,0
10,21,7,10.0,-1.41929e-07,-2.78871e-07,-2.34403e-05,0.236939,0.134659,1.75956,0
11,21,7,10.0,-1.44127e-07,-3.00472e-07,-2.38794e-05,0.236939,0.134659,1.75955,0
12,21,7,10.0,-1.62778e-07,-3.03018e-07,-2.41749e-05,0.236939,0.134659,1.75955,0
13,21,7,10.0,-1.89486e-07,-2.82244e-07,-2.43142e-05,0.236939,0.134659,1.75955,0
14,21,7,10.0,-1.957e-07,-5.9645e-07,-2.41036e-05,0.237602,0.134679,1.76421,0
15,21,7,10.0,-1.98662e-07,-6.0245e-07,-2.36814e-05,0.237247,0.134664,1.76177,0
16,21,7,10.0,-2.07899e-07,-6.00493e-07,-2.30378e-05,0.237072,0.134657,1.76057,0
17,21,7,10.0,-2.12774e-07,-7.06382e-07,-2.21697e-05,0.238364,0.134721,1.76931,0
18,21,7,10.0,-1.26926e-07,-1.02427e-06,-2.10723e-05,0.237602,0.134679,1.76421,0
19,21,7,10.0,-9.38473e-08,-1.12825e-06,-1.97227e-05,0.237247,0.134664,1.76177,0
20,21,7,10.0,-5.00461e-08,-1.29033e-06,-1.80613e-05,0.237082,0.134659,1.76061,0
21,21,7,10.0,3.87465e-09,-1.50871e-06,-1.60274e-05,0.237005,0.134658,1.76006,0
22,21,7,10.0,6.29848e-08,-1.79108e-06,-1.35446e-05,0.23697,0.134658,1.75979,0
23,21,7,10.0,1.44378e-07,-2.16176e-06,-1.05336e-05,0.236953,0.134658,1.75967,0
0,22,7,10.0,2.81054e-08,-3.74617e-07,-1.75186e-05,0.238383,0.134726,1.7694,0
1,22,7,10.0,1.23395e-08,1.33789e-06,-1.73478e-05,0.237611,0.134681,1.76425,0
2,22,7,10.0,7.20606e-08,8.80767e-07,-1.76379e-05,0.237252,0.134665,1.76179,0
3,22,7,10.0,6.06022e-08,5.29486e-07,-1.81782e-05,0.237084,0.134659,1.76062,0
4,22,7,10.0,6.02717e-08,2.86506e-07,-1.88668e-05,0.237006,0.134658,1.76006,0
5,22,7,10.0,2.92206e-08,1.05978e-07,-1.96208e-05,0.23697,0.134658,1.75979,0
6,22,7,10.0,2.99304e-08,-1.67089e-08,-2.0387e-05,0.236953,0.134658,1.75967,0
7,22,7,10.0,1.20349e-08,-1.12009e-07,-2.11262e-05,0.236946,0.134658,1.75961,0
8,22,7,10.0,-1.5739e-08,-1.71649e-07,-2.18036e-05,0.236942,0.134658,1.75958,0
9,22,7,10.0,-4.71414e-08,-2.2077e-07,-2.23953e-05,0.23694,0.134658,1.75956,0
10,22,7,10.0,-4.69351e-08,-2.37381e-07,-2.28905e-05,0.236939,0.134659,1.75956,0
11,22,7,10.0,-5.14132e-08,-2.71414e-07,-2.32743e-05,0.236939,0.134659,1.75955,0
12,22,7,10.0,-7.14516e-08,-2.76334e-07,-2.35269e-05,0.236939,0.134659,1.75955,0
13,22,7,10.0,-8.65802e-08,-2.55398e-07,-2.36259e-05,0.236939,0.134659,1.75955,0
14,22,7,10.0,-7.67631e-08,-5.55375e-07,-2.33595e-05,0.237602,0.134679,1.76421,0
15,22,7,10.0,-1.03408e-07,-5.55251e-07,-2.2918e-05,0.237247,0.134664,1.76177,0
16,22,7,10.0,-1.21591e-07,-5.73225e-07,-2.22645e-05,0.237072,0.134657,1.76057,0
17,22,7,10.0,-1.3607e-07,-6.8419e-07,-2.13875e-05,0.238364,0.134721,1.76931,0
18,22,7,10.0,-8.88141e-08,-9.65829e-07,-2.0279e-05,0.237602,0.134679,1.76421,0
19,22,7,10.0,-4.93428e-08,-1.07851e-06,-1.89135e-05,0.237247,0.134664,1.76177,0
20,22,7,10.0,-1.13488e-09,-1.23235e-06,-1.72486e-05,0.237082,0.134659,1.76061,0
21,22,7,10.0,4.85565e-08,-1.4357e-06,-1.52334e-05,0.237005,0.134658,1.76006,0
22,22,7,10.0,9.9378e-08,-1.70173e-06,-1.28131e-05,0.23697,0.134658,1.75979,0
23,22,7,10.0,1.63579e-07,-2.03851e-06,-9.91506e-06,0.236953,0.134658,1.75967,0
0,23,7,10.0,3.51033e-08,-3.46445e-07,-1.74592e-05,0.238383,0.134726,1.7694,0
1,23,7,10.0,4.90326e-08,1.29785e-06,-1.73099e-05,0.237611,0.134681,1.76425,0
2,23,7,10.0,5.7714e-08,8.57063e-07,-1.75722e-05,0.237252,0.134665,1.76179,0
3,23,7,10.0,9.53141e-08,5.40601e-07,-1.80703e-05,0.237084,0.134659,1.76062,0
4,23,7,10.0,9.48013e-08,3.0374e-07,-1.8703e-05,0.237006,0.134658,1.76006,0
5,23,7,10.0,9.35761e-08,1.39725e-07,-1.94006e-05,0.23697,0.134658,1.75979,0
6,23,7,10.0,7.59336e-08,1.45883e-08,-2.01078e-05,0.236953,0.134658,1.75967,0
7,23,7,10.0,7.15484e-08,-7.43632e-08,-2.07914e-05,0.236946,0.134658,1.75961,0
8,23,7,10.0,6.50275e-08,-1.36328e-07,-2.14157e-05,0.236942,0.134658,1.75958,0
9,23,7,10.0,5.38333e-08,-1.72854e-07,-2.19557e-05,0.23694,0.134658,1.75956,0
10,23,7,10.0,3.60711e-08,-2.05778e-07,-2.23981e-05,0.236939,0.134659,1.75956,0
11,23,7,10.0,3.7415e-08,-2.29008e-07,-2.27353e-05,0.236939,0.134659,1.75955,0
12,23,7,10.0,4.83536e-08,-2.27339e-07,-2.29477e-05,0.236939,0.134659,1.75955,0
13,23,7,10.0,2.35893e-08,-2.14013e-07,-2.30179e-05,0.236939,0.134659,1.75955,0
14,23,7,10.0,1.91924e-08,-4.71884e-07,-2.27194e-05,0.237602,0.134679,1.76421,0
15,23,7,10.0,-2.07667e-09,-5.13532e-07,-2.22857e-05,0.237247,0.134664,1.76177,0
16,23,7,10.0,-1.2115e-08,-5.13123e-07,-2.16463e-05,0.237072,0.134657,1.76057,0
17,23,7,10.0,-1.83111e-08,-6.40558e-07,-2.07849e-05,0.238364,0.134721,1.76931,0
18,23,7,10.0,-1.0645e-08,-9.38517e-07,-1.96894e-05,0.237602,0.134679,1.76421,0
19,23,7,10.0,2.75721e-08,-1.03015e-06,-1.83154e-05,0.237247,0.134664,1.76177,0
20,23,7,10.0,6.78135e-08,-1.17212e-06,-1.66428e-05,0.237082,0.134659,1.76061,0
21,23,7,10.0,1.03022e-07,-1.36471e-06,-1.4639e-05,0.237005,0.134658,1.76006,0
22,23,7,10.0,1.39455e-07,-1.61058e-06,-1.22594e-05,0.23697,0.134658,1.75979,0
23,23,7,10.0,1.7931e-07,-1.93557e-06,-9.44688e-06,0.236953,0.134658,1.75967,0
0,0,8,10.0,-1.37072e-08,-1.03508e-07,6.30749e-06,0.238369,0.134705,1.76956,0
1,0,8,10.0,9.2796e-10,1.37761e-07,6.34313e-06,0.237585,0.13465,1.76446,0
2,0,8,10.0,-1.64076e-08,1.58981e-08,6.27974e-06,0.237217,0.134629,1.76201,0
3,0,8,10.0,-3.25332e-08,-8.33238e-08,6.15487e-06,0.237044,0.134621,1.76083,0
4,0,8,10.0,-4.63453e-08,-1.62326e-07,5.97477e-06,0.236963,0.134618,1.76026,0
5,0,8,10.0,-5.77459e-08,-2.35424e-07,5.73986e-06,0.236925,0.134618,1.75998,0
6,0,8,10.0,-6.69612e-08,-2.91458e-07,5.44824e-06,0.236908,0.134618,1.75985,0
7,0,8,10.0,-7.39011e-08,-3.49521e-07,5.10539e-06,0.236899,0.134618,1.75979,0
8,0,8,10.0,-8.08267e-08,-3.87871e-07,4.71097e-06,0.236895,0.134618,1.75976,0
9,0,8,10.0,-8.38271e-08,-4.29131e-07,4.27002e-06,0.236893,0.134618,1.75974,0
10,0,8,10.0,-8.58802e-08,-4.57228e-07,3.78253e-06,0.236893,0.134618,1.75974,0
11,0,8,10.0,-9.33585e-08,-4.89685e-07,3.25869e-06,0.236892,0.134618,1.75974,0
12,0,8,10.0,-8.95265e-08,-5.22552e-07,2.7066e-06,0.236892,0.134618,1.75973,0
13,0,8,10.0,-1.05549e-07,-5.48488e-07,2.13386e-06,0.236892,0.134618,1.75973,0
14,0,8,10.0,-1.07095e-07,-6.84684e-07,9.63913e-07,0.237576,0.134648,1.76443,0
15,0,8,10.0,-1.21057e-07,-6.81087e-07,4.15539e-07,0.237213,0.134628,1.76199,0
16,0,8,10.0,-1.17751e-07,-6.80371e-07,-9.75399e-08,0.237042,0.13462,1.76082,0
17,0,8,10.0,-1.0805e-07,-6.99491e-07,-5.68172e-07,0.236962,0.134618,1.76025,0
18,0,8,10.0,-1.06728e-07,-7.1432e-07,-9.89815e-07,0.236925,0.134618,1.75998,0
19,0,8,10.0,-1.07603e-07,-7.26354e-07,-1.35483e-06,0.236907,0.134618,1.75985,0
20,0,8,10.0,-1.00162e-07,-7.43717e-07,-1.63649e-06,0.236899,0.134618,1.75979,0
21,0,8,10.0,-9.54571e-08,-7.75794e-07,-1.80791e-06,0.236895,0.134618,1.75976,0
22,0,8,10.0,-9.40169e-08,-8.17903e-07,-1.83218e-06,0.236893,0.134618,1.75975,0
23,0,8,10.0,-9.03623e-08,-8.59827e-07,-1.66452e-06,0.236893,0.134618,1.75974,0
0,1,8,10.0,-3.13862e-08,-7.91282e-08,6.20979e-06,0.238378,0.134708,1.76959,0
1,1,8,10.0,7.85307e-08,3.46218e-07,6.22563e-06,0.237603,0.134655,1.76453,0
2,1,8,10.0,3.39481e-08,2.42474e-07,6.16284e-06,0.237241,0.134635,1.7621,0
3,1,8,10.0,-8.17719e-09,1.62444e-07,6.04071e-06,0.237072,0.134628,1.76094,0
4,1,8,10.0,-4.48841e-08,1.00312e-07,5.86442e-06,0.236994,0.134626,1.76038,0
5,1,8,10.0,-7.54817e-08,5.28398e-08,5.63458e-06,0.236957,0.134626,1.76011,0
6,1,8,10.0,-9.98113e-08,1.06157e-08,5.35124e-06,0.23694,0.134626,1.75998,0
7,1,8,10.0,-1.21688e-07,-1.64708e-08,5.01639e-06,0.236932,0.134626,1.75992,0
8,1,8,10.0,-1.37848e-07,-4.27116e-08,4.63294e-06,0.236928,0.134626,1.75989,0
9,1,8,10.0,-1.50158e-07,-5.60891e-08,4.20213e-06,0.236926,0.134626,1.75988,0
10,1,8,10.0,-1.59415e-07,-7.25051e-08,3.72563e-06,0.236926,0.134627,1.75987,0
11,1,8,10.0,-1.63026e-07,-9.35672e-08,3.20689e-06,0.236925,0.134627,1.75987,0
12,1,8,10.0,-1.81322e-07,-1.15217e-07,2.65128e-06,0.236925,0.134627,1.75987,0
13,1,8,10.0,-1.90055e-07,-1.34021e-07,2.07368e-06,0.236925,0.134627,1.75987,0
14,1,8,10.0,-2.27371e-07,-2.78561e-07,8.91093e-07,0.237594,0.134653,1.7645,0
15,1,8,10.0,-2.37786e-07,-2.90668e-07,3.43814e-07,0.237237,0.134634,1.76209,0
16,1,8,10.0,-2.37686e-07,-3.01133e-07,-1.60366e-07,0.23707,0.134628,1.76093,0
17,1,8,10.0,-2.31751e-07,-3.35468e-07,-6.19554e-07,0.236993,0.134626,1.76038,0
18,1,8,10.0,-2.38204e-07,-3.73704e-07,-1.03025e-06,0.236957,0.134626,1.76011,0
19,1,8,10.0,-2.33765e-07,-4.20349e-07,-1.38073e-06,0.23694,0.134626,1.75998,0
20,1,8,10.0,-2.32841e-07,-4.7897e-07,-1.65085e-06,0.236932,0.134626,1.75992,0
21,1,8,10.0,-2.36449e-07,-5.55358e-07,-1.81244e-06,0.236928,0.134626,1.75989,0
22,1,8,10.0,-2.34419e-07,-6.53908e-07,-1.82732e-06,0.236926,0.134627,1.75988,0
23,1,8,10.0,-2.34984e-07,-7.68041e-07,-1.6502e-06,0.236926,0.134627,1.75987,0
0,2,8,10.0,-4.90674e-08,-8.41979e-08,5.90768e-06,0.238378,0.134708,1.76959,0
1,2,8,10.0,1.74146e-07,3.58522e-07,5.91949e-06,0.237603,0.134655,1.76453,0
2,2,8,10.0,9.9292e-08,2.44849e-07,5.85428e-06,0.237241,0.134635,1.7621,0
3,2,8,10.0,3.34136e-08,1.5803e-07,5.72857e-06,0.237073,0.134628,1.76094,0
4,2,8,10.0,-2.26388e-08,9.22853e-08,5.54832e-06,0.236994,0.134626,1.76038,0
5,2,8,10.0,-6.74658e-08,3.85334e-08,5.31557e-06,0.236957,0.134626,1.76011,0
6,2,8,10.0,-1.03403e-07,-1.04964e-09,5.03124e-06,0.23694,0.134626,1.75999,0
7,2,8,10.0,-1.3006e-07,-3.44326e-08,4.69782e-06,0.236932,0.134626,1.75992,0
8,2,8,10.0,-1.5288e-07,-5.41207e-08,4.3174e-06,0.236929,0.134627,1.75989,0
9,2,8,10.0,-1.6637e-07,-7.3276e-08,3.89186e-06,0.236927,0.134627,1.75988,0
10,2,8,10.0,-1.78056e-07,-8.97661e-08,3.41998e-06,0.236926,0.134627,1.75987,0
11,2,8,10.0,-1.84856e-07,-1.12085e-07,2.90077e-06,0.236926,0.134627,1.75987,0
12,2,8,10.0,-1.98952e-07,-1.34921e-07,2.34112e-06,0.236925,0.134627,1.75987,0
13,2,8,10.0,-2.07133e-07,-1.48182e-07,1.75667e-06,0.236925,0.134627,1.75987,0
14,2,8,10.0,-2.6232e-07,-3.04896e-07,5.6543e-07,0.237594,0.134653,1.7645,0
15,2,8,10.0,-2.69082e-07,-3.11322e-07,2.3944e-08,0.237237,0.134634,1.76209,0
16,2,8,10.0,-2.72621e-07,-3.24463e-07,-4.6652e-07,0.237071,0.134628,1.76093,0
17,2,8,10.0,-2.8009e-07,-3.5865e-07,-9.07437e-07,0.236993,0.134626,1.76038,0
18,2,8,10.0,-2.88151e-07,-4.03901e-07,-1.29599e-06,0.236957,0.134626,1.76011,0
19,2,8,10.0,-2.89507e-07,-4.42624e-07,-1.61917e-06,0.23694,0.134626,1.75998,0
20,2,8,10.0,-2.96619e-07,-5.00739e-07,-1.86089e-06,0.236932,0.134626,1.75992,0
21,2,8,10.0,-3.05644e-07,-5.84789e-07,-1.99157e-06,0.236928,0.134627,1.75989,0
22,2,8,10.0,-3.13928e-07,-6.86784e-07,-1.97041e-06,0.236927,0.134627,1.75988,0
23,2,8,10.0,-3.23894e-07,-8.01746e-07,-1.75329e-06,0.236926,0.134627,1.75987,0
0,3,8,10.0,-7.47422e-08,-9.82078e-08,5.37534e-06,0.238378,0.134708,1.76959,0
1,3,8,10.0,2.81038e-07,3.78332e-07,5.39027e-06,0.237603,0.134655,1.76453,0
2,3,8,10.0,1.75136e-07,2.54974e-07,5.31972e-06,0.237241,0.134635,1.7621,0
3,3,8,10.0,8.40201e-08,1.59253e-07,5.18343e-06,0.237073,0.134628,1.76094,0
4,3,8,10.0,7.75051e-09,8.44664e-08,4.98956e-06,0.236994,0.134626,1.76038,0
5,3,8,10.0,-5.32242e-08,2.84784e-08,4.74295e-06,0.236957,0.134626,1.76011,0
6,3,8,10.0,-9.96968e-08,-1.71954e-08,4.44695e-06,0.23694,0.134626,1.75999,0
7,3,8,10.0,-1.36886e-07,-4.7967e-08,4.10477e-06,0.236932,0.134626,1.75992,0
8,3,8,10.0,-1.63399e-07,-7.18204e-08,3.71911e-06,0.236929,0.134627,1.75989,0
9,3,8,10.0,-1.84932e-07,-8.63782e-08,3.29135e-06,0.236927,0.134627,1.75988,0
10,3,8,10.0,-1.94865e-07,-1.1149e-07,2.81878e-06,0.236926,0.134627,1.75987,0
11,3,8,10.0,-2.1466e-07,-1.2207e-07,2.29932e-06,0.236926,0.134627,1.75987,0
12,3,8,10.0,-2.11824e-07,-1.57402e-07,1.74158e-06,0.236925,0.134627,1.75987,0
13,3,8,10.0,-2.29985e-07,-1.68059e-07,1.15834e-06,0.236925,0.134627,1.75987,0
14,3,8,10.0,-2.8969e-07,-3.36337e-07,-2.6484e-08,0.237594,0.134653,1.7645,0
15,3,8,10.0,-2.98388e-07,-3.36994e-07,-5.55724e-07,0.237237,0.134634,1.76209,0
16,3,8,10.0,-3.1649e-07,-3.56169e-07,-1.03078e-06,0.237071,0.134628,1.76093,0
17,3,8,10.0,-3.34473e-07,-3.85448e-07,-1.44925e-06,0.236993,0.134626,1.76038,0
18,3,8,10.0,-3.39108e-07,-4.24922e-07,-1.80518e-06,0.236957,0.134626,1.76011,0
19,3,8,10.0,-3.57093e-07,-4.74148e-07,-2.08734e-06,0.23694,0.134626,1.75998,0
20,3,8,10.0,-3.70105e-07,-5.38147e-07,-2.28089e-06,0.236932,0.134626,1.75992,0
21,3,8,10.0,-3.79707e-07,-6.19143e-07,-2.35437e-06,0.236928,0.134627,1.75989,0
22,3,8,10.0,-4.0091e-07,-7.20542e-07,-2.26722e-06,0.236927,0.134627,1.75988,0
23,3,8,10.0,-4.2693e-07,-8.47708e-07,-1.97475e-06,0.236926,0.134627,1.75987,0
0,4,8,10.0,-9.78993e-08,-1.07609e-07,4.6022e-06,0.238378,0.134708,1.76959,0
1,4,8,10.0,3.89421e-07,4.13678e-07,4.62443e-06,0.237603,0.134655,1.76453,0
2,4,8,10.0,2.48389e-07,2.70366e-07,4.54431e-06,0.237241,0.134635,1.7621,0
3,4,8,10.0,1.30137e-07,1.60562e-07,4.38814e-06,0.237073,0.134628,1.76094,0
4,4,8,10.0,3.2733e-08,7.77623e-08,4.16847e-06,0.236994,0.134626,1.76038,0
5,4,8,10.0,-4.4256e-08,1.27261e-08,3.89427e-06,0.236957,0.134626,1.76011,0
6,4,8,10.0,-1.03346e-07,-3.45175e-08,3.57249e-06,0.23694,0.134626,1.75999,0
7,4,8,10.0,-1.47791e-07,-6.96072e-08,3.20879e-06,0.236932,0.134626,1.75992,0
8,4,8,10.0,-1.82544e-07,-9.13558e-08,2.80662e-06,0.236929,0.134627,1.75989,0
9,4,8,10.0,-2.07948e-07,-1.08178e-07,2.36719e-06,0.236927,0.134627,1.75988,0
10,4,8,10.0,-2.29415e-07,-1.23198e-07,1.88952e-06,0.236926,0.134627,1.75987,0
11,4,8,10.0,-2.38134e-07,-1.56787e-07,1.36969e-06,0.236926,0.134627,1.75987,0
12,4,8,10.0,-2.49325e-07,-1.71844e-07,8.1688e-07,0.236925,0.134627,1.75987,0
13,4,8,10.0,-2.56875e-07,-1.92092e-07,2.42678e-07,0.236925,0.134627,1.75987,0
14,4,8,10.0,-3.27037e-07,-3.5904e-07,-9.14808e-07,0.237594,0.134653,1.7645,0
15,4,8,10.0,-3.4362e-07,-3.63697e-07,-1.43162e-06,0.237237,0.134634,1.76209,0
16,4,8,10.0,-3.64432e-07,-3.72433e-07,-1.88672e-06,0.237071,0.134628,1.76093,0
17,4,8,10.0,-3.82284e-07,-4.08565e-07,-2.27553e-06,0.236993,0.134626,1.76038,0
18,4,8,10.0,-4.03472e-07,-4.52602e-07,-2.58777e-06,0.236957,0.134626,1.76011,0
19,4,8,10.0,-4.21577e-07,-5.0569e-07,-2.81523e-06,0.23694,0.134626,1.75998,0
20,4,8,10.0,-4.38282e-07,-5.6752e-07,-2.9382e-06,0.236932,0.134626,1.75992,0
21,4,8,10.0,-4.64226e-07,-6.56823e-07,-2.92666e-06,0.236928,0.134627,1.75989,0
22,4,8,10.0,-4.96006e-07,-7.71859e-07,-2.74127e-06,0.236927,0.134627,1.75988,0
23,4,8,10.0,-5.39786e-07,-9.02235e-07,-2.33689e-06,0.236926,0.134627,1.75987,0
0,5,8,10.0,-1.28484e-07,-1.28066e-07,3.57967e-06,0.238378,0.134708,1.76959,0
1,5,8,10.0,4.95782e-07,4.56941e-07,3.61271e-06,0.237603,0.134655,1.76453,0
2,5,8,10.0,3.19739e-07,2.96447e-07,3.51714e-06,0.237241,0.134635,1.7621,0
3,5,8,10.0,1.74085e-07,1.72062e-07,3.33099e-06,0.237073,0.134628,1.76094,0
4,5,8,10.0,5.56731e-08,7.54084e-08,3.07238e-06,0.236994,0.134626,1.76038,0
5,5,8,10.0,-3.60562e-08,5.12808e-09,2.7556e-06,0.236957,0.134626,1.76011,0
6,5,8,10.0,-1.05267e-07,-4.8504e-08,2.39356e-06,0.23694,0.134626,1.75999,0
7,5,8,10.0,-1.59462e-07,-8.42387e-08,1.99514e-06,0.236932,0.134626,1.75992,0
8,5,8,10.0,-1.99089e-07,-1.07987e-07,1.56476e-06,0.236929,0.134627,1.75989,0
9,5,8,10.0,-2.29956e-07,-1.22477e-07,1.1048e-06,0.236927,0.134627,1.75988,0
10,5,8,10.0,-2.53338e-07,-1.43164e-07,6.14281e-07,0.236926,0.134627,1.75987,0
11,5,8,10.0,-2.7297e-07,-1.57828e-07,9.31923e-08,0.236926,0.134627,1.75987,0
12,5,8,10.0,-2.74816e-07,-1.92088e-07,-4.51767e-07,0.236925,0.134627,1.75987,0
13,5,8,10.0,-2.79572e-07,-2.03543e-07,-1.01344e-06,0.236925,0.134627,1.75987,0
14,5,8,10.0,-3.72576e-07,-3.92449e-07,-2.14505e-06,0.237594,0.134653,1.7645,0
15,5,8,10.0,-3.91606e-07,-3.91009e-07,-2.64089e-06,0.237237,0.134634,1.76209,0
16,5,8,10.0,-4.13464e-07,-4.08769e-07,-3.0691e-06,0.237071,0.134628,1.76093,0
17,5,8,10.0,-4.30878e-07,-4.32011e-07,-3.41643e-06,0.236993,0.134626,1.76038,0
18,5,8,10.0,-4.58314e-07,-4.73804e-07,-3.67381e-06,0.236957,0.134626,1.76011,0
19,5,8,10.0,-4.87263e-07,-5.32005e-07,-3.8272e-06,0.23694,0.134626,1.75998,0
20,5,8,10.0,-5.15441e-07,-6.09205e-07,-3.85691e-06,0.236932,0.134626,1.75992,0
21,5,8,10.0,-5.48013e-07,-7.05028e-07,-3.73378e-06,0.236928,0.134627,1.75989,0
22,5,8,10.0,-5.93244e-07,-8.18961e-07,-3.41715e-06,0.236927,0.134627,1.75988,0
23,5,8,10.0,-6.55776e-07,-9.67559e-07,-2.85839e-06,0.236926,0.134627,1.75987,0
0,6,8,10.0,-1.55376e-07,-1.42983e-07,2.2973e-06,0.238378,0.134708,1.76959,0
1,6,8,10.0,5.95971e-07,5.11013e-07,2.35398e-06,0.237603,0.134655,1.76453,0
2,6,8,10.0,3.86448e-07,3.23514e-07,2.23904e-06,0.237241,0.134635,1.7621,0
3,6,8,10.0,2.1206e-07,1.77245e-07,2.01326e-06,0.237073,0.134628,1.76094,0
4,6,8,10.0,7.29611e-08,6.84281e-08,1.70381e-06,0.236994,0.134626,1.76038,0
5,6,8,10.0,-3.18807e-08,-1.46915e-08,1.33101e-06,0.236957,0.134626,1.76011,0
6,6,8,10.0,-1.09843e-07,-7.28117e-08,9.15802e-07,0.23694,0.134626,1.75999,0
7,6,8,10.0,-1.70561e-07,-1.13772e-07,4.71002e-07,0.236932,0.134626,1.75992,0
8,6,8,10.0,-2.14154e-07,-1.36562e-07,2.71178e-09,0.236929,0.134627,1.75989,0
9,6,8,10.0,-2.49654e-07,-1.51249e-07,-4.85108e-07,0.236927,0.134627,1.75988,0
10,6,8,10.0,-2.78555e-07,-1.65221e-07,-9.90911e-07,0.236926,0.134627,1.75987,0
11,6,8,10.0,-2.86659e-07,-1.95986e-07,-1.5184e-06,0.236926,0.134627,1.75987,0
12,6,8,10.0,-3.09325e-07,-2.12198e-07,-2.06326e-06,0.236925,0.134627,1.75987,0
13,6,8,10.0,-3.21992e-07,-2.33347e-07,-2.62139e-06,0.236925,0.134627,1.75987,0
14,6,8,10.0,-4.25809e-07,-4.11748e-07,-3.73164e-06,0.237594,0.134653,1.7645,0
15,6,8,10.0,-4.402e-07,-4.241e-07,-4.20849e-06,0.237237,0.134634,1.76209,0
16,6,8,10.0,-4.53505e-07,-4.28632e-07,-4.60005e-06,0.237071,0.134628,1.76093,0
17,6,8,10.0,-4.83083e-07,-4.61047e-07,-4.89365e-06,0.236993,0.134626,1.76038,0
18,6,8,10.0,-5.15276e-07,-5.08235e-07,-5.07891e-06,0.236957,0.134626,1.76011,0
19,6,8,10.0,-5.4959e-07,-5.70909e-07,-5.14036e-06,0.23694,0.134626,1.75998,0
20,6,8,10.0,-5.88467e-07,-6.51703e-07,-5.05444e-06,0.236932,0.134626,1.75992,0
21,6,8,10.0,-6.3237e-07,-7.55643e-07,-4.78923e-06,0.236928,0.134627,1.75989,0
22,6,8,10.0,-6.91647e-07,-8.87358e-07,-4.30416e-06,0.236927,0.134627,1.75988,0
23,6,8,10.0,-7.70862e-07,-1.04519e-06,-3.54731e-06,0.236926,0.134627,1.75987,0
0,7,8,10.0,-1.73284e-07,-1.60725e-07,8.03168e-07,0.238378,0.134708,1.76959,0
1,7,8,10.0,7.1423e-07,5.79059e-07,8.68118e-07,0.237603,0.134655,1.76453,0
2,7,8,10.0,4.73412e-07,3.64163e-07,7.26795e-07,0.237241,0.134635,1.7621,0
3,7,8,10.0,2.70126e-07,2.00211e-07,4.52457e-07,0.237073,0.134628,1.76094,0
4,7,8,10.0,1.10358e-07,7.05571e-08,7.97902e-08,0.236994,0.134626,1.76038,0
5,7,8,10.0,1.06485e-09,-1.86328e-08,-3.61065e-07,0.236957,0.134626,1.76011,0
6,7,8,10.0,-8.07503e-08,-8.46073e-08,-8.4049e-07,0.23694,0.134626,1.75999,0
7,7,8,10.0,-1.47571e-07,-1.26444e-07,-1.34265e-06,0.236932,0.134626,1.75992,0
8,7,8,10.0,-1.95031e-07,-1.51845e-07,-1.85925e-06,0.236929,0.134627,1.75989,0
9,7,8,10.0,-2.22927e-07,-1.65705e-07,-2.37849e-06,0.236927,0.134627,1.75988,0
10,7,8,10.0,-2.57587e-07,-1.74801e-07,-2.8991e-06,0.236926,0.134627,1.75987,0
11,7,8,10.0,-2.85973e-07,-1.93694e-07,-3.44126e-06,0.236926,0.134627,1.75987,0
12,7,8,10.0,-2.99638e-07,-2.27094e-07,-4.00006e-06,0.236925,0.134627,1.75987,0
13,7,8,10.0,-3.09462e-07,-2.35726e-07,-4.56798e-06,0.236925,0.134627,1.75987,0
14,7,8,10.0,-4.47768e-07,-4.42267e-07,-5.67441e-06,0.237594,0.134653,1.7645,0
15,7,8,10.0,-4.43577e-07,-4.33571e-07,-6.1236e-06,0.237237,0.134634,1.76209,0
16,7,8,10.0,-4.65359e-07,-4.53642e-07,-6.4711e-06,0.237071,0.134628,1.76093,0
17,7,8,10.0,-5.06259e-07,-4.81213e-07,-6.70336e-06,0.236993,0.134626,1.76038,0
18,7,8,10.0,-5.40312e-07,-5.2688e-07,-6.80031e-06,0.236957,0.134626,1.76011,0
19,7,8,10.0,-5.83894e-07,-5.96462e-07,-6.74637e-06,0.23694,0.134626,1.75998,0
20,7,8,10.0,-6.30514e-07,-6.91015e-07,-6.51848e-06,0.236932,0.134626,1.75992,0
21,7,8,10.0,-6.8981e-07,-8.08218e-07,-6.08316e-06,0.236928,0.134627,1.75989,0
22,7,8,10.0,-7.67086e-07,-9.47646e-07,-5.39508e-06,0.236927,0.134627,1.75988,0
23,7,8,10.0,-8.61122e-07,-1.12632e-06,-4.39365e-06,0.236926,0.134627,1.75987,0
0,8,8,10.0,-2.02406e-07,-1.82747e-07,-9.25571e-07,0.238378,0.134708,1.76959,0
1,8,8,10.0,8.2579e-07,6.60566e-07,-8.4666e-07,0.237603,0.134655,1.76453,0
2,8,8,10.0,5.40614e-07,4.24249e-07,-1.02033e-06,0.237241,0.134635,1.7621,0
3,8,8,10.0,3.12424e-07,2.29168e-07,-1.3569e-06,0.237073,0.134628,1.76094,0
4,8,8,10.0,1.39173e-07,9.08912e-08,-1.80814e-06,0.236994,0.134626,1.76038,0
5,8,8,10.0,2.32586e-08,-1.07447e-08,-2.33079e-06,0.236957,0.134626,1.76011,0
6,8,8,10.0,-7.83764e-08,-7.61023e-08,-2.89345e-06,0.23694,0.134626,1.75999,0
7,8,8,10.0,-1.38544e-07,-1.27148e-07,-3.46711e-06,0.236932,0.134626,1.75992,0
8,8,8,10.0,-1.83434e-07,-1.50413e-07,-4.04989e-06,0.236929,0.134627,1.75989,0
9,8,8,10.0,-2.04664e-07,-1.64592e-07,-4.60986e-06,0.236927,0.134627,1.75988,0
10,8,8,10.0,-2.33755e-07,-1.80645e-07,-5.13984e-06,0.236926,0.134627,1.75987,0
11,8,8,10.0,-2.38236e-07,-2.10089e-07,-5.71617e-06,0.236926,0.134627,1.75987,0
12,8,8,10.0,-2.70794e-07,-2.32508e-07,-6.30778e-06,0.236925,0.134627,1.75987,0
13,8,8,10.0,-2.96894e-07,-2.49476e-07,-6.89927e-06,0.236925,0.134627,1.75987,0
14,8,8,10.0,-4.17669e-07,-4.28461e-07,-7.98849e-06,0.237594,0.134653,1.7645,0
15,8,8,10.0,-4.34204e-07,-4.23056e-07,-8.40077e-06,0.237237,0.134634,1.76209,0
16,8,8,10.0,-4.58902e-07,-4.32312e-07,-8.69046e-06,0.237071,0.134628,1.76093,0
17,8,8,10.0,-4.88434e-07,-4.68874e-07,-8.84152e-06,0.236993,0.134626,1.76038,0
18,8,8,10.0,-5.46391e-07,-5.21827e-07,-8.83217e-06,0.236957,0.134626,1.76011,0
19,8,8,10.0,-6.0286e-07,-6.00321e-07,-8.64379e-06,0.23694,0.134626,1.75998,0
20,8,8,10.0,-6.70253e-07,-7.04412e-07,-8.25119e-06,0.236932,0.134626,1.75992,0
21,8,8,10.0,-7.47352e-07,-8.35336e-07,-7.61708e-06,0.236928,0.134627,1.75989,0
22,8,8,10.0,-8.36905e-07,-9.97165e-07,-6.68941e-06,0.236927,0.134627,1.75988,0
23,8,8,10.0,-9.58267e-07,-1.19483e-06,-5.40054e-06,0.236926,0.134627,1.75987,0
0,9,8,10.0,-2.3834e-07,-1.9465e-07,-2.92824e-06,0.238387,0.13471,1.76963,0
1,9,8,10.0,9.08188e-07,7.61984e-07,-2.82846e-06,0.237621,0.13466,1.7646,0
2,9,8,10.0,5.92693e-07,4.66795e-07,-3.04811e-06,0.237265,0.134641,1.7622,0
3,9,8,10.0,3.19423e-07,2.53253e-07,-3.47362e-06,0.2371,0.134636,1.76105,0
4,9,8,10.0,1.20087e-07,8.5886e-08,-4.02921e-06,0.237024,0.134634,1.7605,0
5,9,8,10.0,-2.63558e-08,-1.88591e-08,-4.65956e-06,0.236988,0.134634,1.76024,0
6,9,8,10.0,-8.58617e-08,-1.091e-07,-5.324e-06,0.236972,0.134634,1.76012,0
7,9,8,10.0,-1.96114e-07,-1.6047e-07,-6.00084e-06,0.236965,0.134635,1.76006,0
8,9,8,10.0,-2.06395e-07,-1.83282e-07,-6.67759e-06,0.236952,0.134632,1.75999,0
9,9,8,10.0,-2.76784e-07,-2.04997e-07,-7.3333e-06,0.238369,0.134705,1.76956,0
10,9,8,10.0,-5.03654e-07,-5.01436e-07,-7.96993e-06,0.237612,0.134657,1.76457,0
11,9,8,10.0,-5.02168e-07,-4.83765e-07,-8.60534e-06,0.237261,0.13464,1.76218,0
12,9,8,10.0,-5.04791e-07,-4.8578e-07,-9.23251e-06,0.237099,0.134635,1.76104,0
13,9,8,10.0,-4.9009e-07,-4.79757e-07,-9.83353e-06,0.237023,0.134634,1.7605,0
14,9,8,10.0,-6.12322e-07,-7.93171e-07,-1.08604e-05,0.237612,0.134657,1.76457,0
15,9,8,10.0,-5.91088e-07,-7.37418e-07,-1.11898e-05,0.237261,0.13464,1.76218,0
16,9,8,10.0,-5.73733e-07,-7.05351e-07,-1.1379e-05,0.237098,0.134635,1.76104,0
17,9,8,10.0,-5.99307e-07,-7.0204e-07,-1.14078e-05,0.237023,0.134634,1.7605,0
18,9,8,10.0,-6.40779e-07,-7.35021e-07,-1.12571e-05,0.236988,0.134634,1.76024,0
19,9,8,10.0,-7.01897e-07,-7.99195e-07,-1.09037e-05,0.236972,0.134634,1.76011,0
20,9,8,10.0,-7.68716e-07,-8.93573e-07,-1.03132e-05,0.236964,0.134635,1.76005,0
21,9,8,10.0,-8.46482e-07,-1.01877e-06,-9.44234e-06,0.236961,0.134635,1.76003,0
22,9,8,10.0,-9.42185e-07,-1.17586e-06,-8.22942e-06,0.236959,0.134635,1.76001,0
23,9,8,10.0,-1.06651e-06,-1.38507e-06,-6.59981e-06,0.236959,0.134635,1.76001,0
0,10,8,10.0,-2.78309e-07,-2.53688e-07,-5.20963e-06,0.238378,0.134708,1.7696,0
1,10,8,10.0,1.00781e-06,8.58991e-07,-5.07173e-06,0.237603,0.134655,1.76453,0
2,10,8,10.0,6.26437e-07,5.4865e-07,-5.35202e-06,0.237241,0.134635,1.7621,0
3,10,8,10.0,3.42574e-07,2.90899e-07,-5.88086e-06,0.237073,0.134629,1.76094,0
4,10,8,10.0,1.32769e-07,1.10083e-07,-6.56053e-06,0.236994,0.134627,1.76038,0
5,10,8,10.0,9.71362e-09,-5.32518e-09,-7.31441e-06,0.236957,0.134626,1.76011,0
6,10,8,10.0,-1.07193e-07,-7.733e-08,-8.09899e-06,0.23694,0.134626,1.75999,0
7,10,8,10.0,-1.86627e-07,-1.4728e-07,-8.89939e-06,0.236933,0.134627,1.75992,0
8,10,8,10.0,-2.17013e-07,-1.69563e-07,-9.69252e-06,0.236919,0.134624,1.75986,0
9,10,8,10.0,-2.56342e-07,-1.96075e-07,-1.04776e-05,0.238359,0.134703,1.76952,0
10,10,8,10.0,-5.34636e-07,-4.76964e-07,-1.1267e-05,0.237594,0.134653,1.7645,0
11,10,8,10.0,-5.3216e-07,-4.48185e-07,-1.19851e-05,0.237237,0.134634,1.76209,0
12,10,8,10.0,-5.13754e-07,-4.48653e-07,-1.26434e-05,0.237071,0.134628,1.76093,0
13,10,8,10.0,-4.82406e-07,-4.36069e-07,-1.32356e-05,0.236993,0.134626,1.76038,0
14,10,8,10.0,-6.68366e-07,-7.98733e-07,-1.41684e-05,0.237594,0.134653,1.7645,0
15,10,8,10.0,-6.31817e-07,-7.36843e-07,-1.4399e-05,0.237237,0.134634,1.76209,0
16,10,8,10.0,-6.29749e-07,-7.01064e-07,-1.4452e-05,0.237071,0.134628,1.76093,0
17,10,8,10.0,-6.48145e-07,-7.11826e-07,-1.43295e-05,0.236993,0.134626,1.76038,0
18,10,8,10.0,-6.83807e-07,-7.47596e-07,-1.40091e-05,0.236957,0.134626,1.76011,0
19,10,8,10.0,-7.40515e-07,-8.13739e-07,-1.3462e-05,0.23694,0.134626,1.75999,0
20,10,8,10.0,-8.10422e-07,-9.21748e-07,-1.26462e-05,0.236932,0.134626,1.75992,0
21,10,8,10.0,-8.91242e-07,-1.06197e-06,-1.15025e-05,0.236929,0.134627,1.75989,0
22,10,8,10.0,-9.95848e-07,-1.23869e-06,-9.96502e-06,0.236927,0.134627,1.75988,0
23,10,8,10.0,-1.13997e-06,-1.47979e-06,-7.94981e-06,0.236926,0.134627,1.75987,0
0,11,8,10.0,-3.10117e-07,-2.93909e-07,-7.75728e-06,0.238378,0.134708,1.76959,0
1,11,8,10.0,1.02169e-06,9.90125e-07,-7.52981e-06,0.237603,0.134655,1.76453,0
2,11,8,10.0,6.34931e-07,5.97566e-07,-7.86109e-06,0.237241,0.134635,1.7621,0
3,11,8,10.0,3.60217e-07,3.16213e-07,-8.49446e-06,0.237073,0.134628,1.76094,0
4,11,8,10.0,1.4167e-07,1.39481e-07,-9.29721e-06,0.236994,0.134626,1.76038,0
5,11,8,10.0,8.61636e-09,1.22835e-08,-1.01756e-05,0.236957,0.134626,1.76011,0
6,11,8,10.0,-1.02983e-07,-9.39908e-08,-1.10908e-05,0.23694,0.134626,1.75999,0
7,11,8,10.0,-1.87827e-07,-1.78042e-07,-1.20168e-05,0.236932,0.134626,1.75992,0
8,11,8,10.0,-2.18463e-07,-1.66276e-07,-1.29432e-05,0.236919,0.134624,1.75986,0
9,11,8,10.0,-2.91173e-07,-2.10801e-07,-1.38727e-05,0.238359,0.134703,1.76952,0
10,11,8,10.0,-6.27635e-07,-5.16516e-07,-1.48003e-05,0.237594,0.134653,1.7645,0
11,11,8,10.0,-5.91955e-07,-4.84891e-07,-1.56054e-05,0.237237,0.134634,1.76209,0
12,11,8,10.0,-5.81065e-07,-4.78596e-07,-1.63024e-05,0.237071,0.134628,1.76093,0
13,11,8,10.0,-5.55575e-07,-4.49725e-07,-1.68958e-05,0.236993,0.134626,1.76038,0
14,11,8,10.0,-7.92415e-07,-8.73354e-07,-1.77562e-05,0.237594,0.134653,1.7645,0
15,11,8,10.0,-7.47354e-07,-7.78383e-07,-1.78922e-05,0.237237,0.134634,1.76209,0
16,11,8,10.0,-7.38277e-07,-7.55183e-07,-1.78127e-05,0.237071,0.134628,1.76093,0
17,11,8,10.0,-7.25764e-07,-7.28762e-07,-1.7527e-05,0.236993,0.134626,1.76038,0
18,11,8,10.0,-7.73975e-07,-7.74717e-07,-1.70226e-05,0.236957,0.134626,1.76011,0
19,11,8,10.0,-8.12894e-07,-8.64277e-07,-1.62674e-05,0.23694,0.134626,1.75998,0
20,11,8,10.0,-8.7164e-07,-9.74066e-07,-1.52049e-05,0.236932,0.134626,1.75992,0
21,11,8,10.0,-9.61387e-07,-1.12153e-06,-1.37682e-05,0.236928,0.134627,1.75989,0
22,11,8,10.0,-1.07176e-06,-1.33406e-06,-1.18785e-05,0.236927,0.134627,1.75988,0
23,11,8,10.0,-1.21486e-06,-1.59776e-06,-9.44274e-06,0.236926,0.134627,1.75987,0
0,12,8,10.0,-3.17241e-07,-3.24656e-07,-1.04032e-05,0.238378,0.134708,1.76959,0
1,12,8,10.0,1.00642e-06,1.07619e-06,-1.00869e-05,0.237603,0.134655,1.76453,0
2,12,8,10.0,6.50146e-07,6.60261e-07,-1.0466e-05,0.237241,0.134635,1.7621,0
3,12,8,10.0,3.60032e-07,3.70591e-07,-1.11956e-05,0.237073,0.134628,1.76094,0
4,12,8,10.0,1.42985e-07,1.63758e-07,-1.21218e-05,0.236994,0.134626,1.76038,0
5,12,8,10.0,-1.7715e-10,1.673e-08,-1.31236e-05,0.236957,0.134626,1.76011,0
6,12,8,10.0,-9.61058e-08,-9.02014e-08,-1.4162e-05,0.23694,0.134626,1.75999,0
7,12,8,10.0,-2.00332e-07,-1.82324e-07,-1.52183e-05,0.236932,0.134626,1.75992,0
8,12,8,10.0,-2.36859e-07,-1.62998e-07,-1.62732e-05,0.236919,0.134624,1.75986,0
9,12,8,10.0,-3.28728e-07,-2.0899e-07,-1.73532e-05,0.238359,0.134703,1.76952,0
10,12,8,10.0,-6.60213e-07,-5.70525e-07,-1.84299e-05,0.237594,0.134653,1.7645,0
11,12,8,10.0,-6.33238e-07,-5.35759e-07,-1.93195e-05,0.237237,0.134634,1.76209,0
12,12,8,10.0,-6.40681e-07,-5.16197e-07,-2.00675e-05,0.237071,0.134628,1.76093,0
13,12,8,10.0,-6.32828e-07,-4.92164e-07,-2.06817e-05,0.236993,0.134626,1.76038,0
14,12,8,10.0,-8.41273e-07,-9.21988e-07,-2.14863e-05,0.237594,0.134653,1.7645,0
15,12,8,10.0,-7.85228e-07,-8.40988e-07,-2.1525e-05,0.237237,0.134634,1.76209,0
16,12,8,10.0,-7.51891e-07,-7.8857e-07,-2.13273e-05,0.23707,0.134628,1.76093,0
17,12,8,10.0,-7.96926e-07,-7.92511e-07,-2.08936e-05,0.236993,0.134626,1.76038,0
18,12,8,10.0,-8.28225e-07,-8.27927e-07,-2.02224e-05,0.236957,0.134626,1.76011,0
19,12,8,10.0,-8.49935e-07,-9.03346e-07,-1.92594e-05,0.23694,0.134626,1.75998,0
20,12,8,10.0,-9.11665e-07,-1.03342e-06,-1.79482e-05,0.236932,0.134626,1.75992,0
21,12,8,10.0,-9.99356e-07,-1.21016e-06,-1.62122e-05,0.236928,0.134627,1.75989,0
22,12,8,10.0,-1.10448e-06,-1.43082e-06,-1.39563e-05,0.236927,0.134627,1.75988,0
23,12,8,10.0,-1.24934e-06,-1.71726e-06,-1.1071e-05,0.236926,0.134627,1.75987,0
0,13,8,10.0,-2.41999e-07,-3.54081e-07,-1.53e-05,0.238378,0.134708,1.76959,0
1,13,8,10.0,9.3056e-07,1.25565e-06,-1.48616e-05,0.237603,0.134655,1.76453,0
2,13,8,10.0,5.87936e-07,7.92139e-07,-1.5343e-05,0.237241,0.134635,1.7621,0
3,13,8,10.0,3.29195e-07,4.35607e-07,-1.62677e-05,0.237073,0.134628,1.76094,0
4,13,8,10.0,1.31533e-07,2.10454e-07,-1.74283e-05,0.236994,0.134626,1.76038,0
5,13,8,10.0,-1.38834e-08,4.92121e-08,-1.86875e-05,0.236957,0.134626,1.76011,0
6,13,8,10.0,-1.42226e-07,-6.22568e-08,-1.99786e-05,0.23694,0.134626,1.75999,0
7,13,8,10.0,-2.48208e-07,-1.16922e-07,-2.12775e-05,0.236932,0.134626,1.75992,0
8,13,8,10.0,-3.62535e-07,-1.61142e-07,-2.2553e-05,0.236929,0.134627,1.75989,0
9,13,8,10.0,-3.54519e-07,-1.72668e-07,-2.37793e-05,0.236935,0.134629,1.75991,0
10,13,8,10.0,-4.57188e-07,-1.66253e-07,-2.49465e-05,0.236934,0.134629,1.75991,0
11,13,8,10.0,-5.46135e-07,-2.1864e-07,-2.59267e-05,0.236931,0.134628,1.75989,0
12,13,8,10.0,-5.57222e-07,-2.11281e-07,-2.67331e-05,0.236929,0.134628,1.75988,0
13,13,8,10.0,-5.4597e-07,-1.87504e-07,-2.73533e-05,0.236927,0.134627,1.75988,0
14,13,8,10.0,-7.55534e-07,-4.37103e-07,-2.81927e-05,0.237612,0.134657,1.76457,0
15,13,8,10.0,-7.67665e-07,-4.49051e-07,-2.82245e-05,0.237261,0.13464,1.76218,0
16,13,8,10.0,-7.94087e-07,-4.70428e-07,-2.79629e-05,0.237098,0.134635,1.76104,0
17,13,8,10.0,-7.91698e-07,-5.14486e-07,-2.73838e-05,0.237006,0.134629,1.76043,0
18,13,8,10.0,-7.70609e-07,-5.65376e-07,-2.64532e-05,0.236963,0.134627,1.76014,0
19,13,8,10.0,-8.05451e-07,-7.25328e-07,-2.51417e-05,0.236943,0.134627,1.76,0
20,13,8,10.0,-8.36743e-07,-9.10097e-07,-2.33873e-05,0.236933,0.134627,1.75993,0
21,13,8,10.0,-9.11776e-07,-1.12594e-06,-2.1098e-05,0.236929,0.134627,1.7599,0
22,13,8,10.0,-1.01452e-06,-1.41241e-06,-1.81581e-05,0.236927,0.134627,1.75988,0
23,13,8,10.0,-1.14757e-06,-1.77015e-06,-1.44186e-05,0.236926,0.134627,1.75987,0
0,14,8,10.0,-1.96194e-07,-3.55969e-07,-1.72566e-05,0.238378,0.134708,1.76959,0
1,14,8,10.0,7.88823e-07,1.32125e-06,-1.68296e-05,0.237603,0.134655,1.76453,0
2,14,8,10.0,4.97748e-07,7.92695e-07,-1.73642e-05,0.237241,0.134635,1.7621,0
3,14,8,10.0,2.9257e-07,4.5722e-07,-1.83723e-05,0.237073,0.134628,1.76094,0
4,14,8,10.0,1.20456e-07,2.23361e-07,-1.96345e-05,0.236994,0.134626,1.76038,0
5,14,8,10.0,-1.73627e-08,7.31414e-08,-2.10124e-05,0.236957,0.134626,1.76011,0
6,14,8,10.0,-1.72144e-07,-5.14626e-08,-2.24226e-05,0.23694,0.134626,1.75999,0
7,14,8,10.0,-2.42159e-07,-1.26322e-07,-2.38063e-05,0.236932,0.134626,1.75992,0
8,14,8,10.0,-3.33657e-07,-1.45901e-07,-2.5131e-05,0.236929,0.134627,1.75989,0
9,14,8,10.0,-3.27345e-07,-1.6678e-07,-2.63346e-05,0.236927,0.134627,1.75988,0
10,14,8,10.0,-4.69808e-07,-2.13037e-07,-2.74386e-05,0.236926,0.134627,1.75987,0
11,14,8,10.0,-5.10321e-07,-1.99922e-07,-2.83996e-05,0.236926,0.134627,1.75987,0
12,14,8,10.0,-5.20979e-07,-2.15162e-07,-2.91942e-05,0.236925,0.134627,1.75987,0
13,14,8,10.0,-5.51833e-07,-1.69682e-07,-2.98211e-05,0.236925,0.134627,1.75987,0
14,14,8,10.0,-6.75725e-07,-4.82137e-07,-3.0679e-05,0.237594,0.134653,1.7645,0
15,14,8,10.0,-6.76731e-07,-4.20196e-07,-3.07436e-05,0.237237,0.134634,1.76209,0
16,14,8,10.0,-6.63749e-07,-4.74609e-07,-3.05019e-05,0.237071,0.134628,1.76093,0
17,14,8,10.0,-6.38395e-07,-4.81165e-07,-2.9907e-05,0.236993,0.134626,1.76038,0
18,14,8,10.0,-6.82914e-07,-6.06285e-07,-2.89172e-05,0.236957,0.134626,1.76011,0
19,14,8,10.0,-6.87267e-07,-7.16929e-07,-2.75051e-05,0.23694,0.134626,1.75999,0
20,14,8,10.0,-7.34988e-07,-9.22676e-07,-2.55971e-05,0.236932,0.134626,1.75992,0
21,14,8,10.0,-7.94126e-07,-1.15622e-06,-2.31097e-05,0.236928,0.134627,1.75989,0
22,14,8,10.0,-8.75575e-07,-1.45085e-06,-1.99121e-05,0.236927,0.134627,1.75988,0
23,14,8,10.0,-9.78108e-07,-1.80701e-06,-1.58321e-05,0.236926,0.134627,1.75987,0
0,15,8,10.0,-1.38147e-07,-4.23308e-07,-1.88679e-05,0.238378,0.134708,1.76959,0
1,15,8,10.0,6.20797e-07,1.31165e-06,-1.8417e-05,0.237603,0.134655,1.76453,0
2,15,8,10.0,4.44683e-07,8.22059e-07,-1.89853e-05,0.237241,0.134635,1.7621,0
3,15,8,10.0,2.60397e-07,4.88908e-07,-2.00477e-05,0.237073,0.134628,1.76094,0
4,15,8,10.0,1.06395e-07,2.24489e-07,-2.13879e-05,0.236994,0.134626,1.76038,0
5,15,8,10.0,-4.12154e-08,6.12153e-08,-2.28559e-05,0.236957,0.134626,1.76011,0
6,15,8,10.0,-1.05014e-07,-4.48054e-08,-2.43436e-05,0.23694,0.134626,1.75999,0
7,15,8,10.0,-2.26085e-07,-1.00891e-07,-2.57759e-05,0.236932,0.134626,1.75992,0
8,15,8,10.0,-2.69637e-07,-1.59734e-07,-2.7108e-05,0.236929,0.134627,1.75989,0
9,15,8,10.0,-3.49706e-07,-2.05252e-07,-2.8304e-05,0.236927,0.134627,1.75988,0
10,15,8,10.0,-3.8385e-07,-2.0722e-07,-2.93758e-05,0.236926,0.134627,1.75987,0
11,15,8,10.0,-4.30923e-07,-2.38389e-07,-3.02955e-05,0.236926,0.134627,1.75987,0
12,15,8,10.0,-4.80747e-07,-2.19864e-07,-3.10644e-05,0.236925,0.134627,1.75987,0
13,15,8,10.0,-4.81456e-07,-2.00183e-07,-3.16806e-05,0.236925,0.134627,1.75987,0
14,15,8,10.0,-5.99142e-07,-4.81068e-07,-3.25282e-05,0.237594,0.134653,1.7645,0
15,15,8,10.0,-6.01657e-07,-4.8274e-07,-3.25793e-05,0.237237,0.134634,1.76209,0
16,15,8,10.0,-5.76681e-07,-4.84585e-07,-3.23346e-05,0.237071,0.134628,1.76093,0
17,15,8,10.0,-5.6758e-07,-5.38256e-07,-3.17278e-05,0.236993,0.134626,1.76038,0
18,15,8,10.0,-5.66165e-07,-6.13964e-07,-3.07152e-05,0.236957,0.134626,1.76011,0
19,15,8,10.0,-5.83889e-07,-7.64761e-07,-2.92409e-05,0.23694,0.134626,1.75998,0
20,15,8,10.0,-6.10245e-07,-9.49123e-07,-2.72387e-05,0.236932,0.134626,1.75992,0
21,15,8,10.0,-6.5079e-07,-1.17315e-06,-2.46141e-05,0.236928,0.134627,1.75989,0
22,15,8,10.0,-7.0896e-07,-1.47002e-06,-2.12299e-05,0.236927,0.134627,1.75988,0
23,15,8,10.0,-7.64824e-07,-1.85229e-06,-1.6896e-05,0.236926,0.134627,1.75987,0
0,16,8,10.0,-5.81773e-08,-3.38461e-07,-2.00336e-05,0.238378,0.134708,1.76959,0
1,16,8,10.0,4.65292e-07,1.33501e-06,-1.95536e-05,0.237603,0.134655,1.76453,0
2,16,8,10.0,3.17368e-07,8.43225e-07,-2.01314e-05,0.237241,0.134635,1.7621,0
3,16,8,10.0,1.66472e-07,4.76078e-07,-2.12277e-05,0.237073,0.134628,1.76094,0
4,16,8,10.0,5.17033e-08,2.46194e-07,-2.26095e-05,0.236994,0.134626,1.76038,0
5,16,8,10.0,-3.42674e-08,7.61611e-08,-2.41151e-05,0.236957,0.134626,1.76011,0
6,16,8,10.0,-1.44668e-07,-1.25842e-08,-2.56263e-05,0.23694,0.134626,1.75999,0
7,16,8,10.0,-2.15777e-07,-1.02412e-07,-2.70736e-05,0.236932,0.134626,1.75992,0
8,16,8,10.0,-2.86254e-07,-1.54361e-07,-2.84021e-05,0.236929,0.134627,1.75989,0
9,16,8,10.0,-3.2022e-07,-1.8886e-07,-2.95867e-05,0.236927,0.134627,1.75988,0
10,16,8,10.0,-3.69761e-07,-1.98771e-07,-3.06198e-05,0.236926,0.134627,1.75987,0
11,16,8,10.0,-4.37474e-07,-2.16747e-07,-3.15099e-05,0.236926,0.134627,1.75987,0
12,16,8,10.0,-4.71812e-07,-2.30363e-07,-3.22467e-05,0.236925,0.134627,1.75987,0
13,16,8,10.0,-5.07721e-07,-1.77437e-07,-3.28331e-05,0.236925,0.134627,1.75987,0
14,16,8,10.0,-5.52988e-07,-4.76748e-07,-3.36275e-05,0.237594,0.134653,1.7645,0
15,16,8,10.0,-5.83264e-07,-4.67817e-07,-3.36509e-05,0.237237,0.134634,1.76209,0
16,16,8,10.0,-5.04939e-07,-4.82327e-07,-3.33731e-05,0.237071,0.134628,1.76093,0
17,16,8,10.0,-4.9459e-07,-5.50034e-07,-3.27616e-05,0.236993,0.134626,1.76038,0
18,16,8,10.0,-5.33313e-07,-6.20735e-07,-3.17608e-05,0.236957,0.134626,1.76011,0
19,16,8,10.0,-5.25662e-07,-7.4743e-07,-3.02579e-05,0.23694,0.134626,1.75998,0
20,16,8,10.0,-5.40682e-07,-9.2365e-07,-2.81976e-05,0.236932,0.134626,1.75992,0
21,16,8,10.0,-5.59937e-07,-1.15911e-06,-2.54905e-05,0.236928,0.134627,1.75989,0
22,16,8,10.0,-5.67899e-07,-1.44924e-06,-2.19965e-05,0.236927,0.134627,1.75988,0
23,16,8,10.0,-5.83899e-07,-1.82292e-06,-1.75193e-05,0.236926,0.134627,1.75987,0
0,17,8,10.0,-1.12451e-08,-4.16564e-07,-2.06105e-05,0.238387,0.13471,1.76963,0
1,17,8,10.0,2.8797e-07,1.30278e-06,-2.01977e-05,0.237621,0.13466,1.7646,0
2,17,8,10.0,2.22863e-07,7.86175e-07,-2.07728e-05,0.237265,0.134641,1.7622,0
3,17,8,10.0,1.50569e-07,4.49603e-07,-2.18622e-05,0.2371,0.134636,1.76105,0
4,17,8,10.0,6.99321e-08,1.98935e-07,-2.32254e-05,0.237024,0.134634,1.7605,0
5,17,8,10.0,-6.6326e-09,5.55299e-08,-2.47042e-05,0.236988,0.134634,1.76024,0
6,17,8,10.0,-7.85487e-08,-9.21459e-08,-2.61921e-05,0.236972,0.134634,1.76012,0
7,17,8,10.0,-1.43008e-07,-1.57808e-07,-2.76121e-05,0.236965,0.134635,1.76006,0
8,17,8,10.0,-1.99359e-07,-2.16546e-07,-2.89128e-05,0.236961,0.134635,1.76003,0
9,17,8,10.0,-2.48659e-07,-2.38135e-07,-3.00654e-05,0.236959,0.134635,1.76001,0
10,17,8,10.0,-3.0175e-07,-2.92976e-07,-3.10671e-05,0.236959,0.134635,1.76001,0
11,17,8,10.0,-3.51904e-07,-2.99881e-07,-3.19254e-05,0.236958,0.134635,1.76,0
12,17,8,10.0,-4.06022e-07,-2.89634e-07,-3.26276e-05,0.236958,0.134635,1.76,0
13,17,8,10.0,-4.5196e-07,-2.95591e-07,-3.31697e-05,0.236958,0.134635,1.76,0
14,17,8,10.0,-4.52386e-07,-6.2416e-07,-3.38335e-05,0.237612,0.134657,1.76457,0
15,17,8,10.0,-4.50876e-07,-6.03951e-07,-3.37894e-05,0.237261,0.13464,1.76218,0
16,17,8,10.0,-3.74322e-07,-6.01147e-07,-3.34303e-05,0.237089,0.134633,1.76101,0
17,17,8,10.0,-3.52558e-07,-6.20918e-07,-3.27798e-05,0.238369,0.134705,1.76956,0
18,17,8,10.0,-2.35946e-07,-8.48822e-07,-3.18026e-05,0.237612,0.134657,1.76457,0
19,17,8,10.0,-2.58826e-07,-9.26156e-07,-3.02845e-05,0.237261,0.13464,1.76218,0
20,17,8,10.0,-2.73515e-07,-1.08407e-06,-2.82015e-05,0.237098,0.134635,1.76104,0
21,17,8,10.0,-2.68506e-07,-1.25542e-06,-2.54725e-05,0.237023,0.134634,1.7605,0
22,17,8,10.0,-2.50134e-07,-1.53447e-06,-2.19568e-05,0.236988,0.134634,1.76024,0
23,17,8,10.0,-2.21365e-07,-1.89637e-06,-1.74724e-05,0.236972,0.134634,1.76011,0
0,18,8,10.0,4.23681e-08,-3.71585e-07,-2.07649e-05,0.238378,0.134708,1.7696,0
1,18,8,10.0,1.53228e-07,1.24715e-06,-2.04212e-05,0.237603,0.134655,1.76453,0
2,18,8,10.0,1.62636e-07,8.00383e-07,-2.09675e-05,0.237241,0.134635,1.7621,0
3,18,8,10.0,1.14477e-07,4.74658e-07,-2.19902e-05,0.237073,0.134629,1.76094,0
4,18,8,10.0,7.74705e-08,2.32414e-07,-2.3274e-05,0.236994,0.134627,1.76038,0
5,18,8,10.0,1.8753e-08,7.38631e-08,-2.46688e-05,0.236957,0.134626,1.76011,0
6,18,8,10.0,-1.3843e-08,-1.64486e-08,-2.60785e-05,0.23694,0.134626,1.75999,0
7,18,8,10.0,-9.5067e-08,-1.07349e-07,-2.74325e-05,0.236933,0.134627,1.75992,0
8,18,8,10.0,-1.3674e-07,-1.63733e-07,-2.86748e-05,0.236929,0.134627,1.7599,0
9,18,8,10.0,-1.85525e-07,-2.05769e-07,-2.97741e-05,0.236927,0.134627,1.75988,0
10,18,8,10.0,-2.25854e-07,-1.88664e-07,-3.07317e-05,0.236926,0.134627,1.75987,0
11,18,8,10.0,-2.81814e-07,-2.26835e-07,-3.15452e-05,0.236926,0.134627,1.75987,0
12,18,8,10.0,-3.32041e-07,-2.42387e-07,-3.21985e-05,0.236926,0.134627,1.75987,0
13,18,8,10.0,-3.43875e-07,-2.03698e-07,-3.26706e-05,0.236926,0.134627,1.75987,0
14,18,8,10.0,-3.29712e-07,-4.75659e-07,-3.31213e-05,0.237594,0.134653,1.7645,0
15,18,8,10.0,-3.14706e-07,-4.83628e-07,-3.29642e-05,0.237237,0.134634,1.76209,0
16,18,8,10.0,-2.86989e-07,-4.47333e-07,-3.25027e-05,0.237061,0.134625,1.7609,0
17,18,8,10.0,-2.7054e-07,-5.6858e-07,-3.176e-05,0.23836,0.134703,1.76952,0
18,18,8,10.0,-1.02798e-07,-8.0324e-07,-3.07112e-05,0.237594,0.134653,1.7645,0
19,18,8,10.0,-9.64615e-08,-9.08726e-07,-2.9175e-05,0.237237,0.134634,1.76209,0
20,18,8,10.0,-1.03111e-07,-1.03604e-06,-2.71114e-05,0.237071,0.134628,1.76093,0
21,18,8,10.0,-7.01478e-08,-1.23328e-06,-2.44232e-05,0.236993,0.134626,1.76038,0
22,18,8,10.0,-2.86956e-08,-1.48568e-06,-2.09846e-05,0.236957,0.134626,1.76011,0
23,18,8,10.0,5.7649e-08,-1.82717e-06,-1.66277e-05,0.23694,0.134626,1.75999,0
0,19,8,10.0,4.05166e-08,-3.59687e-07,-2.0703e-05,0.238378,0.134708,1.76959,0
1,19,8,10.0,3.53717e-08,1.20019e-06,-2.0418e-05,0.237603,0.134655,1.76453,0
2,19,8,10.0,3.00842e-08,7.47305e-07,-2.09174e-05,0.237241,0.134635,1.7621,0
3,19,8,10.0,5.18029e-08,4.34229e-07,-2.18449e-05,0.237073,0.134628,1.76094,0
4,19,8,10.0,1.77846e-08,2.16272e-07,-2.30176e-05,0.236994,0.134626,1.76038,0
5,19,8,10.0,-1.56713e-08,8.44385e-08,-2.4296e-05,0.236957,0.134626,1.76011,0
6,19,8,10.0,-7.81031e-08,-4.83294e-08,-2.55975e-05,0.23694,0.134626,1.75999,0
7,19,8,10.0,-1.18587e-07,-1.21424e-07,-2.6861e-05,0.236932,0.134626,1.75992,0
8,19,8,10.0,-1.47323e-07,-1.72054e-07,-2.80254e-05,0.236929,0.134627,1.75989,0
9,19,8,10.0,-2.02748e-07,-1.814e-07,-2.90565e-05,0.236927,0.134627,1.75988,0
10,19,8,10.0,-2.63845e-07,-2.28368e-07,-2.99509e-05,0.236926,0.134627,1.75987,0
11,19,8,10.0,-2.87799e-07,-2.36734e-07,-3.07082e-05,0.236926,0.134627,1.75987,0
12,19,8,10.0,-3.17061e-07,-2.41725e-07,-3.12929e-05,0.236925,0.134627,1.75987,0
13,19,8,10.0,-3.60166e-07,-2.23544e-07,-3.16833e-05,0.236925,0.134627,1.75987,0
14,19,8,10.0,-3.40879e-07,-4.87266e-07,-3.19138e-05,0.237594,0.134653,1.7645,0
15,19,8,10.0,-3.31247e-07,-4.83505e-07,-3.16399e-05,0.237237,0.134634,1.76209,0
16,19,8,10.0,-3.32049e-07,-4.78711e-07,-3.10787e-05,0.237061,0.134625,1.76089,0
17,19,8,10.0,-2.96066e-07,-5.41453e-07,-3.0233e-05,0.238359,0.134703,1.76952,0
18,19,8,10.0,-1.38257e-07,-8.12041e-07,-2.90851e-05,0.237594,0.134653,1.7645,0
19,19,8,10.0,-1.33549e-07,-8.87999e-07,-2.75234e-05,0.237237,0.134634,1.76209,0
20,19,8,10.0,-1.03868e-07,-1.02291e-06,-2.54829e-05,0.237071,0.134628,1.76093,0
21,19,8,10.0,-5.40017e-08,-1.20364e-06,-2.28633e-05,0.236993,0.134626,1.76038,0
22,19,8,10.0,2.26153e-08,-1.44024e-06,-1.95486e-05,0.236957,0.134626,1.76011,0
23,19,8,10.0,1.29167e-07,-1.76348e-06,-1.53955e-05,0.23694,0.134626,1.75998,0
0,20,8,10.0,4.20411e-08,-3.24439e-07,-2.06056e-05,0.238378,0.134708,1.76959,0
1,20,8,10.0,-3.83448e-08,1.12001e-06,-2.03347e-05,0.237603,0.134655,1.76453,0
2,20,8,10.0,3.78335e-08,7.092e-07,-2.07783e-05,0.237241,0.134635,1.7621,0
3,20,8,10.0,2.49761e-08,4.14778e-07,-2.16101e-05,0.237073,0.134628,1.76094,0
4,20,8,10.0,2.42343e-08,2.0752e-07,-2.26687e-05,0.236994,0.134626,1.76038,0
5,20,8,10.0,-2.6963e-08,6.66738e-08,-2.38317e-05,0.236957,0.134626,1.76011,0
6,20,8,10.0,-3.78675e-08,-4.5635e-08,-2.50227e-05,0.23694,0.134626,1.75999,0
7,20,8,10.0,-7.41248e-08,-1.14006e-07,-2.61783e-05,0.236932,0.134626,1.75992,0
8,20,8,10.0,-1.03654e-07,-1.67487e-07,-2.72487e-05,0.236929,0.134627,1.75989,0
9,20,8,10.0,-1.64659e-07,-2.03871e-07,-2.8206e-05,0.236927,0.134627,1.75988,0
10,20,8,10.0,-1.8626e-07,-2.2514e-07,-2.90325e-05,0.236926,0.134627,1.75987,0
11,20,8,10.0,-2.02398e-07,-2.41577e-07,-2.97143e-05,0.236926,0.134627,1.75987,0
12,20,8,10.0,-2.40407e-07,-2.37195e-07,-3.02243e-05,0.236925,0.134627,1.75987,0
13,20,8,10.0,-2.6951e-07,-2.19857e-07,-3.05396e-05,0.236925,0.134627,1.75987,0
14,20,8,10.0,-2.55309e-07,-4.63318e-07,-3.05985e-05,0.237594,0.134653,1.7645,0
15,20,8,10.0,-2.6351e-07,-4.75162e-07,-3.02395e-05,0.237237,0.134634,1.76209,0
16,20,8,10.0,-2.66049e-07,-4.62535e-07,-2.9603e-05,0.237061,0.134625,1.76089,0
17,20,8,10.0,-2.69645e-07,-5.63522e-07,-2.8682e-05,0.238359,0.134703,1.76952,0
18,20,8,10.0,-1.22415e-07,-8.1797e-07,-2.74603e-05,0.237594,0.134653,1.7645,0
19,20,8,10.0,-9.85569e-08,-8.87723e-07,-2.58757e-05,0.237237,0.134634,1.76209,0
20,20,8,10.0,-5.23776e-08,-1.00619e-06,-2.38509e-05,0.237071,0.134628,1.76093,0
21,20,8,10.0,1.4968e-08,-1.1723e-06,-2.12983e-05,0.236993,0.134626,1.76038,0
22,20,8,10.0,9.52534e-08,-1.39436e-06,-1.81148e-05,0.236957,0.134626,1.76011,0
23,20,8,10.0,2.14278e-07,-1.6873e-06,-1.41805e-05,0.23694,0.134626,1.75998,0
0,21,8,10.0,4.55843e-08,-2.99249e-07,-2.04624e-05,0.238378,0.134708,1.76959,0
1,21,8,10.0,-3.9433e-08,1.05174e-06,-2.02003e-05,0.237603,0.134655,1.76453,0
2,21,8,10.0,2.32532e-09,6.80653e-07,-2.05913e-05,0.237241,0.134635,1.7621,0
3,21,8,10.0,2.84617e-08,4.03817e-07,-2.13419e-05,0.237073,0.134628,1.76094,0
4,21,8,10.0,2.21348e-08,2.02927e-07,-2.22959e-05,0.236994,0.134626,1.76038,0
5,21,8,10.0,2.0099e-08,6.24035e-08,-2.33507e-05,0.236957,0.134626,1.76011,0
6,21,8,10.0,-8.12698e-09,-2.9627e-08,-2.4431e-05,0.23694,0.134626,1.75999,0
7,21,8,10.0,-3.57524e-08,-1.06895e-07,-2.54871e-05,0.236932,0.134626,1.75992,0
8,21,8,10.0,-6.666e-08,-1.6384e-07,-2.64651e-05,0.236929,0.134627,1.75989,0
9,21,8,10.0,-9.32949e-08,-1.97189e-07,-2.73374e-05,0.236927,0.134627,1.75988,0
10,21,8,10.0,-1.149e-07,-2.0511e-07,-2.80839e-05,0.236926,0.134627,1.75987,0
11,21,8,10.0,-1.36628e-07,-2.28579e-07,-2.8691e-05,0.236926,0.134627,1.75987,0
12,21,8,10.0,-1.51818e-07,-2.31043e-07,-2.91308e-05,0.236925,0.134627,1.75987,0
13,21,8,10.0,-1.78475e-07,-2.02663e-07,-2.93813e-05,0.236925,0.134627,1.75987,0
14,21,8,10.0,-1.62624e-07,-4.53013e-07,-2.93255e-05,0.237594,0.134653,1.7645,0
15,21,8,10.0,-1.80495e-07,-4.57009e-07,-2.89203e-05,0.237237,0.134634,1.76209,0
16,21,8,10.0,-1.96443e-07,-4.67218e-07,-2.82436e-05,0.237061,0.134625,1.76089,0
17,21,8,10.0,-1.85701e-07,-5.4743e-07,-2.72879e-05,0.238359,0.134703,1.76952,0
18,21,8,10.0,-1.01171e-07,-7.78345e-07,-2.6037e-05,0.237594,0.134653,1.7645,0
19,21,8,10.0,-6.43407e-08,-8.57615e-07,-2.44404e-05,0.237237,0.134634,1.76209,0
20,21,8,10.0,-8.57904e-09,-9.70909e-07,-2.24316e-05,0.237071,0.134628,1.76093,0
21,21,8,10.0,5.67014e-08,-1.12577e-06,-1.99372e-05,0.236993,0.134626,1.76038,0
22,21,8,10.0,1.3644e-07,-1.33188e-06,-1.68747e-05,0.236957,0.134626,1.76011,0
23,21,8,10.0,2.4013e-07,-1.59942e-06,-1.31393e-05,0.23694,0.134626,1.75998,0
0,22,8,10.0,5.43769e-08,-2.82241e-07,-2.02686e-05,0.238378,0.134708,1.76959,0
1,22,8,10.0,-2.07008e-08,1.00843e-06,-2.00283e-05,0.237603,0.134655,1.76453,0
2,22,8,10.0,9.17746e-09,6.48472e-07,-2.03851e-05,0.237241,0.134635,1.7621,0
3,22,8,10.0,6.75123e-08,3.94855e-07,-2.10614e-05,0.237073,0.134628,1.76094,0
4,22,8,10.0,6.52223e-08,2.10615e-07,-2.19278e-05,0.236994,0.134626,1.76038,0
5,22,8,10.0,5.89224e-08,8.19985e-08,-2.28865e-05,0.236957,0.134626,1.76011,0
6,22,8,10.0,3.13227e-08,-2.46867e-08,-2.38759e-05,0.23694,0.134626,1.75999,0
7,22,8,10.0,3.27978e-08,-8.58951e-08,-2.48393e-05,0.236932,0.134626,1.75992,0
8,22,8,10.0,1.41742e-08,-1.4331e-07,-2.5731e-05,0.236929,0.134627,1.75989,0
9,22,8,10.0,-7.55612e-09,-1.68585e-07,-2.65204e-05,0.236927,0.134627,1.75988,0
10,22,8,10.0,-3.68717e-08,-2.0468e-07,-2.71917e-05,0.236926,0.134627,1.75987,0
11,22,8,10.0,-3.8504e-08,-2.08972e-07,-2.77291e-05,0.236926,0.134627,1.75987,0
12,22,8,10.0,-3.19611e-08,-2.09066e-07,-2.81049e-05,0.236925,0.134627,1.75987,0
13,22,8,10.0,-6.60937e-08,-1.94653e-07,-2.83049e-05,0.236925,0.134627,1.75987,0
14,22,8,10.0,-6.14687e-08,-3.97262e-07,-2.81776e-05,0.237594,0.134653,1.7645,0
15,22,8,10.0,-7.30298e-08,-4.3371e-07,-2.77563e-05,0.237237,0.134634,1.76209,0
16,22,8,10.0,-9.18105e-08,-4.34499e-07,-2.70793e-05,0.237061,0.134625,1.76089,0
17,22,8,10.0,-9.57621e-08,-5.30585e-07,-2.61243e-05,0.238359,0.134703,1.76952,0
18,22,8,10.0,-5.48048e-08,-7.77189e-07,-2.48796e-05,0.237594,0.134653,1.7645,0
19,22,8,10.0,-7.89768e-09,-8.29586e-07,-2.32855e-05,0.237237,0.134634,1.76209,0
20,22,8,10.0,4.68304e-08,-9.37622e-07,-2.12931e-05,0.237071,0.134628,1.76093,0
21,22,8,10.0,1.04764e-07,-1.08218e-06,-1.88491e-05,0.236993,0.134626,1.76038,0
22,22,8,10.0,1.72413e-07,-1.26765e-06,-1.58838e-05,0.236957,0.134626,1.76011,0
23,22,8,10.0,2.51517e-07,-1.52584e-06,-1.23164e-05,0.23694,0.134626,1.75998,0
0,23,8,10.0,5.90131e-08,-2.59895e-07,-2.00631e-05,0.238378,0.134708,1.76959,0
1,23,8,10.0,-3.73428e-09,9.66601e-07,-1.98534e-05,0.237603,0.134655,1.76453,0
2,23,8,10.0,6.79633e-08,6.37902e-07,-2.01813e-05,0.237241,0.134635,1.7621,0
3,23,8,10.0,9.80416e-08,3.93811e-07,-2.0798e-05,0.237073,0.134628,1.76094,0
4,23,8,10.0,1.13368e-07,2.20656e-07,-2.15967e-05,0.236994,0.134626,1.76038,0
5,23,8,10.0,1.02568e-07,9.2464e-08,-2.24832e-05,0.236957,0.134626,1.76011,0
6,23,8,10.0,1.14842e-07,7.50503e-11,-2.33966e-05,0.23694,0.134626,1.75999,0
7,23,8,10.0,1.07949e-07,-7.19503e-08,-2.42838e-05,0.236932,0.134626,1.75992,0
8,23,8,10.0,9.88765e-08,-1.16479e-07,-2.51027e-05,0.236929,0.134627,1.75989,0
9,23,8,10.0,7.32564e-08,-1.50044e-07,-2.5823e-05,0.236927,0.134627,1.75988,0
10,23,8,10.0,7.07145e-08,-1.73656e-07,-2.64292e-05,0.236926,0.134627,1.75987,0
11,23,8,10.0,8.31523e-08,-1.86502e-07,-2.6903e-05,0.236926,0.134627,1.75987,0
12,23,8,10.0,7.92172e-08,-1.84775e-07,-2.72259e-05,0.236925,0.134627,1.75987,0
13,23,8,10.0,5.72242e-08,-1.72434e-07,-2.73903e-05,0.236925,0.134627,1.75987,0
14,23,8,10.0,6.62869e-08,-3.84684e-07,-2.72212e-05,0.237594,0.134653,1.7645,0
15,23,8,10.0,3.55318e-08,-3.8881e-07,-2.68092e-05,0.237237,0.134634,1.76209,0
16,23,8,10.0,1.38165e-08,-4.1858e-07,-2.61521e-05,0.237061,0.134625,1.76089,0
17,23,8,10.0,-5.02919e-09,-4.9859e-07,-2.52223e-05,0.238359,0.134703,1.76952,0
18,23,8,10.0,2.0112e-08,-7.16162e-07,-2.39999e-05,0.237594,0.134653,1.7645,0
19,23,8,10.0,6.52876e-08,-7.86883e-07,-2.24092e-05,0.237237,0.134634,1.76209,0
20,23,8,10.0,1.09513e-07,-8.89407e-07,-2.04273e-05,0.237071,0.134628,1.76093,0
21,23,8,10.0,1.54276e-07,-1.02506e-06,-1.80148e-05,0.236993,0.134626,1.76038,0
22,23,8,10.0,1.98161e-07,-1.21082e-06,-1.51213e-05,0.236957,0.134626,1.76011,0
23,23,8,10.0,2.55701e-07,-1.44261e-06,-1.16802e-05,0.23694,0.134626,1.75998,0
